BMLVN	16	x2
metabolism	0.9970000
mutations	0.0010000
catastrofic	0.0010000
minWeight	0.1
start biomas	2.0	_
env.size	25000.0
feedSourceH	8000
4000
2000
0F00
0010
feed port max	75000.0
timeQuant	0.01

key	suscepBits	activeBits	maxsize	popBiomas	currincome	currloss
8000:0000	32768	0	1	12014.620415935202	735.3325805664062	318.94811685703064	
4000:0000	16384	0	1	14401.43031666193	602.967041015625	313.809618012339	
2000:0000	8192	0	1	19722.876387549906	90.20478820800781	312.4505647089643	
0F00:0000	3840	0	1	25000.0	681.84375	58.20233664826433	
0010:0000	16	0	1	25000.0	374.74053955078125	0.0	
FFFF:FFFF	65535	65535	1	652.9435936872999	4.02022806024865	2.1257367308347144	
FFFF:FFDF	65535	65503	1	650.2889955768231	4.0030932298046045	2.108456421392027	
FFBF:FFFF	65471	65535	1	606.1125938686902	3.7315781425513395	1.8292811827028894	
FFFF:FFFE	65535	65534	1	651.4855194588524	4.011221998293843	2.1162327459459997	
FFFE:FFFF	65534	65535	1	613.8826269487507	3.7794762694857718	1.878482525961092	
FFEF:FFFF	65519	65535	1	648.5555785134501	3.993180393158188	2.096665869132528	
FBFF:FFFF	64511	65535	1	531.1631522617	3.2695549104448687	1.3829994281902622	
FFFF:FBFF	65535	64511	1	649.7410027631025	3.990984967931461	2.1050203097396123	
FFFD:FFFF	65533	65535	1	645.3879716477237	3.9736588032598292	2.0766525652296597	
FDFF:FFFF	65023	65535	1	654.5646466057982	4.0301497765776855	2.119217032997465	
DFFF:FFFF	57343	65535	1	757.9083536734544	4.665509876963441	2.4551348331500025	
FFFF:FFBF	65535	65471	1	650.9760262357636	4.00672571256362	2.1129298760985207	
FFFF:FDFF	65535	65023	1	643.1722431961106	3.9496130125533924	2.0625531096874425	
F7FF:FFFF	63487	65535	1	678.7465688528728	4.178927808531608	2.2169891503041703	
FFFF:FFF7	65535	65527	1	648.8337068805134	3.9946957421319644	2.0990038851888624	
FFFF:FFFB	65535	65531	1	633.0321324256153	3.8974178327993485	1.9977965171165544	
FFFF:DFFF	65535	57343	1	420.88232981593774	2.153932037308616	0.883843401857567	
FFFB:FFFF	65531	65535	1	653.9937964683711	4.026700448723153	2.1324660951283163	
FFFF:FF7F	65535	65407	1	650.7468639172466	4.003396745172692	2.11145607609162	
FFDF:FFFF	65503	65535	1	650.1660861470881	4.003106005771508	2.1068214640532297	
FFFF:BFFF	65535	49151	1	358.4659927644262	1.7072268015157395	0.6413968510612337	
EFFF:FFFF	61439	65535	1	696.0786770824943	4.285464904413794	2.259541946601888	
7FFF:FFFF	32767	65535	1	1077.3340814572819	6.630565150243527	3.5022098560387995	
FFFB:FFDF	65531	65503	1	652.5609735311727	4.017093321416253	2.1231190234279853	
FFFF:FBFD	65535	64509	1	641.2641479547349	3.938819830941862	2.050334023733042	
FFFF:FFEF	65535	65519	1	654.5562509971791	4.029854765229893	2.1362765965414847	
FFF7:FFDF	65527	65503	1	641.660307752198	3.949919592516756	2.0524987690173613	
FFFF:FEFF	65535	65279	1	638.2070076753625	3.9230658666410405	2.030720208328889	
FFFF:7FFF	65535	32767	1	884.3963159283662	6.4016331859667455	3.9031205739970622	
FF7F:FFFF	65407	65535	1	644.698859397191	3.9693937715404592	2.067970470650656	
7BFF:FFFF	31743	65535	1	1108.9422059794585	6.82482775748918	3.604575326572468	
FFFF:FFDD	65535	65501	1	649.1898488334349	3.9962768187075897	2.1013195997069474	
EBFF:FFFF	60415	65535	1	707.8459577379831	4.357819330290836	2.29682941659333	
FFBF:FFDF	65471	65503	1	647.6044749932722	3.986541500939079	2.08889621688628	
FDFF:FFF7	65023	65527	1	611.922817068231	3.7671447090396133	1.8515697611342563	
FFBB:FFFF	65467	65535	1	649.2596610744595	3.9975127381916784	2.0994765155486412	
FFFF:FFCF	65535	65487	1	622.353004557961	3.8306461916308683	1.9308290937901755	
FFFF:FBDF	65535	64479	1	621.0610144135617	3.8139223485043146	1.9229177352337288	
F77F:FFFF	63359	65535	1	673.1771647326399	4.144586378998378	2.176005453596184	
FFEF:FFDF	65519	65503	1	649.5411055508209	3.9984823070212765	2.1030640013180504	
F7FE:FFFF	63486	65535	1	650.0064130185408	4.001810718625267	2.032808728620186	
FFEF:FBFF	65519	64511	1	649.3337471004626	3.988478567783541	2.101842072801857	
DFFD:FFFF	57341	65535	1	756.4547138724578	4.656555659217896	2.445618827919147	
FFFF:FFFD	65535	65533	1	653.3387962381254	4.022620403742525	2.1283168894484907	
FFFF:FFFA	65535	65530	1	650.8247384275217	4.007060765689574	2.111933462015816	
CFFF:FFFF	53247	65535	1	814.9878555947664	5.016324663655347	2.6280201209023417	
FDFF:FFDF	65023	65503	1	582.881221698538	3.5876506876760463	1.6796686579860851	
FFFF:FEF7	65535	65271	1	628.6986987113199	3.864362986054521	1.9705362583668358	
FCFF:FFFF	64767	65535	1	658.8598795429447	4.056583192131346	2.137805868126339	
DF7F:FFFF	57215	65535	1	745.644016543941	4.589943895012795	2.370540602617613	
FFFF:EFFF	65535	61439	1	626.1289913100788	3.7828389592294016	1.9550701575794682	
F7FF:BFFF	63487	49151	1	360.9343328233042	1.718917648755882	0.6275781358039391	
FFBF:EFFF	65471	61439	1	630.5888341865848	3.8098073093849996	1.9810445040480296	
FFFF:FFD7	65535	65495	1	651.6273215070852	4.01113872941988	2.117165023118406	
FDFF:FFEF	65023	65519	1	653.4477964852622	4.0229539327548975	2.1119787243720722	
F7FF:FFDF	63487	65503	1	672.6041404816972	4.140274505506594	2.1769665875076925	
FFFF:FFDE	65535	65502	1	651.9665240893845	4.013411438747607	2.1193729660776652	
FFFD:7FFF	65533	32767	1	881.854245164167	6.383182851480037	3.880508730529098	
FDFF:FFFB	65023	65531	1	651.7943081025965	4.012986614577852	2.101278388688581	
FBFF:BFFF	64511	49151	1	326.31926064874074	1.553932645142572	0.5228709485296887	
BFFF:FDFF	49151	65023	1	897.3162462560578	5.507610325886443	2.8759678903221735	
FFFE:FFDF	65534	65503	1	653.1669833770932	4.020828116135655	2.1271688216845726	
FFFD:FFFE	65533	65534	1	652.0192718471981	4.014511480686826	2.119642033260262	
FBBF:FFFF	64447	65535	1	662.4051321306706	4.078392218768318	2.1504887657227045	
DEFF:FFFF	57087	65535	1	759.5463145397201	4.675552029247463	2.453604858281784	
FFFF:FFF6	65535	65526	1	629.0968210286792	3.8730351525144355	1.9729832211604967	
FBFF:FDFF	64511	65023	1	653.8202883470682	4.014931910389545	2.0972796577787145	
FBFF:FFF7	64511	65527	1	659.6825089157161	4.06141704921315	2.1350360950009932	
EFFD:FFFF	61437	65535	1	694.7955111865676	4.277557693815172	2.2511252803969097	
EDFF:FFFF	60927	65535	1	699.1597331990058	4.3043746622438634	2.2602598091953583	
FFFF:FDFD	65535	65021	1	632.3864042316745	3.883267219710299	1.9938103102958311	
FBFF:FFFB	64511	65531	1	664.3558389832198	4.090333520180539	2.1654592219408793	
FFF7:FBFF	65527	64511	1	648.6673515059596	3.9843820130757095	2.0977936451368415	
FFAF:FFFF	65455	65535	1	649.7085102941443	4.000277517349378	2.1019795111589503	
DFFF:FFDF	57343	65503	1	757.6129183749607	4.662790552635786	2.4532270399176372	
FFFF:DFF7	65535	57335	1	430.6772531457529	2.203980576883286	0.9255260742967668	
7DFF:FFFF	32255	65535	1	1083.5114642902377	6.668445744968918	3.4924775972123254	
FBFF:FEFF	64511	65279	1	658.7097302207096	4.049090279278431	2.1287891603622158	
FBFF:F7FF	64511	63487	1	640.7508406433539	3.900661815431719	2.0144116637931178	
FFFF:F7FE	65535	63486	1	636.391747412329	3.8742098423031974	2.0195137524879505	
FFBF:FFBF	65471	65471	1	652.3658888176712	4.015271501214909	2.1197914511492315	
FFBF:FBFF	65471	64511	1	644.3113987777982	3.9575894578493513	2.0677811920629834	
FFBE:FFFF	65470	65535	1	638.9710939704	3.9340998447832813	2.033414793807488	
FBF7:FFFF	64503	65535	1	662.3583670652569	4.078112093904678	2.1521572598185417	
FBFF:FFBF	64511	65471	1	650.5865445844005	4.004187285584699	2.0764510147438493	
FFFE:FFFB	65534	65531	1	647.2271425134155	3.9849066010431384	2.088565824195977	
FFBF:FEFF	65471	65279	1	647.418553205308	3.9797410574543814	2.087745973910076	
FFFF:BFDF	65535	49119	1	359.75367384711546	1.7132522972381312	0.6460202520000224	
FFFD:DFFF	65533	57343	1	440.90327961861294	2.2565110694739228	0.9700389552772907	
DBFF:FFFF	56319	65535	1	774.1222792454801	4.765209836938472	2.5147211263754645	
F7FF:EFFF	63487	61439	1	651.8172053672139	3.9379227931719814	2.0449678193714345	
7FFF:FFDF	32767	65503	1	1073.5401246946965	6.605943710696577	3.477564484406534	
FDFF:FFBF	65023	65471	1	655.3621333271346	4.0336805006441265	2.124408889491993	
FFFF:FBBF	65535	64447	1	639.5364192697552	3.926946945368083	2.0392886138520177	
FFFD:FDFF	65533	65023	1	646.4435656238313	3.9697228364797583	2.083567815855494	
FFBF:7FFF	65471	32767	1	882.1942696703409	6.3856384202090215	3.8796449399082773	
E7FF:FFFF	59391	65535	1	466.3071158722109	2.8694707517066984	0.9750179288157137	
FFBF:F7FF	65471	63487	1	589.1521138084653	3.5863173476640378	1.7284831739566096	
FFFF:FDF7	65535	65015	1	645.8061121310005	3.965608739596354	2.079519552247452	
FFFF:F7FB	65535	63483	1	637.6775403599981	3.881985277975075	2.027701125478287	
7FFF:FFF7	32767	65527	1	1079.3821507271857	6.642841374141007	3.5155685980590894	
FFFE:FDFF	65534	65023	1	644.6550384834364	3.9587282025043	2.0720628146115985	
FF7E:FFFF	65406	65535	1	505.6236677314363	3.1122492760602576	1.2707821431980448	
FDFF:FDFF	65023	65023	1	651.659515652813	4.001649492512645	2.100440475926077	
FEFF:FF7F	65279	65407	1	649.1550165044453	3.993554888274829	2.0920032448120476	
FFFF:F9FF	65535	63999	1	647.4795930707843	3.9670920123342412	2.0904595856682247	
FFFF:FF77	65535	65399	1	586.5474227405483	3.6078498702908606	1.7146502194897695	
FFFF:FF7B	65535	65403	1	649.3183532954232	3.994511582159042	2.102176648456602	
FFEF:FFBF	65519	65471	1	554.078425494804	3.409710698672037	1.5293336842608136	
FDFF:FEFF	65023	65279	1	472.13282799793944	2.9011498506724336	1.1012359323521552	
FFEF:FDFF	65519	65023	1	605.4252300146168	3.717566266277933	1.826626663090034	
FFFF:FFBB	65535	65467	1	647.8153644208854	3.9871638142726664	2.092418024119236	
FFEF:FFFE	65519	65534	1	649.2271589367637	3.9973004905517318	2.1010200670974073	
FF7F:FFDF	65407	65503	1	602.9798578886674	3.711544483686191	1.8084865286679548	
FFFF:FFF3	65535	65523	1	640.3843603110261	3.9425337933835287	2.0445756469322514	
FFFF:FBFE	65535	64510	1	627.7396268331053	3.855680567382258	1.9645797490341628	
7FFF:FFFE	32767	65534	1	1077.3252397958634	6.630479244365019	3.50215293277672	
FEFF:FFDF	65279	65503	1	653.217423168574	4.021100076686492	2.118303538433292	
FFFF:F5FF	65535	62975	1	565.1329927368205	3.431873952358532	1.5918605689259246	
FFBF:BFFF	65471	49151	1	364.38751516702223	1.7354588388252719	0.6621130340212342	
5FFF:FFFF	24575	65535	1	1451.0883084255129	8.9261040235868	4.7271449843971585	
FFDF:FDFF	65503	65023	1	646.4585678414252	3.969812455930337	2.082911400120346	
FFFF:FDFB	65535	65019	1	647.7498013299883	3.9776670955759585	2.092082560130116	
BFFE:FFFF	49150	65535	1	908.8672427242307	5.5931260013922515	2.950345537792406	
F5FF:FFFF	62975	65535	1	680.0695654653347	4.187007906532715	2.2072848478962372	
FFF7:FDFF	65527	65023	1	611.0145998737789	3.751926982649291	1.8608224456799953	
DFBF:FFFF	57279	65535	1	752.8953357027153	4.634620716426906	2.419858246214849	
FFFE:FFF7	65534	65527	1	650.660700147236	4.005955692940482	2.1108345098673906	
FFDF:FFDF	65503	65503	1	650.8593790445914	4.006600864613597	2.1113298208513824	
FF6F:FFFF	65391	65535	1	649.1004453128512	3.9965205153162198	2.095832835249559	
D7FF:FFFF	55295	65535	1	789.5409108044345	4.859945547101461	2.5586145781059457	
FFEE:FFFF	65518	65535	1	649.7837982339626	4.000750370394324	2.1045992761991865	
FFBF:FFFB	65471	65531	1	648.8970727409971	3.9951901704203676	2.097255296825562	
FFFE:FEFF	65534	65279	1	626.4695286209133	3.850838172083946	1.9565254019385507	
FDFF:7FFF	65023	32767	1	888.7831796866179	6.433376862991481	3.910522808082467	
FBFF:FFDF	64511	65503	1	661.0584824940291	4.069315850760503	2.1439769831742646	
FFDE:FFFF	65502	65535	1	649.6240795594299	3.99976522419046	2.1032696970297913	
FFFF:FE7F	65535	65151	1	645.1896651039757	3.962806772181639	2.075527417694058	
FFFE:FFBF	65534	65471	1	647.1758944457691	3.983311516758604	2.0882466600624623	
DFFF:FBFF	57343	64511	1	750.5838770587808	4.609454504285967	2.408008006472349	
DFDF:FFFF	57311	65535	1	758.6297138984069	4.669949810428662	2.4587114855666736	
FFFF:EFFB	65535	61435	1	627.8005840702746	3.792882644381479	1.9655466818151694	
DFEF:FFFF	57327	65535	1	757.258450897912	4.661504050724612	2.450204288063546	
FF7F:FFFD	65407	65533	1	650.8171418258835	4.007060163171221	2.1074948724188483	
FFBF:DFFF	65471	57343	1	407.47244701087635	2.0852256437291183	0.8274907816111512	
FF7F:FF7F	65407	65407	1	650.6712316076331	4.002895544326085	2.1065603746071373	
FDFF:DFFF	65023	57343	1	409.49749369659094	2.0955791836270516	0.8299235169804812	
FFFF:EDFF	65535	60927	1	627.5690427635758	3.7837194537822123	1.9641736387149107	
DFFF:DFFF	57343	57343	1	516.9654232177519	2.645019868632051	1.1429099317448057	
EFFF:FBFF	61439	64511	1	690.925819042921	4.243621232206352	2.226295718252821	
FDFF:FFFD	65023	65533	1	654.962829772927	4.032560321023783	2.121802210297777	
F7FF:FFBF	63487	65471	1	672.8961243344371	4.141452342470964	2.178867679620122	
FFBF:FF7F	65471	65407	1	628.6282349016639	3.8671719727997824	1.968039775245803	
FFFB:FFFE	65531	65534	1	644.2071764283555	3.9663617182685087	2.0689845239839433	
BFFF:FFFE	49151	65534	1	905.3176682711808	5.571255002508226	2.927365996581492	
FFEF:FFFB	65519	65531	1	655.3950878565004	4.035246408749633	2.1412209439356262	
DFFF:EFFF	57343	61439	1	729.2400071205873	4.405075451827761	2.273533331254263	
F7EF:FFFF	63471	65535	1	673.215911208553	4.144841898675101	2.180357217204388	
BFFF:FFFF	49151	65535	1	809.5154873393403	4.981610661835278	2.3397393037989094	
7FFF:FFFB	32767	65531	1	1075.6841023360118	6.620262832383575	3.491473764138474	
FFF9:FFFF	65529	65535	1	629.4042655478834	3.8751428897635645	1.9747317207831732	
EFFF:FDFF	61439	65023	1	685.6447044000365	4.2101021211854635	2.1922843925764295	
BDFF:FFFF	48639	65535	1	919.110070908766	5.656003093379032	2.975756544272928	
DFFF:FF7F	57343	65407	1	756.225490761781	4.651323914754578	2.4442625468949366	
EFEF:FFFF	61423	65535	1	692.1789464272957	4.2614322173031995	2.2336380367243107	
FFED:FFFF	65517	65535	1	650.3050084931673	4.003962698679484	2.107950260567902	
FFFF:DFFE	65535	57342	1	428.6949262939693	2.1939464165532545	0.917011940975766	
FFBF:FFFE	65471	65534	1	654.0089455300556	4.0267659785686	2.1305019212467	
FFFA:FFFF	65530	65535	1	646.4632897964274	3.980286146391214	2.083500842313246	
F7FF:FBFF	63487	64511	1	665.1964781335926	4.085698929884664	2.1293093022814618	
DFF7:FFFF	57335	65535	1	758.8285197850622	4.671176470920469	2.460763166923233	
DFFF:FFFD	57343	65533	1	746.9070766077018	4.597695850332843	2.384239963892416	
EFFF:F7FF	61439	63487	1	684.3768696482944	4.166087392620421	2.184528283489758	
FFF7:FFFB	65527	65531	1	646.3202513321945	3.9793161894221516	2.08247830603331	
FFFF:FF9F	65535	65439	1	516.2636455208786	3.1761289047541457	1.3277106589253926	
DFFF:FFFE	57343	65534	1	621.2942095395196	3.8239319215098497	1.6486306982020629	
FBEF:FFFF	64495	65535	1	664.1880778519254	4.0893876840696475	2.163804492285448	
F7FD:FFFF	63485	65535	1	675.948236024506	4.161682338925579	2.1986349175810114	
DFFB:FFFF	57339	65535	1	759.7079164634374	4.676593878522661	2.4666608861219514	
FBFF:EFFF	64511	61439	1	638.0960161597263	3.8550974715852964	1.9980357565997104	
FFBD:FFFF	65469	65535	1	641.3008782536174	3.9484592645613894	2.0482691878948804	
FFEF:FF7F	65519	65407	1	651.574174683458	4.00848948075237	2.116301960772678	
FFEF:FFEF	65519	65519	1	649.5787950692287	3.999174319256802	2.103302377558605	
FFFF:EFDF	65535	61407	1	628.626904029607	3.7973467198627495	1.9707406831478032	
F7FF:FFFB	63487	65531	1	672.0863584991578	4.137791730790101	2.1736021695649326	
FFBF:FFFD	65471	65533	1	648.0002283886666	3.9897076522971626	2.0914489317930003	
FFFB:FFF7	65531	65527	1	635.3052041797042	3.9113166183217336	2.0120793573654665	
FD7F:FFDF	64895	65503	1	652.883017730493	4.0189907827008176	2.1039143675544314	
FFCF:FFFF	65487	65535	1	652.7617936224816	4.019102379626454	2.123174764027328	
FFFD:F7FF	65533	63487	1	634.2526395617414	3.8611892126257072	2.00586673297731	
FFFF:FFEE	65535	65518	1	605.3958631863251	3.7268613264061656	1.8268288283377785	
FFFF:FCFF	65535	64767	1	643.6860734081379	3.946522704912416	2.065914297513432	
FFFE:FF7F	65534	65407	1	651.8808202387604	4.010380009888213	2.118804330609993	
FDFF:FBFF	65023	64511	1	652.3131466937289	4.006732671888677	2.10476378234522	
F7FF:FDFF	63487	65023	1	667.9275894080014	4.1014684039218245	2.1468357589453766	
FFFF:F7F7	65535	63479	1	630.5133658505215	3.8382237461083477	1.9822986984109066	
FFFD:FF7F	65533	65407	1	649.1748619179838	3.9937153925817803	2.10117795109372	
FFFF:FFE7	65535	65511	1	638.8418247818761	3.9328086930973276	2.0347186100540062	
FFFB:FFFD	65531	65533	1	651.0441852993947	4.008477241337649	2.1132321732313555	
FFEB:FFFF	65515	65535	1	651.0637542994624	4.008638974929565	2.1128218322520675	
FFFF:DF7F	65535	57215	1	430.7759120997436	2.2024252361757584	0.9259620587449309	
FFEF:FFF7	65519	65527	1	612.7401421818148	3.7722428008795124	1.8710378050882528	
7BEF:FFFF	31727	65535	1	1101.7907287056355	6.780803409825231	3.5565651713814495	
7FFB:FFFF	32763	65535	1	1080.5363786632965	6.650277441343877	3.52271869223814	
FF7F:FFF7	65407	65527	1	500.8005264339832	3.0823712345951955	1.2466337791974895	
FFFF:FF6F	65535	65391	1	647.4824318826427	3.982985659628308	2.0902820187220628	
FFFF:7F7F	65535	32639	1	883.951586206245	6.4026853794393075	3.89916526067686	
FFDF:FFFB	65503	65531	1	650.0998868547352	4.002609544721323	2.1063923590735105	
FEBF:FFFF	65215	65535	1	398.51937088516104	2.45229056620774	0.7862846158022982	
BFFF:FEFF	49151	65279	1	903.4056236720791	5.550583446644324	2.915108113455317	
FFFF:FFB7	65535	65463	1	649.2471225917956	3.995872634082866	2.101698687326959	
FFFF:FD7F	65535	64895	1	645.7584797809425	3.9623180676438854	2.0792394852343583	
FFFD:FFEF	65533	65519	1	647.9957230867063	3.9894218955984186	2.0935083578533344	
DDFF:FFFF	56831	65535	1	767.1125860198745	4.72212016869913	2.492312972352028	
FFFF:DFFB	65535	57339	1	440.1986960543972	2.2528392687089625	0.9669672375287989	
EF7F:FFFF	61311	65535	1	695.5536038524524	4.2822094065754905	2.2511409239054925	
DBFF:FEFF	56319	65279	1	767.3404915834141	4.715837023263688	2.470848833207181	
FFFF:FBDD	65535	64477	1	644.3075186195261	3.956798012731419	2.069891379582907	
EFFF:FF7F	61439	65407	1	638.9807863130425	3.9303890789448794	1.9034172573299137	
FEFE:FFFF	65278	65535	1	617.745447762975	3.8032488984347763	1.8939993860828757	
F7FB:FFFF	63483	65535	1	676.5103313718587	4.165146095187673	2.202235515482318	
DFFF:FFBF	57343	65471	1	756.7058961521934	4.65650715457661	2.4473531319908233	
FFDF:FFFE	65503	65534	1	654.1160210024543	4.027432025458252	2.132555478554574	
FF7F:FFFA	65407	65530	1	626.6990331002968	3.858349005694565	1.9538715429531932	
EFFB:FFFF	61435	65535	1	691.0895937765507	4.254721412901457	2.2270564696735766	
FFDF:FFFA	65503	65530	1	647.8781979669104	3.988897372191141	2.091988665666139	
FFFF:FBF7	65535	64503	1	648.7439664647322	3.9846610053437046	2.0985524148819428	
FFF7:FF7F	65527	65407	1	647.3469362841503	3.982457442847089	2.089143102837444	
FDFF:FFFE	65023	65534	1	657.0953480122432	4.045727891404326	2.1356718775068053	
FEFF:FDFF	65279	65023	1	645.5768505400584	3.964357038497872	2.0690261848938674	
FFBF:FFF7	65471	65527	1	645.8500316645674	3.976297944686565	2.077563450222588	
FBFF:FFEF	64511	65519	1	656.2702051104376	4.040277255010167	2.112959241781827	
FFF7:FFDD	65527	65501	1	653.269830739262	4.021417549358182	2.127609905722009	
F7F7:FFFF	63479	65535	1	669.6335237172437	4.1227659867854305	2.157454737283892	
F7FE:FF7F	63486	65407	1	673.2545720727035	4.14167760050897	2.1811774529241292	
FFFF:FB9F	65535	64415	1	595.3779660079033	3.654829101974762	1.7668682178729747	
FBFF:FBFF	64511	64511	1	639.2683989826141	3.926323344381542	2.0046633788994375	
FFFB:EFFF	65531	61439	1	628.12436714017	3.7949079975906432	1.9674590536442782	
EFFF:BFFF	61439	49151	1	389.4069527701245	1.8546049245139808	0.7080498580418564	
FFFE:FBFD	65534	64509	1	621.566622393912	3.8177006767737627	1.9260205702201427	
F7FF:FFD7	63487	65495	1	671.8194001643708	4.135231473523561	2.171880762322169	
FDFF:FEFE	65023	65278	1	655.0242690526366	4.026463862153346	2.122261112728172	
FDFF:FF77	65023	65399	1	654.2797535172966	4.02488282027419	2.117400940581868	
EFFE:FFFF	61438	65535	1	690.8995030803604	4.2535504734132905	2.2259353139751976	
FDFF:EFFF	65023	61439	1	598.7774271345827	3.6173410666884918	1.7733437106773997	
7AFF:FFFF	31487	65535	1	1117.156000571455	6.875295796074148	3.629331225716689	
7EFF:FFFF	32511	65535	1	1088.9680694134697	6.7020959554420765	3.5508952682004145	
FFFF:FFED	65535	65517	1	647.6938928696653	3.9875189124206756	2.091621174261842	
7FFF:FBFF	32767	64511	1	1073.3476331926984	6.590672069642041	3.476856771991121	
EFBF:FFFF	61375	65535	1	693.5911758718092	4.27012703810007	2.2409331510637984	
FFFF:7FF7	65535	32759	1	879.1905358861036	6.364130031480868	3.8571365562949183	
EFF7:FFDF	61431	65503	1	695.1290563016358	4.278786066709781	2.25307858653661	
FDFF:FBFD	65023	64509	1	649.9183620196928	3.9919661583943244	2.0893047014670016	
FFFB:FFEF	65531	65519	1	643.0115855842621	3.958704352907857	2.0612980960404625	
FFFB:BFFF	65531	49151	1	363.4208752273178	1.7308519128651418	0.6592356201430307	
F77F:F7FF	63359	63487	1	663.5413238811378	4.0390621968234965	2.1141752976543526	
FFFB:FFBF	65531	65471	1	649.6810878475196	3.9987465912131666	2.1043858529769737	
FFDB:FFFF	65499	65535	1	627.0109700476446	3.8603893177645556	1.9590023085252692	
FFDF:EFFF	65503	61439	1	626.050324991752	3.782360547566017	1.9538093972595392	
DFFF:FFEF	57343	65519	1	753.218306755635	4.6362614163834115	2.4247875091210798	
CBFF:FFFF	52223	65535	1	832.8053187897323	5.125853216146422	2.6908649478805264	
FFFF:FDCF	65535	64975	1	648.1244900719568	3.9790030433678703	2.0945181438520972	
6FFF:FFFF	28671	65535	1	1204.4464440297095	7.411752645142728	3.8994326622906526	
FFDF:FFEF	65503	65519	1	651.7491304393789	4.012551525636977	2.117119278952778	
EFFF:EFFF	61439	61439	1	653.8938786331412	3.9496712127524845	1.9936373033831052	
FF9E:FFFF	65438	65535	1	651.9079809212442	4.013833008319617	2.1159389307255023	
EBFF:FFFB	60415	65531	1	708.1480749843095	4.3595846098500655	2.298795609831366	
FFF7:FBDF	65527	64479	1	641.2869432695873	3.938267711046186	2.050232179698913	
7BBF:FFFF	31679	65535	1	902.7585166050973	5.55542769629268	2.382823721470552	
7FEF:FFDF	32751	65503	1	1078.1952961969023	6.634591441508936	3.506324094816766	
FDBF:FFFF	64959	65535	1	656.5133487423526	4.042151171861125	2.1296745431128903	
DFFD:FF7F	57341	65407	1	629.9219279509646	3.873915533169053	1.6947783725804932	
BFFF:FFDF	49151	65503	1	899.5610801358688	5.534788691829142	2.890206726981425	
5FFF:FFDF	24575	65503	1	1446.2298952651877	8.894557410697422	4.695551896788803	
77FF:FFDF	30719	65503	1	1149.206940805817	7.070867478823822	3.738131560765198	
FFFF:FD7D	65535	64893	1	647.0731195479067	3.970351468402209	2.0877330484874257	
7BFF:FFDF	31743	65503	1	1111.615699735788	6.839974595843198	3.6220326628223227	
FF3F:FFDF	65343	65503	1	651.8863664961871	4.0129094529002485	2.1122694918138483	
FDFD:FFF7	65021	65527	1	654.2404498760626	4.027948619865323	2.117047828460249	
FF5F:FFFF	65375	65535	1	651.6438718496881	4.012196045154389	2.112031276462681	
FDDF:FFFF	64991	65535	1	657.260657592492	4.046763191563132	2.1359021803543063	
9FFF:FFFE	40959	65534	1	1120.2506404053538	6.890848898039673	3.611818244763965	
FEFD:FFFF	65277	65535	1	648.9653991598649	3.9956696155989904	2.0906819968496024	
FFEF:FFFD	65519	65533	1	647.2795341213503	3.9852724351794877	2.0884058984201035	
FFFB:FFDB	65531	65499	1	647.1233779420669	3.983496796623155	2.087807189967	
7BDF:FFFF	31711	65535	1	1104.508209450039	6.797530899900235	3.5733618506262648	
FBFF:FFDB	64511	65499	1	657.2625170170049	4.045835974903491	2.119372799550488	
7FFF:FFDB	32767	65499	1	1074.878593886952	6.614037262078513	3.4862600354394226	
DFDF:FFDF	57311	65503	1	574.460503488494	3.5347519240239356	1.4084680633701445	
FFFF:FBED	65535	64493	1	648.7218096882099	3.984381921330787	2.0984103549780357	
FFFF:EFF3	65535	61427	1	625.3177984141623	3.7777082991259903	1.9499986759682506	
FFFF:FDF6	65535	65014	1	628.8147103964149	3.8611430818799457	1.9713056041007349	
FBFF:FFAF	64511	65455	1	660.8523379218991	4.067120646928667	2.1426466018626167	
FBBB:FFFF	64443	65535	1	630.1606512559595	3.8796643700787588	1.9456879261582671	
7BF7:FFFF	31735	65535	1	1108.1502950329257	6.819951132842761	3.598630162006395	
FFF7:FF9F	65527	65439	1	576.5779798363133	3.5476501168317958	1.6565323269991827	
7DDF:FFFF	32223	65535	1	1038.4058882749503	6.390765455547234	3.2051556702402744	
EFFD:FFFE	61437	65534	1	695.7155212158247	4.283206290221419	2.257103794006563	
FFFF:E7F7	65535	59383	1	618.2494580650422	3.7021991298544887	1.906391581782146	
7FFF:EFFB	32767	61435	1	892.9350084525082	5.392991873030056	2.4060187017083967	
FFBF:EFDF	65471	61407	1	627.2646080299422	3.789099841110075	1.9601732419885718	
EFBD:FFFF	61373	65535	1	698.7002324659924	4.301608777363203	2.2740626550693777	
F5FF:FDFF	62975	65023	1	676.6017076517095	4.154635025965401	2.1848168421207452	
D5FF:FFFF	54783	65535	1	795.6155530542417	4.89726940488385	2.573743023645749	
FFAF:FBFF	65455	64511	1	642.773305860251	3.948129578160536	2.0573755162990826	
FFFF:F79F	65535	63391	1	634.5255553134292	3.860985489649556	2.007678818978995	
DFEF:FFBF	57327	65471	1	756.1521455531617	4.6530947519851384	2.4430540759268005	
FEFA:FFFF	65274	65535	1	652.2304396511549	4.015792969096571	2.1117240544935894	
7FEF:FFFF	32751	65535	1	1076.475856432962	6.625277480712525	3.495106271273006	
FDFF:EFFB	65023	61435	1	630.3921093836396	3.808495832744931	1.9659771382808413	
FFFF:FDEF	65535	65007	1	648.1352976393163	3.9798214947020845	2.094581122864942	
7DFF:FFF7	32255	65527	1	1083.7527888469708	6.669598275506596	3.4940422153259245	
FFFB:FFDE	65531	65502	1	646.8351518211387	3.981790017180286	2.085943612140551	
FFAE:FFFF	65454	65535	1	650.8977948590004	4.007607491762129	2.1096658604337324	
FBFF:FFFA	64511	65530	1	659.8011216961065	4.062243268488425	2.135804775725921	
DFEF:FFFE	57327	65534	1	755.018057620003	4.647681773978567	2.4356990320574883	
5EFF:FFFF	24319	65535	1	1460.624271074588	8.984606615882816	4.740494841052136	
FFFD:FBDD	65533	64477	1	644.8371935787178	3.960053829126835	2.07323735295697	
FFFF:FBEE	65535	64494	1	636.3762507994704	3.908497825472234	2.0191319895312896	
7FBF:FFFE	32703	65534	1	1072.5316761943632	6.6009511669931875	3.4647928453150976	
7FFB:FFFE	32763	65534	1	1075.7284585557843	6.62064833453327	3.4913830021484027	
FFFF:FF5F	65535	65375	1	611.8536270874582	3.7631520556256786	1.866121449155391	
FFBF:7FFD	65471	32765	1	882.6683069716023	6.3891678216129675	3.883830425578778	
6FFF:FFFB	28671	65531	1	1201.9632658631272	7.39631156213261	3.883347404573468	
DF7F:FFFD	57215	65533	1	754.7593576707462	4.646041217521569	2.4289706773563413	
7BFE:FFFF	31742	65535	1	1105.520842870629	6.803767861241598	3.5822255134904126	
FFFF:FCFD	65535	64765	1	645.3566182895422	3.9567346695877137	2.0766754931216793	
BFFB:FFFD	49147	65533	1	882.2074032547218	5.428992245466331	2.7793548634226144	
DFBF:FFFD	57279	65533	1	760.3412897310661	4.680434440742826	2.468056051130777	
D77F:FFFF	55167	65535	1	793.4099663892018	4.883750047622022	2.5774786350002135	
FFBF:F7FB	65471	63483	1	626.0530836834528	3.811132598812234	1.9522827765217783	
7DFF:FFFD	32255	65533	1	1093.2704742121698	6.7284477332744235	3.555789628416174	
7FF9:FFFF	32761	65535	1	1075.5033218454528	6.619293221143173	3.489722847637387	
FBFF:6FFF	64511	28671	1	958.256482436085	7.214530425946481	4.5096421252046355	
EFFB:FDFF	61435	65023	1	692.9337106072452	4.25489975938115	2.239100198563838	
FFF7:FDFD	65527	65021	1	650.5021727159807	3.9946296671513837	2.109676722811087	
F7FE:FFDF	63486	65503	1	675.2897841566526	4.156821929249331	2.1943886650019175	
5FFF:FFDB	24575	65499	1	1442.34907200529	8.8705174859054	4.6703583902028765	
FFF7:FFFF	65527	65535	1	370.5912008944775	2.280263676644835	0.6833853898351411	
DF6F:FFFF	57199	65535	1	759.0283903038179	4.672384210168927	2.4558637717859284	
7FFB:FFF7	32763	65527	1	1075.7940209370286	6.620752716785984	3.4918145357452577	
F7EF:FFBF	63471	65471	1	670.297969193492	4.125443914098525	2.1614710122003133	
5DFF:FFDF	24063	65503	1	1464.77876498092	9.008375237588858	4.726069651961205	
DFFB:EFFF	57339	61439	1	732.7601900797597	4.42635710997857	2.2954225198091405	
7FEF:FFFE	32751	65534	1	1075.7225430984115	6.620608614075735	3.490208010843519	
FBFF:FBFB	64511	64507	1	648.896621387885	3.9854338435523657	2.065635153765705	
6FFE:FFFF	28670	65535	1	1208.9735109090825	7.439608400051917	3.9287274844214695	
FFFF:6FFF	65535	28671	1	946.7113626457866	7.127552251160382	4.473122348635057	
7FBF:FFFF	32703	65535	1	1077.9856198052914	6.6345572621910405	3.500184064591733	
DFDF:FDDF	57311	64991	1	753.3570913914664	4.624443882318266	2.4247276191376597	
7FF3:FFFF	32755	65535	1	789.7739758018778	4.8599179467722005	1.879682671485985	
EFBB:FDFF	61371	65023	1	522.0027980937017	3.2043640276932823	1.2679591156966048	
7BF6:FFFF	31734	65535	1	1111.69210962581	6.841751697219379	3.6216081393164625	
FBFE:FFFF	64510	65535	1	657.2226157881929	4.046460638289325	2.119073213976895	
FFFF:6DFF	65535	28159	1	888.7122004843718	6.433004344747366	3.9422479050118673	
7BBF:FFBF	31679	65471	1	1109.0101092204789	6.8228658529408355	3.5983901410579486	
EDFF:EFFB	60927	61435	1	564.0977433509308	3.406729987623956	1.4703091166476552	
FFFE:FBED	65534	64493	1	645.0272294677582	3.9616656321748605	2.07449212269725	
FFEF:FBBF	65519	64447	1	634.7136672573863	3.897299349212649	2.0080713824999066	
EBBF:FFFF	60351	65535	1	706.323006587133	4.348425421915537	2.2843980244698203	
7FBF:FDFF	32703	65023	1	1072.44835581484	6.583320697654201	3.4645966330494153	
BFDF:FFFE	49119	65534	1	906.6097883397588	5.579188955841109	2.9318524731504763	
FF2F:FFFF	65327	65535	1	581.0177022520617	3.576892009630378	1.6767360440237797	
F7FE:7FFF	63486	32767	1	909.5278805986067	6.583561918881731	3.984331832776572	
FFFB:7F7F	65531	32639	1	883.6822846157033	6.400728811275059	3.896544618116145	
7BEF:FFDF	31727	65503	1	1106.979780032452	6.811440005314836	3.5902291802128428	
F3FE:FFFF	62462	65535	1	683.4087380356384	4.20751092274387	2.2103304885713495	
FFFF:6FEF	65535	28655	1	950.3054676275177	7.156128161225004	4.507279459487021	
DFFF:FFDD	57343	65501	1	760.3866165334018	4.679821740507537	2.4712597596464305	
F7F7:FFBF	63479	65471	1	608.6297683939379	3.7455310698197755	1.7815852158905614	
FFAF:7FFF	65455	32767	1	885.0305113751455	6.406220336059798	3.903730883248573	
5EFF:FF7F	24319	65407	1	1457.4237357846348	8.957702164643056	4.719921374881514	
BFF7:FBFF	49143	64511	1	897.864821086437	5.512411570190777	2.8791234734452944	
FFFF:7FEF	65535	32751	1	881.2542487089861	6.379573466329672	3.8753298104889558	
FFFD:FFED	65533	65517	1	651.4175768172679	4.010467225486616	2.115726202860515	
C7FF:FFFF	51199	65535	1	853.1944061233493	5.251137366308088	2.7581002383773963	
7FFF:FDFF	32767	65023	1	1037.218043295176	6.3669995685040375	3.2461191410770214	
FDDF:FFDF	64991	65503	1	654.3951172730762	4.028319499385468	2.1172807743147852	
FF6F:FFF7	65391	65527	1	596.8255754029623	3.6741435159814544	1.7712295455582312	
5FFF:FEFF	24575	65279	1	1439.4813328172322	8.840744519561957	4.652121038188151	
6FFF:FFDF	28671	65503	1	1206.6968528682498	7.424182536607629	3.9140731361291126	
7FFD:FFFF	32765	65535	1	1075.304481304428	6.618070236666772	3.488807065635395	
D7EF:FFFF	55279	65535	1	767.9819384067202	4.727168481026552	2.4198064215329067	
7BFE:7FFF	31742	32767	1	1361.036200969711	9.817100708303155	5.402721100152048	
5FEF:FFFF	24559	65535	1	1440.338531584473	8.860028815181114	4.654581568238945	
FFCF:FFDF	65487	65503	1	647.2918895858259	3.984614821574674	2.087666592607335	
FEFF:FDFB	65279	65019	1	644.7513300193297	3.9591967648206854	2.0637274097901805	
FBFF:6FEF	64511	28655	1	963.085987177301	7.252457008274328	4.555389525988655	
6FEF:FFFF	28655	65535	1	1210.9984591643827	7.4520638289486385	3.940135176314707	
FF7F:7F7F	65407	32639	1	883.926694031468	6.402435453480431	3.890802674798123	
7FDF:FFFF	32735	65535	1	1077.7190152162443	6.632930617295659	3.502434613471786	
7DDF:FBFF	32223	64511	1	1086.7210491604853	6.672669953445876	3.5115011853581386	
6BFF:FFDF	27647	65503	1	1254.024347617119	7.714948284380218	4.0853607747217815	
FFDF:7FF7	65503	32759	1	877.2726003257523	6.350206657699101	3.8387555624898395	
6BEF:FFFF	27631	65535	1	1246.939373158282	7.6728263967518275	4.037210917105739	
FFF7:7FFF	65527	32767	1	870.7555980564358	6.302631861533476	3.782745107365004	
FBFF:6DFF	64511	28159	1	897.402554475805	6.49591249704798	3.955411537765472	
7BFE:7FDF	31742	32735	1	1499.0317535695644	10.809732282531453	6.554358029595864	
FFAF:FFFB	65455	65531	1	648.4325703204996	3.9923250935453365	2.093714386398975	
FFFF:7FED	65535	32749	1	881.2391837536583	6.379553128395523	3.8751963727673524	
FBEE:FFFF	64494	65535	1	662.4880573058747	4.078910085481711	2.152683701243568	
FFFB:7FFF	65531	32767	1	875.840672113187	6.339537763334833	3.827461157950241	
EFEB:FFFF	61419	65535	1	593.0221374206957	3.650413838097234	1.6384250463906138	
FBFF:FF6F	64511	65391	1	658.3596173792678	4.049825982082835	2.1264951215462697	
BFFE:F7FF	49150	63487	1	888.9310631806661	5.409250945582252	2.822950166200314	
7BFE:7FF7	31742	32759	1	1496.3855479539732	10.789147621116225	6.531201560250467	
7DFF:7FFF	32255	32767	1	1478.1817716068595	10.657967165572726	6.46915491897133	
FFBF:7FEF	65471	32751	1	875.639641044438	6.338806944439507	3.8219942018938156	
DFFF:FBDD	57343	64477	1	756.8789672450413	4.647229617288105	2.4486614177444723	
B7EF:FFBF	47087	65471	1	924.5328594872813	5.687066553190261	2.902722578886652	
FDFF:FBED	65023	64493	1	651.0621525828288	3.9987032820877384	2.096684289133802	
7BFC:7FDF	31740	32735	1	1497.1619577275508	10.796320574536242	6.53763327104899	
F7FF:6FFF	63487	28671	1	979.606706887949	7.3754583484511125	4.622963443334087	
7BFE:7FD7	31742	32727	1	1504.2420763687371	10.847597452484154	6.60002892804674	
7FF9:7FFF	32761	32767	1	1454.316066874173	10.486629587467082	6.350759493470416	
7EFF:FFDF	32511	65503	1	1082.0931940729347	6.658499994001489	3.50614436688896	
BFFF:FEFB	49151	65275	1	904.22571824482	5.55550148451728	2.920413911859254	
DFFF:FF5F	57343	65375	1	755.0052843776853	4.64292291932908	2.4363748937596865	
7FF9:7FBF	32761	32703	1	1462.4976928614171	10.549791692463744	6.422512531566457	
FFBF:FFFA	65471	65530	1	645.9942427496266	3.9772799852049783	2.0784925724926544	
FFEF:FFDB	65519	65499	1	647.296828429398	3.984564479661097	2.0885252939857137	
FDFE:7FFF	65022	32767	1	887.6398417539805	6.425078414999949	3.9003697637121193	
FFFD:7FEF	65533	32751	1	880.0179885588732	6.370599535933743	3.864301558749093	
7BFF:7FD7	31743	32727	1	1501.2428324946222	10.826083501146206	6.573913687753814	
BFFF:FFEF	49151	65519	1	904.6361840177067	5.566657321929062	2.9229589378924326	
6FFF:F7FB	28671	63483	1	1135.1788227877933	6.90780027157054	3.4647616084202153	
FFFF:FBF5	65535	64501	1	647.1683878171106	3.9749320922413562	2.0883493925648815	
F7FF:7FFB	63487	32763	1	914.0008649773716	6.616201795204072	4.023827932270489	
F7FF:FFBB	63487	65467	1	656.349682129035	4.0394273906182026	2.0728096589595064	
6BFF:FFFF	27647	65535	1	1193.891626040495	7.346441871813179	3.7023426816281946	
FD7F:7FDF	64895	32735	1	888.6849697610173	6.43385231711097	3.9014731685756057	
FBFF:F9FF	64511	63999	1	653.5292893541413	4.003920957691679	2.095398343527056	
FBF7:6FEF	64503	28655	1	961.7819876732875	7.242605233410729	4.542440514494081	
5FFF:FEFE	24575	65278	1	1443.3543019267952	8.864471796739362	4.6772234337795595	
FFEF:FBFE	65519	64510	1	648.346663779324	3.9823908679204867	2.0954427807870717	
FFAF:7FEF	65455	32751	1	856.7357976342627	6.201591766743522	3.6572371700044752	
7BFF:7FFF	31743	32767	1	1498.9432161171296	10.80700337360121	6.553735025822265	
7BFF:7FDF	31743	32735	1	1501.0242265679847	10.824023870580987	6.571989059938372	
7BCF:FFFF	31695	65535	1	1109.9625044272066	6.831099356572489	3.607194058787044	
7BFC:6FDF	31740	28639	1	1610.3422069493313	12.082257097514628	7.5681328240860255	
FFF7:7F9F	65527	32671	1	884.0388940710957	6.402911854523351	3.8994530071581734	
7BFF:7FBF	31743	32703	1	1499.0763872385396	10.812544938673303	6.554969349626038	
7BFD:7FDF	31741	32735	1	1503.3924359293148	10.841010992097205	6.59237132636703	
FD7F:FF9F	64895	65439	1	644.9723092245064	3.968883909862856	2.0531433159580152	
DFFB:FFDF	57339	65503	1	174.0931593302201	1.0701260163306063	0.12913447323470476	
FFFF:FFBE	65535	65470	1	1.227512673599622	0.00753915959860506	7.480045192145042E-6	
BFB7:FBFF	49079	64511	1	1.0516558446373927	0.006445871995056188	3.9278233984053945E-6	
7BFE:FFDF	31742	65503	1	1.1311741337097732	0.006948524877771736	3.7371354428289947E-6	
FBF7:6F6F	64503	28527	1	2.861040110210869	0.021490337875219624	3.987141029169384E-5	
DBEF:FFBF	56303	65471	1	1.5528306496554503	0.009537252907440018	1.0075845172226202E-5	
DFFF:FFE7	57343	65511	1	4.143960608807253	0.025457356519967944	7.310595914800325E-5	
FFFB:EFDF	65531	61407	1	1.4792893882832616	0.0089168529375024	1.086507077109855E-5	
AFEF:FFFF	45039	65535	1	1.1309255569086836	0.006948344705247583	4.159041936750913E-6	
FD5F:FFDF	64863	65503	1	1.4460810913289677	0.008882954596946494	1.0272882959462844E-5	
7BF8:6FDF	31736	28639	1	2.1508160910808325	0.016136214481636213	1.3471866773536755E-5	
F7F7:FBFF	63479	64511	1	1.8780511982250556	0.011511124220041758	1.689836023103721E-5	
7FEE:FFFF	32750	65535	1	1.4382180364212662	0.008836338549918336	6.216045785084162E-6	
DDFE:7FFF	56830	32767	1	1.752027223461759	0.012637289433432295	1.2921301985948215E-5	
FFBE:FFBF	65470	65471	1	1.080448814005706	0.006635947070555838	5.789080840628248E-6	
7BFE:3FDF	31742	16351	1	2.2552746610659913	0.01537112138475881	1.4835221696778795E-5	
7BDF:7FFF	31711	32767	1	2.0428470002452284	0.014734937681533456	1.2154592113812904E-5	
FFF7:3FFF	65527	16383	1	2.0481597384443186	0.013942960550031839	2.0794603517206738E-5	
3BFF:7FD7	15359	32727	1	1.2669267299512912	0.009140348732732081	2.2011619227250525E-6	
FFDD:7FF7	65501	32759	1	1.5080243299296499	0.010877783953142657	1.1260382960159524E-5	
7BFE:5FF7	31742	24567	1	2.957089735006342	0.017655262718235257	2.5548181035495233E-5	
FFEF:FFDE	65519	65502	1	1.2978418749772485	0.007972310512028673	8.359600520112116E-6	
2FFE:FFFF	12286	65535	1	1.8058468630060553	0.011095006185630092	3.6893375265536863E-6	
FFFE:FBFB	65534	64507	1	1.5238464420676652	0.00933988790314464	1.1527625699807231E-5	
FF7B:FFF7	65403	65527	1	1.2477571341489193	0.0076657841464797365	7.712356586524168E-6	
DFFF:FB7F	57343	64383	1	1.39743647285512	0.008558473183171844	8.313728554403538E-6	
7BEF:FBDF	31727	64479	1	4.452028718732152	0.02728281234456058	5.786725964971494E-5	
FFFA:EFFF	65530	61439	1	1.3160589893250827	0.00793418650044321	8.599415413298599E-6	
F7FB:6FFF	63483	28671	1	1.6505020224251068	0.012378286154822279	1.3016549664619122E-5	
7FFF:FFEF	32767	65519	1	1.2571947562039456	0.007723535438736988	4.751920799606783E-6	
DFEB:FFFF	57323	65535	1	2.27950854419099	0.01400525966597394	2.211279785990587E-5	
FBFF:FFDA	64511	65498	1	2.2264796874638706	0.013676452948758858	2.4215574103391343E-5	
5AFF:FFFF	23295	65535	1	1.5248211897361132	0.00936841391165289	4.954968618148445E-6	
F7BE:FFFF	63422	65535	1	1.5513333903161863	0.009531342994830265	1.1519054789713715E-5	
DFF7:FF7F	57335	65407	1	1.6990369514675576	0.010430237500780823	1.2287519259908911E-5	
FFEF:FEEF	65519	65263	1	1.1293106344568242	0.006926703034681968	6.3296005046787695E-6	
FDFD:FFFF	65021	65535	1	1.2205690158158493	0.0074991266417721945	7.336540915025019E-6	
DFDB:FFFF	57307	65535	1	1.474886183087093	0.009061643408358876	9.255660935430594E-6	
7FF9:7FEF	32761	32751	1	2.147544221891422	0.015491921165104248	1.3833856220708224E-5	
FFD7:FDFF	65495	65023	1	1.8026882367266142	0.011046555546104434	1.6124416313984337E-5	
FFFF:DBFD	65535	56317	1	1.1135875206095163	0.005669344897350854	6.1690161502745395E-6	
FFFB:7EFF	65531	32511	1	1.5446347137558076	0.010925732009322207	1.1821364652434566E-5	
DBFD:FEFF	56317	65279	1	2.253348079142432	0.013822177750708391	2.1223152643793896E-5	
FEFE:BFFF	65278	49151	1	1.6114250761767406	0.007663421516320817	1.2870609871832435E-5	
FFFF:EDF6	65535	60918	1	2.0932649015485505	0.012593120311981525	2.1757700179538652E-5	
BFFB:FDFD	49147	65021	1	1.4284019669687906	0.00875286894547319	7.262285008797965E-6	
FFAF:FF7B	65455	65403	1	1.3163702458259814	0.008080896883976963	8.59127565575368E-6	
7AF7:FFFF	31479	65535	1	1.9797592964673805	0.012163557655972837	1.1355205080208133E-5	
F7AF:FFBF	63407	65471	1	1.1279480643409199	0.006927680283694504	6.088061978951302E-6	
FEFB:7FFF	65275	32767	1	2.0561956174554172	0.014831282525912383	2.0852092008782737E-5	
FFFF:FFF5	65535	65525	1	1.0268110854756447	0.00630829366217941	5.2339699539081124E-6	
FBBF:F9FF	64447	63999	1	1.301960220703005	0.007959986422127707	8.272279238515607E-6	
FFFF:FEFD	65535	65277	1	2.014499966590331	0.012356943301879177	2.0146328691487775E-5	
FFFE:FFB7	65534	65463	1	1.8772636125952578	0.011529324149017256	1.7494364842014302E-5	
F7EF:FBFF	63471	64511	1	2.064266325879781	0.012652502330636304	2.041285152460584E-5	
F5FF:FFFD	62975	65533	1	1.4803995571703412	0.009095425734268553	1.041482805403244E-5	
2FEF:FFFF	12271	65535	1	1.4528765784906144	0.008926376050441226	2.3855307097510664E-6	
FBFF:6DDF	64511	28127	1	1.1997303328456943	0.008639025089830726	7.0161700608557244E-6	
EFEE:FFFF	61422	65535	1	2.0010186300727533	0.012294217607526938	1.858858317582779E-5	
DF7F:FFEF	57215	65519	1	2.1714733796039427	0.013340448951033526	2.002640272905577E-5	
7DDF:7FFF	32223	32767	1	1.5862377167755815	0.011441426889667228	7.4376452656128605E-6	
BFFB:BFFD	49147	49149	1	1.2335092745486813	0.005866135542122594	5.430639716736014E-6	
BFFF:FCFD	49151	64765	1	1.038601156764914	0.006354187146159876	3.839830249796734E-6	
F7FE:5FFF	63486	24575	1	1.0224234354117068	0.006103869731170687	5.010451620894004E-6	
7BFF:7FFB	31743	32763	1	1.667879671697563	0.0120306211332287	8.107508375033351E-6	
FDF9:FFFF	65017	65535	1	1.5195061694044372	0.009335798095312488	1.1369623673036874E-5	
FFFB:FDDB	65531	64987	1	2.1713292645162108	0.013302739072431968	2.3404186038549896E-5	
DFED:FFFE	57325	65534	1	1.7464620688931143	0.010730155853540488	1.298053273351579E-5	
5FFF:DFDB	24575	57307	1	1.864378886481866	0.009523424599108527	7.798965685060964E-6	
DFFF:FDFF	57343	65023	1	2.164164404388607	0.013261621267374157	1.9939348349052766E-5	
5FEF:FFFE	24559	65534	1	2.113186128300751	0.012983251022738687	9.992930224693005E-6	
75DF:FBFF	30175	64511	1	1.7741761980470239	0.010874399922581423	8.739933739011118E-6	
7BFE:5FDF	31742	24543	1	2.0992553853213183	0.012536664825756858	1.2875363669202648E-5	
FFBB:F7FF	65467	63487	1	1.9466067815173431	0.011825404174240892	1.8793132821679265E-5	
EFDF:FBFF	61407	64511	1	2.156908780568173	0.013220337113376378	2.159552231426036E-5	
F57F:FFDF	62847	65503	1	2.0737676815820976	0.012738728354213505	2.0393184460096438E-5	
EF7F:FFBF	61311	65471	1	1.1344493305650825	0.006967609063599621	5.96324917404383E-6	
FFBF:EF9F	65471	61343	1	1.9387704935133443	0.011683358961596458	1.8645079258124622E-5	
FBBF:FFBF	64447	65471	1	2.0459142434657265	0.012565742092316192	2.042595319267824E-5	
FBBF:FFEF	64447	65519	1	1.9686693621206437	0.01209452690352245	1.8912607336805103E-5	
FBFF:EFDB	64511	61403	1	2.1447657596723144	0.012928018706350606	2.2475901617089498E-5	
6DFF:FFF7	28159	65527	1	1.7363737690847483	0.010667657093844223	7.948568358291252E-6	
6FFF:F7BB	28671	63419	1	2.1339804026168414	0.01295936408205165	1.220181933372729E-5	
FFEB:FFFD	65515	65533	1	1.1903867861955424	0.007313608277587257	7.032190735586054E-6	
FEFA:F7FF	65274	63487	1	1.7681612189009324	0.01074135888087752	1.5454241322989493E-5	
BFDB:FFFD	49115	65533	1	1.079637672377148	0.0066331639645416385	4.1432647971692845E-6	
FFEF:FDFD	65519	65021	1	1.8975149370633249	0.011627519156854085	1.787010900521876E-5	
7DDF:EFFF	32223	61439	1	1.3492396796362476	0.008134203932369386	5.3940032107800106E-6	
FFFB:E7F7	65531	59383	1	1.9329166383146352	0.0115499383097332	1.8552380037821618E-5	
EDFF:FBED	60927	64493	1	1.1926613715825922	0.007309526351876996	6.5498423781917206E-6	
BF7F:FF7F	49023	65407	1	1.9043762174189083	0.011690791518589228	1.2864137969434853E-5	
FDFA:FFFF	65018	65535	1	2.1220354972328646	0.013037757824306204	2.2174570119255677E-5	
FFBF:EF5F	65471	61279	1	2.117086758110235	0.012752745020691531	2.2232659692043576E-5	
EF6B:FFFF	61291	65535	1	1.728526716739791	0.01062001929678536	1.3839487127776671E-5	
FDFF:FDDF	65023	64991	1	1.9705673801260968	0.012073011157455264	1.9124067871332837E-5	
FBBF:FBFF	64447	64511	1	2.0716652877723423	0.012697855559504952	2.0943904293683872E-5	
FF7F:FF5F	65407	65375	1	1.5800249985258314	0.009697772665231858	1.236765197782029E-5	
FFBF:FF77	65471	65399	1	1.125350972288873	0.006908072131378783	6.280394274443002E-6	
FFFC:7FEF	65532	32751	1	2.160240867392945	0.01558357827367581	2.3115635162615684E-5	
DFFF:FF9F	57343	65439	1	1.4686987187266556	0.009018784519735005	9.182968294505662E-6	
DEFF:FFEF	57087	65519	1	1.1017209625468225	0.006768393184913721	5.141883996564978E-6	
DF7F:FBFD	57215	64509	1	1.1867489184237476	0.007273826596063511	5.981661801095516E-6	
7EBF:FFDF	32447	65503	1	1.0739331945578534	0.006596907155272669	3.4348766015998383E-6	
7BFF:5FBF	31743	24511	1	1.1573441757422993	0.006914173437716389	3.913484529845184E-6	
FDDF:FF77	64991	65399	1	1.2020309182220763	0.007378781619565599	7.112876950552196E-6	
DFFF:7FF7	57343	32759	1	2.132221598392281	0.015380310645520135	1.9313040761275976E-5	
BFEF:FFDF	49135	65503	1	2.0752381154720285	0.012747729750480274	1.5312213861555792E-5	
6FF9:7FFF	28665	32767	1	2.073482499614176	0.014955903701138803	1.1491283558025802E-5	
FFFF:FEFB	65535	65275	1	2.0876775330778954	0.012805675881175588	2.163657401235581E-5	
75FF:FFFF	30207	65535	1	1.6649416880315666	0.010229320240595504	7.702011067194799E-6	
FF6F:F7FF	65391	63487	1	2.052475489056026	0.012468550311227906	2.086707796182934E-5	
D7FE:FFFF	55294	65535	1	1.6370371238491945	0.010057896666907245	1.0956852452738333E-5	
3FFF:FDFF	16383	65023	1	1.8296501470408697	0.01121170332176728	4.887321888996747E-6	
6BFF:FFFB	27647	65531	1	2.0815838215181657	0.012788875701580523	1.1219992481690995E-5	
FFBF:7FE7	65471	32743	1	1.9145464189622108	0.013811771920908406	1.813880758693305E-5	
7BFF:7EBF	31743	32447	1	2.0821047525057255	0.014733276661925953	1.2638128131119526E-5	
DBFF:FFBF	56319	65471	1	1.9886176431096816	0.012213813410842267	1.6529676200847304E-5	
7FFB:FFDE	32763	65502	1	1.7702964197366715	0.01087446574471739	9.421299846000532E-6	
FFFD:BFEF	65533	49135	1	1.7536833816876967	0.008339822753230811	1.5309114242330038E-5	
F7EF:EFBF	63471	61375	1	1.8052384296546926	0.010880381531113259	1.5614561397731877E-5	
7DFF:5FFF	32255	24575	1	2.05951368297605	0.012295315057429644	1.2577625106424816E-5	
7BFF:7F7F	31743	32639	1	1.912859393674179	0.013806514582504767	1.0663999811734783E-5	
FFF7:FFD7	65527	65495	1	1.3710489125219738	0.008421622018264728	9.330490518024032E-6	
BFFF:FDDF	49151	64991	1	2.035124129422486	0.012468498336064253	1.4743152835815102E-5	
7FEB:FFF7	32747	65527	1	1.497306940487621	0.009198915606813594	6.736776609624619E-6	
FFFB:BFFE	65531	49150	1	1.5014281285719564	0.007140301241526779	1.1221306492163886E-5	
FFFF:FFCD	65535	65485	1	2.0497976451301065	0.012590375195774607	2.085817324378625E-5	
5FFF:FF5F	24575	65375	1	1.8295477026620435	0.011229234838934033	7.49479520731039E-6	
FFFF:BFEF	65535	49135	1	1.8435662356062603	0.008767273870528827	1.6919175451055572E-5	
5FFF:FBFF	24575	64511	1	2.043468854463891	0.012524962179620512	9.350094629326988E-6	
FFFF:F71F	65535	63263	1	1.3214759155154432	0.008017890024029296	8.670336568168777E-6	
6FFF:FF7B	28671	65403	1	2.0369547585871257	0.012504387623424354	1.1116004327160199E-5	
FBEF:FF6F	64495	65391	1	2.0372193633146822	0.012505376173239928	2.0268646567296136E-5	
7BFC:6F9F	31740	28575	1	2.055163887182425	0.015430194983356273	1.230147424744461E-5	
67FF:FFFF	26623	65535	1	2.0310350772611074	0.012478585457287337	1.0271317892435728E-5	
DFDF:EFFF	57311	61439	1	2.0237767589661195	0.012200863023105316	1.743200162407589E-5	
7DFF:FFF6	32255	65526	1	2.024763397220698	0.012439377281869956	1.2152557300613697E-5	
7DFF:FDFF	32255	65023	1	2.0246309542911924	0.01240654500839401	1.2151352511375302E-5	
EDFF:FFF7	60927	65527	1	2.0124828512914004	0.012364029894587448	1.8648763482381837E-5	
FFF5:FF7F	65525	65407	1	2.0124606320607676	0.012354351649924582	2.010224760105344E-5	
F7F7:DFFF	63479	57343	1	2.0082432277039195	0.010261073306537007	1.9362041472317132E-5	
BFF7:FBFE	49143	64510	1	2.0124317432876886	0.01233470303916947	1.4413777037495395E-5	
F7FE:7FDF	63486	32735	1	2.0084267002903835	0.014489439178122109	1.9286163428605994E-5	

