BMLVN	12	x2
metabolism	0.9970000
mutations	0.0010000
catastrofic	0.0010000
minWeight	0.1
start biomas	2.0	_
env.size	25000.0
feedSourceH	FFF
0FF
00F
777
555
feed port max	50000.0
timeQuant	0.01

key	suscepBits	activeBits	maxsize	popBiomas	currincome	currloss
FFF:000	4095	0	1	10803.18181928863	252.2684326171875	266.74071296712134	
0FF:000	255	0	1	12465.435084659792	26.81195831298828	231.4601187037539	
00F:000	15	0	1	24975.075243140236	50.22644805908203	0.0	
777:000	1911	0	1	8961.999492767014	157.42385864257812	195.10618335667212	
555:000	1365	0	1	10986.548892472667	121.79351043701172	222.47034955763553	
FFF:FFF	4095	4095	1	443.475656484713	1.9475528846149484	0.4438776559105403	
FEF:FFF	4079	4095	1	426.7556739357314	1.874146303385596	0.40807441096232905	
DFF:FFF	3583	4095	1	600.2628397809273	2.635155485365481	0.6452759381053527	
FFF:FEF	4095	4079	1	357.68789380281845	1.5586650912847049	0.2888430144045789	
FBF:FFF	4031	4095	1	393.3325660517367	1.7273772140366848	0.3372357220259213	
FFF:F7F	4095	3967	1	420.7604789572432	1.7940399836655787	0.39973353883272095	
FFF:7FF	4095	2047	1	589.7866242975396	2.6660311268713617	0.7862252653546594	
FF7:FFF	4087	4095	1	461.2896850323853	2.025742463524768	0.47850114753284095	
FFF:FFE	4095	4094	1	400.9802813603641	1.7599746386468467	0.3629273093665391	
FFF:FF7	4095	4087	1	266.89369944274637	1.1705916547429212	0.16084357134222632	
FFF:FFD	4095	4093	1	463.3188319311198	2.0332430291178665	0.48446768915565536	
FFB:FFF	4091	4095	1	463.0960546646287	2.033673420011504	0.4831579399795664	
FDF:FFF	4063	4095	1	431.52799464308436	1.8950881199553609	0.4141580497107046	
FFF:FFB	4095	4091	1	472.63487558074394	2.0706758880699474	0.5041422232544119	
FFD:FFF	4093	4095	1	474.9409683733888	2.0856626614038	0.5086531113013559	
EFF:FFF	3839	4095	1	446.49984755356354	1.9606788955269574	0.39554539365082075	
FFB:FFD	4091	4093	1	464.62966074630185	2.0389903808420167	0.48636514806789294	
7FF:FFF	2047	4095	1	265.32335903860275	1.1655392021209974	0.19066079335450473	
BFF:FFF	3071	4095	1	837.0270949409266	3.671706607246412	0.8894649261539899	
FDF:FDF	4063	4063	1	447.9686235672912	1.9404038365578713	0.44633952822709083	
9FF:FFF	2559	4095	1	1290.236738249293	5.649137881785428	1.3601795465880482	
FEF:FEF	4079	4079	1	449.14732805162987	1.9570661784538415	0.45201950211646874	
FFF:FF5	4095	4085	1	298.1936208822768	1.3069747958335411	0.20076695376097986	
F7F:F7F	3967	3967	1	409.86537533941737	1.7474665684112471	0.35595944543836777	
FEE:FFF	4078	4095	1	472.886788569453	2.076638528477562	0.5009135077778921	
FEF:FF7	4079	4087	1	471.3012640889133	2.066930160552984	0.49766271524847844	
FBF:7FF	4031	2047	1	619.6647229692993	2.801054690873204	0.8381810787960766	
DFE:FFF	3582	4095	1	506.66449527454756	2.2246195129481445	0.45980756137012646	
FFF:F7D	4095	3965	1	377.4210081434419	1.6082663843207532	0.32166211262266087	
AFF:FFF	2815	4095	1	993.317451287218	4.354783462766278	1.0346750332648125	
7DF:FFF	2015	4095	1	418.05405690672615	1.8367502180973514	0.44170839904051257	
DFF:FFB	3583	4091	1	577.3334184319122	2.5286662733911	0.5969932730896387	
BFF:FF7	3071	4087	1	824.8541681593631	3.6136567249630565	0.8638864949673494	
FE7:FFF	4071	4095	1	476.3608877147987	2.0918812950468952	0.5065489844684672	
5FF:FFF	1535	4095	1	482.77395183413324	2.121114783539877	0.5154915332237393	
FBE:FFF	4030	4095	1	485.3615985906619	2.131346146551782	0.5132732623892728	
EBF:FFF	3775	4095	1	553.0043901413082	2.4279553772239577	0.5878505238187214	
DF7:FFF	3575	4095	1	584.6548305997045	2.5667104026773653	0.6095497296087289	
FFF:FDD	4095	4061	1	331.62707380115154	1.435622945118621	0.24831983446903752	
DFF:FBF	3583	4031	1	475.9708114265576	2.003841391502994	0.4061072467523796	
FDF:FEF	4063	4079	1	453.6318525635088	1.9765997786729064	0.45768301786779975	
DFF:FF7	3583	4087	1	592.3679831495085	2.597085551761351	0.6284494068062674	
DFF:FFD	3583	4093	1	395.69024215816097	1.7363671839981756	0.28064132401191544	
DEF:FFF	3567	4095	1	598.7220885032807	2.628388763367439	0.6363829768379241	
FF5:FFF	4085	4095	1	411.43240639556325	1.806877655062943	0.38040130051713206	
FFF:7FE	4095	2046	1	569.3442710391852	2.5700851858337153	0.7326628652534098	
FFF:FFC	4095	4092	1	468.7579982696845	2.05590977690332	0.49590534627314853	
FFF:FEB	4095	4075	1	404.2353491980848	1.7573127646888096	0.3688763268344305	
FBD:FFF	4029	4095	1	447.4997755980033	1.965171002247073	0.4361095798435304	
DBF:FFF	3519	4095	1	617.7959839771603	2.711980162377853	0.6593568253255423	
FFF:7FB	4095	2043	1	594.5068980442662	2.672544389856304	0.7989074189395611	
FFF:FDE	4095	4062	1	317.33474966509306	1.3738930789329955	0.22738490873825487	
DFF:FDF	3583	4063	1	553.1562696223939	2.3954512317926837	0.5481703849006581	
FBF:FFE	4031	4094	1	486.67152076985235	2.135858997524219	0.5161456514416425	
7FF:FFE	2047	4094	1	392.6384844455611	1.724156295006919	0.4176714401894766	
FBF:FFB	4031	4091	1	402.8888953669489	1.765185999187182	0.3538202768802945	
FFE:FEF	4094	4079	1	433.30039288203045	1.8880646818187599	0.42371031942110454	
EFF:F7F	3839	3967	1	465.1006670378663	1.9828662096806595	0.4293227316199771	
FFF:6FF	4095	1791	1	281.7013538802311	1.0784062710121707	0.17958044189446645	
DFB:FFF	3579	4095	1	571.610336358841	2.509508091538431	0.5839940016614449	
FEF:7FF	4079	2047	1	616.5632483278397	2.7870735592141105	0.8530376252969386	
7FF:F7F	2047	3967	1	353.3997398553387	1.5074846921315035	0.338446711248794	
FFF:F6F	4095	3951	1	256.75189387991367	1.0861926107130904	0.14891106103464694	
FFF:FE7	4095	4071	1	452.16580489470067	1.965638326296185	0.46148350279182243	
FF6:FFF	4086	4095	1	470.4429809852727	2.065917456231087	0.49757630794064367	
DFF:FEF	3583	4079	1	567.7728315830326	2.4732653130531155	0.5774452215510801	
EEF:FFF	3823	4095	1	515.0583947083065	2.2615246111336744	0.5222338087214847	
F7F:FFD	3967	4093	1	489.4317232653145	2.14768314947651	0.5073764855267451	
FFF:FF3	4095	4083	1	451.75857642723935	1.9740444211590493	0.46062801635295164	
FFD:FFB	4093	4091	1	461.98617715514143	2.0240464208044218	0.48131039174588885	
DFF:FFE	3583	4094	1	592.0259067111522	2.5975354633670094	0.6277141713977095	
BEE:FFF	3054	4095	1	761.587518747799	3.3415591531217297	0.7291202567564499	
7FB:FFF	2043	4095	1	382.63317135688203	1.6811661475402189	0.39541764257034	
EFF:FF7	3839	4087	1	461.4596470888816	2.023645196644563	0.4224801489158964	
FFB:FEF	4091	4079	1	416.863879521165	1.8164677169680477	0.3915814414950054	
FFB:FED	4091	4077	1	455.0546717838721	1.9814288988410234	0.46657524391516664	
FEB:FFF	4075	4095	1	443.3989489060245	1.947205523279404	0.43973721630644935	
FBF:FFD	4031	4093	1	293.26697374886004	1.287067929706189	0.18752848948758397	
FFF:F7E	4095	3966	1	412.04335564650336	1.755886206068133	0.3833520858727182	
FFF:FFA	4095	4090	1	438.37955347313874	1.9195572402403316	0.4337532907767654	
DDF:FFF	3551	4095	1	597.5368278656349	2.6231805978014737	0.628272433993522	
EF7:FFF	3831	4095	1	522.7562647403514	2.295301528092314	0.5400042646558166	
FBF:FF7	4031	4087	1	489.4459129262761	2.1464147146211743	0.5220498179061764	
FDF:FBF	4063	4031	1	393.32163895521364	1.656194231409608	0.3442428738612902	
BFF:FDF	3071	4063	1	738.3711169506804	3.195731773728478	0.6927649400727514	
BFF:EFF	3071	3839	1	359.16923012034863	1.3894283880297649	0.16454337183278403	
F7F:FFE	3967	4094	1	495.5255479270562	2.1746557015127044	0.5200788937145908	
FFD:FF7	4093	4087	1	311.64461391568665	1.3668773700543346	0.21910438176836278	
FFB:FDF	4091	4063	1	438.2464887570521	1.8983470350065286	0.4327871611878194	
BF7:FFF	3063	4095	1	832.9418305083107	3.6538342033419404	0.8764487465183279	
7FF:FDF	2047	4063	1	343.2346463747816	1.4874257890141154	0.31918194488537255	
FED:FFF	4077	4095	1	365.2334596361717	1.6040259737951599	0.29870646442459897	
F7F:FFB	3967	4091	1	355.3064069303875	1.556729288558696	0.26750859455312986	
EFB:FFF	3835	4095	1	531.6655128623364	2.3343888156577677	0.5596409667430053	
FFB:FF7	4091	4087	1	383.8566949612367	1.6835664880376013	0.3320331277987859	
FFF:F7B	4095	3963	1	346.5347599776187	1.4742442582559656	0.2711935549789838	
FDB:FFF	4059	4095	1	475.1278921567766	2.0864626621068667	0.5011377149997033	
BFB:FFF	3067	4095	1	808.31883833386	3.546102561635661	0.8276746564116542	
BFF:FFE	3071	4094	1	829.0527826087471	3.6347185830529902	0.8726530934815334	
CFF:FFF	3327	4095	1	309.30541430272393	1.3582089381004956	0.14683490228237284	
FFF:FB7	4095	4023	1	381.00074787583037	1.6023556602823879	0.3278139665602024	
77F:FFF	1919	4095	1	444.4982350039131	1.9529077330801732	0.4741697260514418	
EDF:FFF	3807	4095	1	493.2181025475303	2.1656882083226656	0.47521886638167626	
FFF:FEE	4095	4078	1	454.68347805312317	1.980047804480645	0.4666242475013821	
FF7:FEF	4087	4079	1	305.50645861459924	1.3312877014614777	0.20998351942129093	
FFF:FCF	4095	4047	1	418.64588160174395	1.7993023991855428	0.3956777882848536	
DF5:FFF	3573	4095	1	508.359586387382	2.2320511118247697	0.4605475458054719	
7BF:FFF	1983	4095	1	432.5097670374684	1.9002635961347962	0.4644760854976902	
FEF:FFB	4079	4091	1	269.5064993532942	1.1808469032257483	0.16282008507069184	
DFB:FFD	3579	4093	1	513.0513418742734	2.25107796989174	0.4705886097113389	
FEF:FFE	4079	4094	1	458.95957303461466	2.01434507237918	0.4719494186996896	
FEF:FBF	4079	4031	1	380.94151318159385	1.6040835591398384	0.32533093503451027	
FFE:FFB	4094	4091	1	442.87939827684215	1.9403755737108517	0.4426153544857235	
FBF:FDF	4031	4063	1	250.60351395907102	1.0855740986120277	0.13696934072425904	
F7F:FDF	3967	4063	1	461.81261076696535	2.000303214829685	0.4518303220139285	
EFF:FEF	3839	4079	1	469.9724543405785	2.0476237258418144	0.4382264033981929	
EFF:7FF	3839	2047	1	698.3221804681276	3.1565405165486067	0.9692950965315371	
FFB:FDD	4091	4061	1	420.71864138094435	1.8212203333832995	0.39888103851483636	
FFF:7DF	4095	2015	1	418.15193517004	1.7062553921961112	0.39549831458502077	
DFD:FFF	3581	4095	1	519.539197032953	2.2811043389821397	0.4830917256623874	
7FF:FFB	2047	4091	1	298.75157476548844	1.309384044558256	0.24175564140087297	
BFB:FFD	3067	4093	1	829.7882477781337	3.6375171821495353	0.8721070158176237	
D7F:FFF	3455	4095	1	583.0213305285316	2.5594540026472714	0.5636180409371032	
FFF:FBE	4095	4030	1	351.1041990722297	1.477624317675302	0.2784038550058358	
FDD:FFF	4061	4095	1	470.81551389632017	2.067537280105834	0.4925550855815009	
FFF:F77	4095	3959	1	371.35813266047575	1.581751353827415	0.3114175516277466	
DFF:F7F	3583	3967	1	515.2466871911944	2.196430600878415	0.4758063386426834	
EFF:FFB	3839	4091	1	525.5718821919484	2.302247602686572	0.5479055419575193	
B7F:F7F	2943	3967	1	785.7102958819298	3.3463972720564605	0.7147406054630135	
F7F:7FF	3967	2047	1	317.5941215294384	1.4353359828074428	0.21396433778138652	
FF7:FFD	4087	4093	1	313.5453527947883	1.376087398010029	0.22115960498582882	
EFF:FBF	3839	4031	1	417.5597117882097	1.7581114202009307	0.34611258558749153	
3FF:FFF	1023	4095	1	674.7893978754253	2.964411613640047	0.7071312058200655	
EFF:DFF	3839	3583	1	259.57041398695037	1.0119215694775678	0.13393791087828583	
FDF:FF7	4063	4087	1	466.306265612951	2.045026592790911	0.48356856926801606	
9FF:FFB	2559	4091	1	1265.4631419552766	5.528366515021015	1.3088612051603237	
9FF:FFD	2559	4093	1	1283.40388369341	5.615528643216731	1.3459393289421089	
6FF:FFF	1791	4095	1	446.89781932986796	1.9634772245758747	0.47435612579968534	
BFE:FFF	3070	4095	1	826.2479451334609	3.624551616021857	0.8664946070477729	
9FF:FBF	2559	4031	1	1072.8501328454133	4.508280951153376	0.9433746572926268	
7FF:7FF	2047	2047	1	496.3968624436607	2.2433271758632247	0.6666043153408133	
DE7:FFF	3559	4095	1	550.9054880883446	2.4186851687503927	0.5365648627323224	
DFB:FFB	3579	4091	1	579.3801988305197	2.5376126174198954	0.599968228616118	
FFD:FFE	4093	4094	1	469.8619214583227	2.062177827641941	0.4978415997528332	
FFD:F7F	4093	3967	1	399.67582927277897	1.7041644420731876	0.360406015537777	
FFF:FB5	4095	4021	1	367.4214185446685	1.5442190167143157	0.3048752261189889	
9FF:EFF	2559	3839	1	581.8782075703471	2.2501258537174773	0.27927272023354677	
FBF:FBE	4031	4030	1	405.07101852802924	1.704621736336802	0.35776766066691784	
5FF:FDF	1535	4063	1	286.1405395426451	1.2397652311996366	0.18105489748536682	
FFF:F5F	4095	3935	1	391.0616386141678	1.6492979913223849	0.34535927849586984	
FEF:7F7	4079	2039	1	604.5693663944967	2.7212773382068467	0.8202014129527552	
DEF:FDF	3567	4063	1	567.937526323414	2.459386352500956	0.5727935485538509	
8FF:FFF	2303	4095	1	1210.7572087663762	5.305112314169409	1.2316370383860122	
DEF:FBF	3567	4031	1	498.9754283099841	2.1006158832747412	0.442388315745248	
7FF:F7E	2047	3966	1	299.16462518777996	1.2753012574619134	0.24250252883909965	
3FF:F7F	1023	3967	1	605.0091761274386	2.5805705124431397	0.5687538771172451	
5FF:FFE	1535	4094	1	472.75622948684077	2.075881998897098	0.4943149700322475	
77B:FFF	1915	4095	1	397.01238986619023	1.7441960958751637	0.3774742897721771	
EF7:7FF	3831	2047	1	695.3578657289681	3.143140294662605	0.9574778707902833	
FEB:FFB	4075	4091	1	411.78617550055344	1.8041840793857427	0.37930743526672756	
DEF:7DF	3567	2015	1	539.0103312256384	2.1994172794173665	0.5176432757171581	
1FF:FFF	511	4095	1	813.9710204226144	3.576304236426954	0.864984703182111	
6DF:FFF	1759	4095	1	223.36289535580664	0.9810592732946212	0.11466096388058931	
7FF:7BF	2047	1983	1	166.13169444677686	0.650652055488819	0.07476933181928716	
FE7:FFB	4071	4091	1	469.40268164949435	2.0565091992930165	0.49187958781258656	
7FD:7FF	2045	2047	1	513.9093414768483	2.3224321334723284	0.7134653688746339	
3FF:FFE	1023	4094	1	669.1469758614728	2.937920945650655	0.6953584344903838	
3FF:77F	1023	1919	1	675.2460479036259	2.8021989766582314	0.7076529548051015	
2FF:FFF	767	4095	1	828.4323101227649	3.63923231883598	0.8792002246737002	
EFF:7FE	3839	2046	1	688.8228896961788	3.10933338879937	0.9431106577687369	
FFB:FF5	4091	4085	1	468.8321531267031	2.054689979073475	0.4952067452534596	
EFB:FFD	3835	4093	1	534.797187130726	2.3464993464553676	0.566251635428472	
F3F:7FF	3903	2047	1	676.2038942113286	3.05659903549531	0.9417833345284236	
6FF:7FF	1791	2047	1	583.9376322273338	2.6385696904676186	0.808480938600321	
F7F:FFF	3967	4095	1	490.2329425937003	2.1526888112082028	0.5090337328387324	
7FF:F6F	2047	3951	1	327.8960876202523	1.387676194725319	0.29136267861823906	
FED:7FF	4077	2047	1	383.14528075899517	1.7317450249773723	0.3290754886374153	
1FF:FFE	511	4094	1	815.2966726512913	3.5800645108580085	0.8678140884665406	
FED:FFE	4077	4094	1	471.3191130016754	2.0685604115054126	0.4972960439820389	
7FF:7FB	2047	2043	1	464.4595254511092	2.0874606090836973	0.5836289069516871	
B7F:FFF	2943	4095	1	434.68713807653	1.9084356548528445	0.21934652436103355	
E3F:7FF	3647	2047	1	761.6848585447611	3.4429193523407533	1.0492260288690005	
3FD:7FF	1021	2047	1	891.9149585940203	4.028762379639172	1.2282271581279003	
3FF:77B	1023	1915	1	672.1275714201627	2.780427895309629	0.7011662248892059	
7FF:7EE	2047	2030	1	472.8870203869393	2.0909771855095007	0.6050969246459958	
3FF:7FF	1023	2047	1	870.4456610558042	3.9319259149404884	1.1738356520838642	
77F:7FF	1919	2047	1	579.4686351433953	2.6182337162388474	0.8043667588103155	
2FF:7FF	767	2047	1	1061.8675238242563	4.795903065941602	1.4406089569464826	
1BF:FFE	447	4094	1	1011.9164638389649	4.442783876289843	1.031340523459957	
FEF:7FE	4079	2046	1	514.4932861010784	2.3224314483933433	0.5939301675525552	
37D:7FF	893	2047	1	1254.383662680886	5.660163256989259	1.7098691488548354	
FF7:7FF	4087	2047	1	605.1595025943338	2.7355246916770097	0.8247807471148256	
FBF:7F7	4031	2039	1	624.2502634369924	2.8098310070943247	0.8506758848296176	
3FD:7FD	1021	2045	1	896.7377476983952	4.043262595968818	1.2415476983522684	
6FF:5FF	1791	1535	1	536.756672322317	2.370052351793105	0.6839845073794822	
7FF:7FE	2047	2046	1	511.50529055373124	2.3084051768020584	0.7078040846211435	
37F:7FF	895	2047	1	1246.849367033033	5.6262688765710935	1.6928038528863492	
375:7FF	885	2047	1	1112.1723784570395	5.020324377503374	1.3321378664371986	
FFD:7FF	4093	2047	1	453.7011427648147	2.050763666657077	0.46482954760053485	
1FF:FBF	511	4031	1	670.1332802742986	2.8234028662812625	0.5870123510761892	
F7F:7FE	3967	2046	1	476.9394084654869	2.1528167007819468	0.48259813938926754	
AFF:7FF	2815	2047	1	1207.861387356748	5.460112646351385	1.54325139605034	
3ED:7FF	1005	2047	1	922.2186181882247	4.1653482014264025	1.2721434764531763	
1FF:7FE	511	2046	1	1065.7850693537387	4.8095184454876305	1.480604875666205	
2FF:7FD	767	2045	1	1026.926491108965	4.630063461226304	1.3475112104014257	
37D:7FD	893	2045	1	1252.2494879677442	5.640433322254173	1.7040853858537313	
1EF:7FE	495	2046	1	541.6522946442503	2.4443655773551085	0.3628677582241804	
27F:7FF	639	2047	1	1864.2866053392218	8.400485632965394	2.5598550591683638	
B7F:7FE	2943	2046	1	1176.5053689447245	5.31091508694582	1.612653984592914	
3E5:7FF	997	2047	1	942.5976645737122	4.257192929136993	1.30636917387782	
7ED:7FF	2029	2047	1	512.0924734953857	2.314199890815323	0.6990428520836474	
1DF:7FE	479	2046	1	1191.9931008572073	5.378048477376903	1.6382288682977282	
FEF:7FC	4079	2044	1	603.9568370132827	2.721473471698159	0.8185274130373374	
6FD:7FF	1789	2047	1	580.5761570250583	2.623388748193489	0.7979136177768543	
AFF:7FD	2815	2045	1	1270.8202115183303	5.734519738842843	1.7084290845432475	
1FF:7EE	511	2030	1	988.4624137220575	4.370623905600731	1.2740483291170694	
0EF:7FE	239	2046	1	1022.8964005726505	4.618604306790141	1.420810269534197	
27F:7FD	639	2045	1	1843.2263911938333	8.291446090264653	2.502830679009214	
1DF:5FE	479	1534	1	1009.3484325041621	4.445579092353972	1.1738226110431778	
1AF:7FE	431	2046	1	1351.8516628832854	6.09757264412621	1.721805168453569	
9FF:7FE	2559	2046	1	1656.558545459282	7.482824863974277	2.2783820111088504	
3EC:7FF	1004	2047	1	924.9314093051972	4.177586270271225	1.2793178905028117	
7BD:7FF	1981	2047	1	546.7512416408647	2.4705437777528907	0.7403155930345084	
3DF:7FE	991	2046	1	941.7294802921128	4.247387749911722	1.281456031748506	
2FD:7FF	765	2047	1	940.678196510616	4.249253528363769	1.1257374120585777	
1FF:7FF	511	2047	1	1057.5032546260463	4.7787081151395014	1.457654951745299	
0ED:7FE	237	2046	1	1001.5049515418705	4.521949418906895	1.354726351845831	
0E7:7FE	231	2046	1	992.5696626641316	4.481464612826358	1.29397834245373	
1DE:7FE	478	2046	1	1189.1216488786172	5.36509312538153	1.6304838923923568	
8EF:7FE	2287	2046	1	1863.0777849190017	8.415692672157133	2.5628036468905537	
3F5:7FD	1013	2045	1	900.4533263665409	4.059942135606826	1.2307971027383877	
0EF:7FA	239	2042	1	1008.1398162226269	4.526893419641934	1.380213065878199	
0EF:7FC	239	2044	1	1014.4474734222255	4.572286743916138	1.3974731328456218	
4EF:7FE	1263	2046	1	751.8581474064944	3.3920605006886957	1.0385377778377256	
375:7FD	885	2045	1	1271.268741623719	5.725846264778828	1.739356776381626	
0FF:7FE	255	2046	1	968.5819033726566	4.373429826293064	1.3425702312257937	
0EF:5FE	239	1534	1	930.0871030862255	4.099597884467742	1.1742878829140506	
0AF:7FE	175	2046	1	1654.7750677451286	7.474971517348105	2.32101842317926	
0EE:7FE	238	2046	1	944.5492146943021	4.2646703378601725	1.2138104128331575	
2EF:7FF	751	2047	1	1117.2010850720935	5.045242829960486	1.5283823008897621	
1BF:7FE	447	2046	1	1320.5696347545997	5.956870248733014	1.752163277485089	
3FF:7FD	1023	2045	1	881.6608740140222	3.9754083392216217	1.2042867045776926	
1ED:7FE	493	2046	1	1121.6277422314947	5.0611194158023665	1.5464514727696226	
0E7:7FC	231	2044	1	1010.0725085131957	4.552418239959781	1.340097813652265	
0BF:7FE	191	2046	1	1522.6583867328643	6.878057187448605	2.1101085072395023	
8EF:7FA	2287	2042	1	1841.9373188184522	8.27419972317417	2.5050200711856085	
0ED:7FC	237	2044	1	1016.1405197651912	4.579872098520847	1.3946584310782602	
0AF:7F6	175	2038	1	1600.344071489625	7.198202808866298	2.1707209989175262	
08F:7FE	143	2046	1	2055.4532184241502	9.284769001028758	2.8494232087882856	
0FF:7FF	255	2047	1	974.3115013500776	4.405342237734352	1.3584821114605887	
0AF:7FC	175	2044	1	1628.7733335640714	7.344222063020972	2.2485878633337477	
0AF:7FF	175	2047	1	1652.7516558207908	7.476065302673287	2.3153090205264064	
8EE:7FE	2286	2046	1	1870.755738739083	8.45041887189822	2.583188861633462	
0AF:5FE	175	1534	1	1501.2319256321418	6.614222492557928	1.9040861000918479	
1CE:7FE	462	2046	1	1266.3918011487392	5.713118228865731	1.7448356245495034	
0AF:7FA	175	2042	1	1602.4617358070996	7.19843448605584	2.176502789648373	
0AE:7FE	174	2046	1	1637.0596477016527	7.394868237415965	2.2786149766831696	
0A7:7FE	167	2046	1	1716.1022156416593	7.751897129269656	2.3843170084067222	
0AF:6FE	175	1790	1	840.9472959003439	3.2145908316999017	0.5994354110376819	
0AF:7EE	175	2030	1	1530.8485899334507	6.774521037120233	1.9863403268297453	
02F:7FE	47	2046	1	7040.393609609032	31.80264541967463	9.80552183036021	
0AF:7BE	175	1982	1	830.9056969874244	3.252713499955174	0.5850874794869956	
8AF:7FE	2223	2046	1	1953.5468622383662	8.82436805308827	2.691317095160084	
0AB:7FE	171	2046	1	1666.2112413644797	7.5265320524891095	2.315024483941306	
0E7:1FE	231	510	1	481.3721343180694	1.801746473303796	0.30401697430198305	
0BF:5FE	191	1534	1	1398.1468044882076	6.1603417377742185	1.7737128432132119	
0AF:1FE	175	510	1	593.7097649501147	2.2217841332411963	0.29756765612667696	
1AF:5FE	431	1534	1	1330.8590851548308	5.858378470951511	1.6665219004755405	
0AF:5FF	175	1535	1	1511.632735098914	6.6724978086948905	1.9304524702840535	
0AF:5FC	175	1532	1	1482.133134718461	6.513650171658879	1.8561305570385405	
0AB:5FE	171	1534	1	1518.9787377772655	6.692373033677054	1.917737043956653	
0AF:5DE	175	1502	1	1200.1011399228466	4.980238682691683	1.2207329168208991	
0E7:0FE	231	254	1	1694.1128397401276	9.076489177023701	3.7048518435754922	
0AF:1FA	175	506	1	603.1959964287545	2.1978001825804987	0.30724452356655463	
0EF:1FE	239	510	1	451.37906151160973	1.6895191529995393	0.27636594746925014	
0E7:1F6	231	502	1	280.830922533985	1.0300362312718605	0.10354489938489829	
0E7:0FA	231	250	1	1561.834910958548	8.099190281336895	3.1546107517641624	
067:1FE	103	510	1	1321.9123465872228	4.942693761955597	0.8229054543145021	
0BF:1FE	191	510	1	701.0568860389697	2.6231500304088864	0.44528738166250587	
0AF:1FF	175	511	1	765.9096211136133	2.8845589886272003	0.49476148287057586	
0AE:1FE	174	510	1	736.2790093141817	2.7548747656531276	0.45874936404523003	
0E7:0F6	231	246	1	1577.7459263994547	8.211540625057184	3.2157296061435847	
0E7:0FC	231	252	1	1627.6622045336296	8.580687774846671	3.4230542465368896	
4AF:1FE	1199	510	1	389.1087688199259	1.4570352158459954	0.24031032275124928	
0E7:0DE	231	222	1	538.9788055639547	2.2052183049568743	0.38001660635851214	
0F7:0FE	247	254	1	1604.067729568014	8.596760137762807	3.509024980985012	
067:0FE	103	254	1	4684.459309574932	24.63778696787396	9.770835240391145	
0A7:0FE	167	254	1	2750.109082635345	14.631853589716162	5.906552856080517	
0E7:1FC	231	508	1	439.42154910745614	1.6250553660200466	0.2533982547405993	
4E7:0FE	1255	254	1	1211.4521047278745	6.5358354920116275	2.6700979795500985	
0AF:0FE	175	254	1	2630.424699493555	14.003549187339203	5.665891839355428	
8E7:0FE	2279	254	1	3087.825912758162	16.671276438306574	6.873321137557588	
2E7:1FE	743	510	1	300.3709663106132	1.1244045791897317	0.10839067175442771	
0E7:0EE	231	238	1	1701.2248090099959	9.121999831025162	3.730967847089243	
0C7:0FE	199	254	1	2285.6350853193962	12.192006176706196	4.918418577282809	
0E7:0BE	231	190	1	591.5353894248922	2.3095522471993513	0.4582038874019819	
2E7:0FE	743	254	1	1842.5260279458857	9.919719337491605	4.05438892606117	
1E7:0FE	487	254	1	1840.2681994383852	9.892941395194146	4.0337276450018775	
0E5:0FE	229	254	1	1703.3811150641686	9.125993540922819	3.7247931555411116	
0E7:0FF	231	255	1	1736.8350823649378	9.380508879675604	3.891930836014803	
0EF:0FC	239	252	1	1569.882970455306	8.278214594019959	3.2937528137139402	
067:0FC	103	252	1	4513.190066317789	23.39700026114348	9.110000918215734	
067:0FA	103	250	1	4315.40674297868	22.04780736622069	8.367458765965148	
0E7:0FB	231	251	1	1590.7493451467005	8.317176425970468	3.2711438659518697	
0A7:0EE	167	238	1	2763.64028007777	14.707731723583507	5.949043644536491	
CE7:0FE	3303	254	1	1452.160630244734	7.840122119690359	3.2059510779791864	
8E7:0FC	2279	252	1	2961.911097931839	15.72653864356465	6.324175319148866	
067:0EE	103	238	1	4707.4926167262765	24.743227954854756	9.819374869451085	
067:0FF	103	255	1	4778.959476734494	25.314247374942422	10.14438881618694	
067:0FD	103	253	1	4553.96926688307	23.792022986186623	9.260356795633218	
067:0FB	103	251	1	4402.240296547768	22.658024952009715	8.689125161424124	
02F:7FF	47	2047	1	7056.987527311689	31.921459216742075	9.851740786625477	
077:0FF	119	255	1	3.388283016884557	0.01840603701541481	6.11111655362973E-6	
167:0EE	359	238	1	2.530080084635679	0.013648584912664555	3.5524150922367946E-6	
FEC:FFF	4076	4095	1	4.112334018182981	0.018054605967522654	3.7897545307917256E-5	
467:0EE	1127	238	1	3.656395143608252	0.01972459950224962	1.958694573728394E-5	
0C7:0BE	199	190	1	1.3727877128238752	0.00536049513537764	1.8250354327181894E-6	
FEF:FFC	4079	4092	1	4.428031028801542	0.019415936783307466	4.3983149294586997E-5	
18F:7FE	399	2046	1	3.791852452206388	0.01710473121194456	1.0096413636106538E-5	
0A7:1EE	167	494	1	1.2174276370669508	0.004389307906199516	1.1987989931360832E-6	
02F:7FC	47	2044	1	1.2208481775546294	0.005497301562997987	2.940370783014553E-7	
FE3:FFB	4067	4091	1	1.4867783277856805	0.006512149272474802	4.932178416562504E-6	
08F:7DE	143	2014	1	1.0223664343702799	0.004165864758740529	7.03615197434242E-7	
AEF:7FE	2799	2046	1	1.1613561852151157	0.005238772731961786	1.195076202136895E-6	
09F:5FE	159	1534	1	1.4285327616198085	0.006291752232402077	1.5294492272330902E-6	
467:0FA	1127	250	1	2.1081852796616007	0.010982670874705633	6.51384048772498E-6	
0FF:7DE	255	2014	1	1.3186987657664915	0.005373344714753449	2.4872321763125525E-6	
37F:3FF	895	1023	1	1.1261212218777732	0.003359721302829536	1.392374684277982E-6	
FBE:FEF	4030	4079	1	1.4058159398134287	0.006123938274792944	4.312245444699265E-6	
3AF:7FE	943	2046	1	1.7350635457694674	0.007826724366738896	3.930878192959672E-6	
0FF:0FE	255	254	1	1.3978174186004038	0.007530167005612998	2.7872602510500998E-6	
02E:7FF	46	2047	1	1.4138038389898444	0.006386289727810981	3.9872270381076657E-7	
8EE:7FA	2286	2042	1	1.6929138972905025	0.007594480934434649	2.109694109521632E-6	
ADF:7FF	2783	2047	1	1.9119032934789206	0.008636265591903084	3.222456338535197E-6	
0AB:3FE	171	1022	1	1.2391395571806487	0.0033906606499172045	1.2813715869199968E-6	
BF3:FFD	3059	4093	1	1.1670421896688328	0.005120139518735815	1.7263315190218598E-6	
0AB:57E	171	1406	1	1.3281093952452374	0.005123300471354709	1.4686891902457058E-6	
067:8EE	103	2286	1	1.3014712224817773	0.0029132869073145015	8.061608312100588E-7	
EEF:FDF	3823	4063	1	1.1936525735701942	0.005169069664655109	2.810407208861891E-6	
BEF:7FC	3055	2044	1	1.60337929399246	0.007219796318046941	3.2490931033976905E-6	
0EE:77E	238	1918	1	1.6687071111833225	0.00691724018032097	3.7864197828798316E-6	
B7F:7FC	2943	2044	1	1.4479042631409234	0.006519711439307762	2.4410779158009267E-6	
0EF:FFC	239	4092	1	1.631912478835312	0.0071555207502624445	3.6122697726203463E-6	
13F:7FE	319	2046	1	1.7994867055763095	0.008117318969158387	1.224538349448943E-6	
FFF:3FF	4095	1023	1	1.8968122361010373	0.005659053228459511	8.152486832281496E-6	
1EE:7FE	494	2046	1	2.103720029240097	0.009489705673361265	5.476306779029077E-6	
0A7:5FE	167	1534	1	1.0990374336348914	0.004840539994509016	9.754224929030994E-7	
2E7:0FA	743	250	1	1.1870867546282362	0.006184163011770278	1.687693288243967E-6	
267:0FD	615	253	1	1.761085418493412	0.009409063415809943	2.2224237631147844E-6	
067:0F7	103	247	1	1.9451578449694897	0.010260073942573646	1.7898287567580012E-6	
7EF:FBF	2031	4031	1	1.5323231558898178	0.006450370801075629	6.273512647295625E-6	
2FF:7DF	767	2015	1	1.903702095302497	0.007763301757500178	4.644741108979388E-6	
06F:0EE	111	238	1	1.4773591857780417	0.007969648602969632	1.1139251726501432E-6	
2FF:FFD	767	4093	1	1.9554655341465703	0.008579181364984067	4.897749674744907E-6	
2FF:5FD	767	1533	1	1.92100851948332	0.008455165361302976	4.72655232262084E-6	
1DF:7EE	479	2030	1	2.0658838855181743	0.009130442689607955	4.927137311744731E-6	
FFB:7FF	4091	2047	1	1.397655565523925	0.006313364444565925	4.4050895851976104E-6	
3BF:77F	959	1919	1	1.5971373534931592	0.0066257740015597975	3.4449775331117272E-6	
3FD:FFF	1021	4095	1	1.1113382500955897	0.004879133201689143	1.9108846304194805E-6	
37F:7FB	895	2043	1	1.9692991281123224	0.008846476284562924	4.245212204040052E-6	
0BF:3FE	191	1022	1	1.4423743331647862	0.0039467735700846685	1.8949510575449726E-6	
0A7:1FE	167	510	1	1.280606162725086	0.004792341253129599	1.3260877573178036E-6	
8ED:7FE	2285	2046	1	4.074554939195194	0.01837998494026321	1.2211965823570672E-5	
BDD:FFF	3037	4095	1	1.3687371472606025	0.006009197251019767	2.3378321264972386E-6	
0E7:7FA	231	2042	1	1.7199291944202606	0.0077156804229898315	3.8806637683636175E-6	
0A6:0FE	166	254	1	1.7023322085396222	0.009170609672149015	2.3432067811724985E-6	
27F:7FC	639	2044	1	1.525618560896012	0.006869644323218202	1.7311778702239079E-6	
365:7FD	869	2045	1	1.9502261817883428	0.008793638079530744	3.9712277724754164E-6	
9FD:7FE	2557	2046	1	1.4619804657715063	0.006594862863479477	1.7683367131640073E-6	
FFE:7EF	4094	2031	1	1.7042615420648624	0.007542525953559721	6.561146607692496E-6	
1FF:FFD	511	4093	1	1.4845713286971118	0.0065132313821814804	2.874847905488341E-6	
0AE:1FC	174	508	1	1.9984057881593429	0.007388931656335747	3.391627553689396E-6	
FFD:FB5	4093	4021	1	1.4817682283846159	0.006225653834631116	4.9590053241489056E-6	
0AF:7F7	175	2039	1	2.044250018343455	0.009194975919641623	3.532381729696028E-6	
066:0FE	102	254	1	2.090978755204546	0.011264277675754887	2.0785309226161833E-6	
FFF:7FD	4095	2045	1	1.9438241897676956	0.00876479184238779	8.535478321909311E-6	
0AF:7B6	175	1974	1	1.854489697200128	0.007255854440318507	2.9104315237948246E-6	
063:0FF	99	255	1	1.3391494847180994	0.007274600736223062	8.246332815557146E-7	
02F:3FF	47	1023	1	1.8647306825228442	0.005563317603263403	6.880687574857987E-7	
3DB:7FE	987	2046	1	1.084752303145602	0.004893222123806935	1.6913485353554006E-6	
8EF:6FE	2287	1790	1	1.8146376433087381	0.006931686097659755	2.4279786385487343E-6	
1BF:7FA	447	2042	1	2.031972635235253	0.00911551952708741	4.1565732885687545E-6	
EFB:EFD	3835	3837	1	2.024327569722382	0.007824609455036163	8.137193478001466E-6	
37D:3FF	893	1023	1	1.4958170387368546	0.004462690398984013	2.4517707746889855E-6	
EFF:FB7	3839	4023	1	1.903898108013114	0.00800461365146013	7.205962875503797E-6	
0ED:77E	237	1918	1	1.6884206504132078	0.006998958177196567	3.848093352280083E-6	
F6F:FFE	3951	4094	1	1.9192660881802956	0.008421346560020901	7.757631153765387E-6	
027:7FF	39	2047	1	2.022689362930014	0.00913668540068799	6.637491317712541E-7	
1DE:7BE	478	1982	1	1.6757467012069416	0.006555389475854807	3.2454919531886207E-6	
0DF:7FF	223	2047	1	1.9968100017769566	0.009019805171518762	4.95996585503844E-6	
DFF:DDF	3583	3551	1	2.0059281918807055	0.007735331226489455	7.231854101345211E-6	
57B:FFF	1403	4095	1	2.028337502417164	0.00890507345761514	7.58680836926585E-6	
F7F:FFC	3967	4092	1	1.2034996401990332	0.005277041281733684	3.072475706480959E-6	
3ED:7FE	1005	2046	1	1.8670463739985363	0.008422092166391882	5.224925399203245E-6	
0E7:0B6	231	182	1	1.982523975910079	0.00732031774189534	5.164238344195203E-6	
067:0EA	103	234	1	1.1832519772235077	0.006165321244268295	6.623945914624586E-7	
FFF:BFF	4095	3071	1	1.9980179914327776	0.005749392892215002	9.047513690635119E-6	
067:1FA	103	506	1	1.783505823777717	0.006498448144593852	1.5096510434076957E-6	
0CF:0FC	207	252	1	1.9432294393305352	0.010295860158695795	4.29579909986033E-6	
DCF:FFF	3535	4095	1	2.0070535520225827	0.008811627774151785	7.044393149130835E-6	
9FF:7EE	2559	2030	1	2.014906546967724	0.008905135377256674	3.362121460323425E-6	
8EF:7BE	2287	1982	1	1.9981910478733351	0.00781676283661003	2.9434668327179763E-6	
08F:7EE	143	2030	1	2.0149096747966544	0.008905146420458589	2.7310763724369045E-6	
DBF:FEF	3519	4079	1	2.010813580657836	0.008759399393956693	7.004864774290567E-6	
D6F:FDF	3439	4063	1	1.7563521285518235	0.007605823977955446	5.085800546221627E-6	
FEA:FFB	4074	4091	1	2.0110010789898345	0.008808276496379329	9.05443274891964E-6	
067:1FD	103	509	1	2.0059142587625876	0.007465962084853605	1.9093403087466894E-6	
067:1FB	103	507	1	2.0054777872176808	0.00735616688384587	1.9087164080781573E-6	
00F:7FF	15	2047	1	1.6418940199203016	0.00741659321902158	0.0	
FFC:FFB	4092	4091	1	2.0082858429599546	0.008796383910158453	9.104372099572068E-6	
27D:7FF	637	2047	1	2.0067672552055944	0.00906477413657282	2.9881120695450224E-6	
4A7:0EE	1191	238	1	1.2327939712035851	0.006650343489177609	2.34703857517918E-6	
6DD:FFF	1757	4095	1	2.0027572397275857	0.008792774848308479	9.142076449064393E-6	
1FF:EBF	511	3775	1	2.001403761924377	0.007431314315537846	5.232026819361461E-6	

