BMLVN	8	x2
metabolism	0.9970000
mutations	0.0010000
catastrofic	0.0010000
minWeight	0.1
start biomas	2.0	_
env.size	25000.0
feedSourceH	FF
C7
B5
23
11
feed port max	75000.0
timeQuant	0.01

key	suscepBits	activeBits	maxsize	popBiomas	currincome	currloss
FF:00	255	0	1	6746.071973709111	53.33447265625	320.0665358417508	
C7:00	199	0	1	6928.225927499144	167.1253662109375	253.85786870402632	
B5:00	181	0	1	8646.965648773994	81.302001953125	375.8188940555346	
23:00	35	0	1	18940.841740540964	553.6323852539062	344.2220169744311	
11:00	17	0	1	25000.0	596.8441162109375	34.43107629059937	
FF:FF	255	255	1	1759.1806081562102	21.910363889959406	20.014565030352774	
FF:BF	255	191	1	1332.236546719289	13.116589306027038	11.497158308151453	
FF:F7	255	247	1	1680.6996112887673	19.876757943845984	18.279202686687967	
FE:FF	254	255	1	1767.221841305894	22.010423752726723	20.13560079423924	
7F:FF	127	255	1	3470.5615723242263	43.06393884206767	39.384987355456516	
EF:FF	239	255	1	1871.4372057323399	23.303664083742557	21.353049033949794	
FF:7F	255	127	1	1582.4670033865686	18.870411067948446	16.215216586108802	
FF:EF	255	239	1	1212.185277841373	13.699842373217626	9.472121236609778	
FB:FF	251	255	1	1786.227595808099	22.24638816631448	20.360000371709287	
DF:FF	223	255	1	2022.4673545443495	25.17426651614389	23.02724164607303	
F7:FF	247	255	1	1801.5678228486297	22.437032723413363	20.508964805071162	
FF:FB	255	251	1	1698.421524842927	20.293273642243616	18.664368371877334	
FF:FE	255	254	1	1747.138983918654	21.534733975660366	19.744515053557038	
FF:F6	255	246	1	1664.5941944691076	19.49630070188788	17.931928443246697	
FF:FD	255	253	1	1727.6805430124741	21.10237645565682	19.307879945030002	
BF:FF	191	255	1	2339.4960488743645	29.099908222642288	26.54806519899038	
EF:F7	239	247	1	1783.8867481756456	21.093247696406014	19.413016246831834	
FB:BF	251	191	1	1346.4637942570462	13.256498346504037	11.587341465633271	
FB:EF	251	239	1	1625.613946409806	18.39150870601655	16.878506642779175	
FE:F7	254	247	1	1685.5983699180235	19.934528154582548	18.328625527455127	
DF:FB	223	251	1	1954.9586670723195	23.345424333381015	21.5270152855742	
FF:D7	255	215	1	1324.4369390025229	12.485058083177815	11.368008971245276	
EF:FB	239	251	1	1803.5175023083095	21.544788176729416	19.83999117706724	
7F:BF	127	191	1	2622.0635877158124	25.82406967789751	22.61753873107915	
E7:FF	231	255	1	1914.7100055142273	23.840897835555342	21.810794627788106	
DF:FE	223	254	1	1999.2619484211136	24.62734291039878	22.50369763460761	
FE:FE	254	254	1	1748.354442237526	21.548669158591697	19.708872548719125	
FE:BF	254	191	1	1319.0740779170694	12.986276189279144	11.233950960989457	
FB:FD	251	253	1	1746.4662346182179	21.330749531476705	19.465811280415586	
FE:DF	254	223	1	1401.2235027439574	14.074104487333257	12.677660505124253	
FF:F5	255	245	1	1650.4590625859742	19.17251406147218	17.629737289196672	
EF:EF	239	239	1	1699.7073531892845	19.21711661433983	17.62011731043013	
FF:F3	255	243	1	1640.2488242076881	18.993519705827016	17.41225258750079	
DB:FF	219	255	1	2053.7072814607463	25.56168678949956	23.38648025513761	
BF:F7	191	247	1	2234.3796439566563	26.395362678395525	24.23532614459155	
EE:FF	238	255	1	1871.391483769932	23.302632483901778	21.280594328849904	
EF:FD	239	253	1	1829.2369648793297	22.338071827755872	20.40322379670999	
FC:FF	252	255	1	1776.6699154619746	22.127563261217624	20.219296374145348	
9F:FF	159	255	1	2821.780902534807	35.059321486063816	31.963891731084285	
FD:FF	253	255	1	1770.5412830595747	22.051413180218265	20.143014026350066	
F7:FE	247	254	1	1784.7582327747762	21.99703376372301	20.130207428052508	
F3:FF	243	255	1	1827.8175284483607	22.762985816421885	20.8236760928043	
FD:BF	253	191	1	1321.9260861465052	13.014285291752564	11.244699500341472	
DF:F7	223	247	1	1928.3515420896947	22.7935153539621	20.947299103913192	
77:FF	119	255	1	3636.6023214743873	45.114104970606164	41.25828672398305	
DF:7F	223	127	1	1786.1302118686467	21.301939255902447	17.993117024442984	
FE:FD	254	253	1	1731.4777982978308	21.148507407079734	19.332140330945766	
FB:F7	251	247	1	1707.6944107060215	20.195434588367913	18.620200842707547	
FE:7F	254	127	1	1575.3998635054493	18.785325391124886	16.01873347978739	
7F:FD	127	253	1	3400.6001267954603	41.38983315060884	37.82797423545011	
7F:FE	127	254	1	3432.030354290861	42.148637183674985	38.52305828825371	
5F:FF	95	255	1	4715.40111658807	58.33716176060631	53.356261574726076	
F7:FD	247	253	1	1765.8935155472789	21.567846671337968	19.707893725447946	
7F:FB	127	251	1	3348.6413366551565	39.87718616306745	36.69964474925237	
F7:F7	247	247	1	1721.1048672976722	20.348477333570468	18.723749571206014	
FF:B7	255	183	1	1222.9309911170924	11.283191905170478	9.68914049830155	
7F:F7	127	247	1	3306.2019395681714	38.98313666628364	35.79115402255138	
DF:BF	223	191	1	1504.0409545438504	14.805640999646842	12.759258914943214	
FE:FB	254	251	1	1705.1348791077685	20.373375490647046	18.753926492666483	
D7:FF	215	255	1	2070.483306087865	25.769908856828696	23.508410288798153	
F7:7F	247	127	1	1587.1470522892173	18.92512074747962	15.93334755863246	
F7:BF	247	191	1	1354.5203542000775	13.335816592419397	11.61191965091928	
ED:FF	237	255	1	1879.3550193870558	23.401564444812866	21.386662900998285	
FF:76	255	118	1	1405.9284725964287	15.56400087565517	12.796048793731277	
FF:DF	255	223	1	1381.3206488191793	13.873678612140706	12.356389311900394	
CF:FF	207	255	1	2159.169319098332	26.86822102164442	24.542733168501247	
FD:F7	253	247	1	1691.2560132851106	20.001251969131904	18.390056342572542	
FF:F9	255	249	1	1667.149060461127	19.568516544015647	17.985682487095236	
FF:BE	255	190	1	1182.0857146855199	11.476299854773774	9.038965731078212	
DF:EF	223	239	1	1838.2018072521648	20.78785119722209	19.04246270661164	
FF:77	255	119	1	1479.650345841431	16.885033821508184	14.175683890665868	
7F:EF	127	239	1	3134.746578630856	35.383774769835505	32.20698033501387	
FF:E7	255	231	1	1543.3745005541284	16.924516527052752	15.422267040566439	
7B:FF	123	255	1	3565.635765824918	44.23606128967744	40.46314771584575	
F6:FF	246	255	1	1807.5853880684658	22.51178118078622	20.5808342066372	
3F:FF	63	255	1	7173.989611312305	88.23698649404332	80.2167118282601	
EF:FE	239	254	1	1844.6207812147986	22.731115303856637	20.745879922593293	
BF:BF	191	191	1	1733.915454377044	17.021267994414856	14.574499031368486	
BE:FF	190	255	1	2350.271986611242	29.23350963739944	26.68431379817848	
F9:FF	249	255	1	1795.0965629325	22.356269068941497	20.427774191891057	
AF:FF	175	255	1	2544.494814781022	31.635364268722313	28.83090559367368	
7F:7F	127	127	1	3054.933292615923	36.02506234791186	30.267765407477246	
FF:AF	255	175	1	1108.0511653612007	9.473498887589162	7.955541331402793	
EF:7F	239	127	1	1083.5395536271053	12.88727633935024	7.121771442354045	
F7:FB	247	251	1	1734.8276094759744	20.727060200559755	19.025452639336446	
FF:FA	255	250	1	1677.7469464275134	19.854768300680426	18.21325701504745	
EB:FF	235	255	1	1888.980683816411	23.52066000014233	21.447694561845775	
FB:DF	251	223	1	1361.7588959841962	13.67560158766793	11.844092602987121	
F7:DF	247	223	1	1407.0575208713824	14.131739672432447	12.526469114343072	
FF:7E	255	126	1	1508.9159332100921	17.489522764908482	14.74023566496584	
7E:FF	126	255	1	3483.3528741334676	43.221638852530276	39.43045682061739	
FB:7F	251	127	1	1556.024371643762	18.551846777541982	15.461318942653062	
FD:FD	253	253	1	1729.8416613880752	21.1266819567008	19.22813658586942	
FF:E6	255	230	1	1490.928687241707	16.005945293160387	14.39069292372057	
FF:FC	255	252	1	1707.4695261974207	20.63986779678115	18.859894256419146	
D7:FE	215	254	1	2042.8241365282827	25.161940417615494	22.88570297113403	
FF:DD	255	221	1	1264.0932144951432	12.506088889375592	10.338278003028524	
DE:FF	222	255	1	2013.2297745424303	25.05854407964122	22.73362017799153	
6B:FF	107	255	1	4057.4774196927647	50.2832356334725	45.65414289484838	
BF:FD	191	253	1	2287.7541396203605	27.908166938074324	25.391422695482373	
FA:FF	250	255	1	1784.5990645118702	22.22559821061636	20.257339005838336	
FF:EE	255	238	1	1576.8727600871296	17.660865488121566	16.095429994376428	
BF:F6	191	246	1	2188.6310340146515	25.60575824745672	23.251337130621838	
FB:FB	251	251	1	1715.2861386218053	20.491145898839473	18.77908773289073	
7F:DF	127	223	1	2582.0882161346476	25.903128689088607	21.8762377736382	
F5:FF	245	255	1	1809.5244212331722	22.53550358445947	20.553548911993783	
EF:DF	239	223	1	1398.1114801487397	14.038753791096589	11.926388130132189	
B7:FF	183	255	1	2392.881717683927	29.760887600793577	26.93174992282068	
F7:9F	247	159	1	406.0983782025757	3.3327761059523	1.0365475438649976	
FF:DB	255	219	1	1276.8718511006728	12.446541236838495	10.553209309120604	
FF:3F	255	63	1	1057.171631881029	12.281399711978294	7.201041798134597	
F7:F6	247	246	1	1691.7524900698036	19.808067101841218	18.08963366451735	
BD:FF	189	255	1	2333.090903217844	29.0189440542741	26.169839331805832	
F7:EF	247	239	1	1627.7766173184202	18.415349028673823	16.756328346439393	
BB:FD	187	253	1	2301.853215680763	28.077897358513216	25.24745451678638	
7D:FF	125	255	1	3489.954441983616	43.30257024019195	39.30849515730382	
FB:F6	251	246	1	1593.85515074118	18.6633897962744	16.205070523440806	
EF:F6	239	246	1	1734.5207826262538	20.310514625802988	18.34904385478637	
EF:BF	239	191	1	1305.91401038053	12.85288978983399	10.40453530106109	
FF:EB	255	235	1	1546.8447418140065	17.127475635396596	15.487971449436877	
FD:FE	253	254	1	1734.6688535165222	21.379616301336583	19.33319139878262	
FF:B6	255	182	1	1033.878258642489	9.416809895278034	6.9119493039371	
FF:7B	255	123	1	1136.2254693046114	13.179458811639202	8.321203423347804	
FF:ED	255	237	1	1527.9318876418126	16.963574798884814	15.107086007342247	
BF:EF	191	239	1	2101.7374001519925	23.75629559400694	21.450257842076834	
DF:FD	223	253	1	1956.749044345504	23.885550843483806	21.554083818169328	
AF:FB	175	251	1	2313.783605222366	27.600550486289915	23.83243930792196	
FF:F2	255	242	1	1580.3448255145756	18.117767957959753	16.157281797430176	
5B:FF	91	255	1	4552.382752906113	56.342493987787414	47.99370721700599	
EF:D7	239	215	1	632.7024311150536	5.948086686725209	2.4267798986497993	
FE:EF	254	239	1	1542.5511692318667	17.449535243756483	15.34427556369908	
FE:F6	254	246	1	1592.7258098845807	18.650783799801967	16.351947689971976	
5F:BF	95	191	1	1407.1254422762704	13.811655879398113	4.755812293683446	
FB:E7	251	231	1	1406.2683308059961	15.414466058639755	12.612058494891137	
FF:6F	255	111	1	596.1227480516089	5.403089782102015	2.287767041144509	
ED:F7	237	247	1	1737.209721054805	20.538805275765192	18.274672788984116	
FF:D5	255	213	1	1012.7343254506571	9.42506398608278	6.625833563658246	
EF:FA	239	250	1	1631.4692787812328	19.29803549799365	16.211704256163888	
57:FF	87	255	1	4744.156297252972	58.70366790233021	50.76795967268338	
DF:DF	223	223	1	1012.4075601631307	10.145985146907742	5.744849878320688	
F3:EF	243	239	1	1401.6113370931294	15.84672447197433	12.223201984855983	
6F:FF	111	255	1	3626.364436729731	44.974164015963794	37.93071778455976	
5F:FE	95	254	1	4070.8405712939953	49.90514852997579	39.72311346529536	
EB:F7	235	247	1	1602.4934477419963	18.940129988333123	15.414638987340252	
FF:7D	255	125	1	523.3637177940383	6.028512498426542	1.7530149415508898	
FF:CF	255	207	1	6.9703156471198	0.06207249712186583	3.1070448954052473E-4	
F9:F7	249	247	1	1541.1657557007188	18.218668846963133	15.03888991687111	
EF:7B	239	123	1	197.58439915031175	2.279809023450195	0.23465338516204282	
FC:BF	252	191	1	254.02329435827878	2.488797147850183	0.40909256777012204	
FE:7D	254	125	1	784.4782569640947	9.049218811334828	3.9382123972232583	
FD:F5	253	245	1	1533.915418730382	17.81241321390618	15.108354653078454	
EE:FE	238	254	1	1664.7122290754342	20.506319201102944	16.80972914330143	
F7:F5	247	245	1	1100.356461618934	12.759624690632721	7.608513878757517	
9F:EF	159	239	1	2089.63806771083	23.597609266465795	17.51002776187691	
FF:BB	255	187	1	681.7956358605911	6.487431817025353	2.991413407594371	
F3:DF	243	223	1	881.908815935286	8.841781528260306	4.82668373634041	
BF:D7	191	215	1	352.9904921588111	3.3127759246247552	0.5995368616202358	
1F:FF	31	255	1	11544.378599872094	140.70850762519618	73.57021350699516	
FB:FE	251	254	1	1696.3171796080014	20.904344898619797	18.34988846923637	
F7:EB	247	235	1	978.8116385958232	10.817732300419403	6.021236401555284	
E6:FF	230	255	1	1387.3487545317655	17.254925444995727	11.351096180030217	
EF:7D	239	125	1	274.86277416414674	3.1611947923437103	0.4545243202985509	
FF:F4	255	244	1	1309.3756714695396	15.051395776081897	11.058396044103437	
DF:EB	223	235	1	1237.8893829280548	13.684806975513844	8.593763603373302	
F3:FE	243	254	1	833.8706992524681	10.247172272405676	4.292121183433129	
F9:FD	249	253	1	1463.0495476510434	17.85615811488422	13.529363220724777	
7F:F6	127	246	1	2293.6512369427264	26.789261625102668	17.154294018638883	
9B:FF	155	255	1	2430.276235868142	30.195431287596126	23.19164111947913	
DF:F3	223	243	1	1532.6021866831443	17.72747621317479	13.19247793381817	
DF:FC	223	252	1	1540.9470968468145	18.603528739875347	13.321474982951168	
BF:F5	191	245	1	1888.1655044476572	21.90447659660592	17.270619678041438	
AF:F7	175	247	1	1456.020399950191	17.1762220797329	9.38795624785805	
FB:EB	251	235	1	895.5240762195053	9.89402171660563	5.08535691729621	
FB:D7	251	215	1	566.2890987061169	5.322829371959173	2.0335985930204905	
F3:7F	243	127	1	590.2653040071233	7.003072068622138	2.1489336065916285	
DB:EF	219	239	1	1463.421708566751	16.536674422102937	11.845055496148646	
BF:EB	191	235	1	997.5830174139613	11.01369700445419	4.79520026584391	
E7:FD	231	253	1	1546.5358004584768	18.872749092036795	14.186873450180704	
7D:FB	125	251	1	515.5290856471893	6.125027129739039	0.8484221205274954	
7B:FD	123	253	1	2355.1702299471135	28.67527954789023	17.579563792279295	
FB:ED	251	237	1	894.9962991757488	9.915694505906142	5.07929257982071	
DF:F5	223	245	1	1294.7261813886685	15.014673209805913	9.39402109036358	
67:FF	103	255	1	3568.49914699321	44.25524248275089	34.50075815093688	
DF:FA	223	250	1	953.6702062993589	11.254420089098552	5.078781135517054	
FE:F5	254	245	1	1349.7939320516825	15.667778751154984	11.716792123763103	
5F:FB	95	251	1	2590.509491408142	30.827631473832398	16.046479071859476	
FD:D7	253	215	1	407.75262888801586	3.8296992615554304	1.0599308161624772	
ED:FB	237	251	1	431.7421165958174	5.134013479751014	1.1142043584736159	
DD:FB	221	251	1	884.15799293525	10.531257953682495	4.329767313697489	
A7:FF	167	255	1	1162.7220825416869	14.430919923566616	5.783617494933466	
DF:77	223	119	1	524.2820087090324	5.951311043212756	1.5318095059391081	
BF:B7	191	183	1	300.1200953451491	2.7559612680698486	0.4332149587473178	
F3:BF	243	191	1	108.70517495836782	1.064109634322656	0.07278532316001342	
8F:FF	143	255	1	2002.0374519275842	24.862812008039008	14.656008544229378	
7F:BD	127	189	1	110.11748994355783	1.0485498721111626	0.039339815810317265	
7B:EF	123	239	1	1765.1651566217984	19.910408071003193	9.876544443539924	
FC:F7	252	247	1	457.28862421864864	5.383863681568983	1.3230597542863736	
FE:FA	254	250	1	1310.6335276923967	15.495431913029034	11.036356356696365	
FE:F9	254	249	1	1149.7261570625244	13.475938695604942	8.480457772941527	
AF:DF	175	223	1	355.8201903211917	3.5567556379056575	0.5587108300948175	
EF:E7	239	231	1	796.5962956204229	8.710376689297895	3.8398053131399195	
FC:EF	252	239	1	624.0723886673869	7.036244893906437	2.4710591804660917	
75:FF	117	255	1	2126.4752329813323	26.392771622728088	13.835245608713272	
FE:BD	254	189	1	419.92903337356995	4.007045083341944	1.1278928655762652	
F6:FD	246	253	1	1403.2257592207313	17.123554817420608	12.35801540935312	
CF:FE	207	254	1	1426.4343992870658	17.547235623451467	10.651065183910905	
F3:F7	243	247	1	275.05231989530137	3.234977450405009	0.4648634508710532	
DB:BF	219	191	1	72.22742775803304	0.70684371832304	0.02858942678525358	
5F:F7	95	247	1	1961.1858686359813	23.099142019498277	9.187751356634225	
EB:EF	235	239	1	623.9309406565066	7.032710945034899	2.31682190098528	
BB:F7	187	247	1	884.8966876034423	10.42684640162926	3.6969719989084147	
CE:FF	206	255	1	1333.5904023995138	16.572416336881652	9.264953839554448	
7B:FB	123	251	1	1989.1140189947039	23.685509204322003	12.52542952640412	
F3:FB	243	251	1	1148.047662707453	13.693430096546713	8.167010691432996	
7F:F9	127	249	1	2251.7070143505293	26.353629586204672	16.525573411502094	
3F:FD	63	253	1	2589.732972686912	31.466781874073373	10.432371844737302	
BF:FE	191	254	1	1322.6356066411959	16.25982670494997	8.425216828627416	
CF:F7	207	247	1	512.4912210777684	6.032398459975715	1.3662664855418598	
BE:FD	190	253	1	817.6606871830872	9.947548335040656	3.1958935412388976	
AD:FF	173	255	1	1044.8315231437653	12.964888453031602	4.773194527732683	
FB:AF	251	175	1	301.25391140537255	2.565929270119009	0.5749717167919048	
3F:FB	63	251	1	3329.334636666097	39.57479888841987	17.26869084251361	
FB:EE	251	238	1	283.811340281151	3.162326802084497	0.507434560253092	
FE:E7	254	231	1	30.745263511830817	0.3349350017632297	0.006003686156366003	
CF:EF	207	239	1	648.2775812233882	7.304902010275522	2.1904300481208634	
6F:FD	111	253	1	1646.990324763377	20.036364618971003	7.7764003970869044	
CF:FB	207	251	1	1016.7963373260409	12.113579060131935	5.398499003226818	
DF:ED	223	237	1	509.30204527634464	5.630896437807308	1.4450946898780457	
3F:FE	63	254	1	1848.075252679739	22.654640073914813	5.307824013167271	
FB:BD	251	189	1	313.25676241626115	2.9873514443643594	0.6204815721667621	
9F:FE	159	254	1	905.3767654063669	11.110961390428264	3.256627621268311	
77:FE	119	254	1	401.1219991241969	4.913794898326917	0.49588350393449776	
7B:FE	123	254	1	547.4440380374938	6.7089217690700895	0.9427801752384318	
79:FF	121	255	1	1558.3311076293032	19.332185833791836	7.565762136521181	
FE:BB	254	187	1	28.42983051773121	0.26953810092486313	0.005148030793039591	
D5:FF	213	255	1	1409.3155497126652	17.52026423564702	10.748878302587906	
77:F7	119	247	1	1939.5763942041963	22.857354110126437	11.67236191027934	
7F:3F	127	63	1	159.42641705349564	1.8412012713782437	0.08212497782343468	
B6:FF	182	255	1	852.1330944240727	10.570226363351738	3.364767623871058	
EE:FD	238	253	1	1096.3602511209263	13.36331244362846	7.252774255492663	
D7:F7	215	247	1	1063.8039522066988	12.547608188547045	6.1600351908288395	
FB:F3	251	243	1	768.492265840176	8.872662996290856	3.7359801284048344	
F7:7E	247	126	1	729.275275220493	8.419732807116452	3.333190850234724	
7F:B7	127	183	1	32.331875905722704	0.29654696942238434	0.0033922982914507687	
7B:7F	123	127	1	440.0000329100233	5.208321379851371	0.6086228827215745	
7F:FA	127	250	1	1160.9082012783374	13.681510948317566	4.371238895833144	
FB:F5	251	245	1	795.9190735259315	9.219795437440755	4.008425822419722	
77:FD	119	253	1	1378.2383521036913	16.76539532805395	5.877870220508945	
BF:DF	191	223	1	116.2089311140117	1.1605514284575338	0.06477800710217771	
9F:7F	159	127	1	136.9538065309987	1.6201745931123925	0.07429058797538425	
FC:7F	252	127	1	166.7110740131077	1.9731718402084828	0.1753266438619676	
7E:FB	126	251	1	1352.5890213160355	16.098072172005438	5.9005600353134025	
6F:F7	111	247	1	1200.6274680513793	14.136521827430114	4.130399489637575	
3B:FF	59	255	1	706.4684335470398	8.742389993264934	0.7303455638736687	
76:FF	118	255	1	972.8994497418399	12.05794042862824	2.9040959529154047	
7A:FF	122	255	1	844.4009554454551	10.463055088415542	2.2308505005478705	
F6:FE	246	254	1	692.1371677617486	8.500526847564043	2.9842863291093122	
F7:EE	247	238	1	442.35896164197123	4.933003613942756	1.2226888150223039	
E7:FB	231	251	1	726.7084702919572	8.652774809066148	3.1099708357004987	
DD:FF	221	255	1	1203.9438516503587	14.960763407512642	8.041865416255243	
FB:CF	251	207	1	125.26535991843156	1.1163273398224318	0.09913670996052594	
F7:BE	247	190	1	201.84345926295745	1.9504491943697346	0.2547201656863702	
FD:7F	253	127	1	363.98067215638673	4.313134965129914	0.8402665997137414	
FF:BD	255	189	1	15.507976510910488	0.14763093167429894	0.0015362338678232463	
7B:F7	123	247	1	466.26478223688696	5.482529560735577	0.684436336329849	
37:FF	55	255	1	1150.0201558883887	14.23639510205557	1.8515752655503765	
FE:DB	254	219	1	167.65217920152935	1.6262390041232186	0.17921070067299627	
77:DF	119	223	1	87.23413900742176	0.8709451671937211	0.023533613292764155	
FE:ED	254	237	1	117.95854826812499	1.3018097751678177	0.08842884028910059	
F8:FF	248	255	1	851.2154997417681	10.570803777606853	4.534608939230935	
EE:BF	238	191	1	6.920360183436655	0.06770155117398421	2.873227092259171E-4	
5E:FF	94	255	1	920.4365721579413	11.400304528306007	1.9991390048329785	
EF:ED	239	237	1	395.61849137996677	4.372343060824192	0.9431668035709324	
F6:F7	246	247	1	504.1215165704437	5.936272850011555	1.5817159802994938	
4F:FF	79	255	1	704.14295295154	8.716575268437568	1.0020029454192436	
3D:FF	61	255	1	313.46502513771907	3.877333345559448	0.14791959181770234	
FF:E5	255	229	1	256.45444528786896	2.7162497566949573	0.4202839487552982	
F5:FE	245	254	1	553.7426568563118	6.796367532293773	1.9009973887784586	
7F:DD	127	221	1	184.7529724870026	1.8181302104477828	0.11070101869801686	
7F:ED	127	237	1	517.332299153737	5.713888349266943	0.8671358495180048	
FE:BE	254	190	1	54.052945302619	0.5218682807068165	0.018608047059150912	
FB:F9	251	249	1	215.31883349623737	2.5128900853136016	0.2915370244283258	
77:EF	119	239	1	142.5458055110714	1.60232941083665	0.06269191072272834	
77:FB	119	251	1	104.17085876462961	1.2362190774276276	0.03343166536692671	
3F:F7	63	247	1	758.5038004288205	8.91603193398857	0.8946479762838864	
EE:F7	238	247	1	478.47760754111954	5.6331688838645055	1.3743154066777423	
DD:FE	221	254	1	670.9728573503103	8.236441501193294	2.4869783768601375	
D7:FB	215	251	1	75.01739662142117	0.890323055874463	0.030374378519454494	
F9:DF	249	223	1	132.12576767142866	1.319850373577503	0.10934202486812748	
F7:7D	247	125	1	23.20619673643544	0.2665040340871896	0.0033482378878541717	
FE:7E	254	126	1	174.56930663982124	2.0091449311480485	0.19364030387148626	
5F:7F	95	127	1	175.26363652873786	2.073060505322739	0.07298289823708999	
F7:E7	247	231	1	77.15513075490847	0.8407515719978997	0.037074815654221036	
F3:FD	243	253	1	376.3340816455299	4.573268116976425	0.8704638555255046	
7F:E7	127	231	1	259.3208020429988	2.826727735112135	0.217695633666331	
7E:BF	126	191	1	169.72857090958544	1.6612714520425242	0.09287077843759908	
AE:FF	174	255	1	83.6848103737314	1.0350341276193165	0.030570009337196703	
DB:DF	219	223	1	82.10560659509454	0.8198833251008509	0.03692929201318346	
DE:FE	222	254	1	58.96794719465992	0.7217741004337983	0.019180039718298666	
77:7F	119	127	1	21.267720195035384	0.2514791341342641	0.001393088369204452	
FC:DF	252	223	1	19.1412545935031	0.19107839239233715	0.0023159839728598987	
F6:DF	246	223	1	175.4943811921274	1.7535077267838912	0.19175487902722763	
7B:DF	123	223	1	25.94168729942504	0.25895393328344657	0.0021223974533534605	
7D:BF	125	191	1	22.888098997325315	0.22392023378109752	0.0016760579290037792	
BE:7F	190	127	1	25.281239461724926	0.2989532406335759	0.003040051189880231	
F3:E7	243	231	1	64.3342288721232	0.7009856547124278	0.025423612339046345	
3F:DF	63	223	1	96.4063079410176	0.9624087368868621	0.014495760058385994	
F9:EE	249	238	1	31.162135280735107	0.3467041994254559	0.006061915374149602	
F3:F6	243	246	1	77.99339614291247	0.9074865188903863	0.03731428656941186	
E7:EF	231	239	1	155.14964708658553	1.7447860876745782	0.14117173952885842	
BE:F7	190	247	1	115.1270649330524	1.3526225631290008	0.06309144554043088	
EF:EE	239	238	1	8.251622706393078	0.09179287515951028	4.0873735037194527E-4	
BB:FF	187	255	1	101.94824633965388	1.2610579863771278	0.04873652425702677	
D5:FE	213	254	1	139.94640602063973	1.7136551629080834	0.10490165909204917	
F7:76	247	118	1	10.894994611382035	0.11969072867179034	7.386477078545143E-4	
C7:FF	199	255	1	111.3230179640861	1.377130005508023	0.062422056829546074	
B7:FB	183	251	1	197.0815950913261	2.3401261196768313	0.18010992166918938	
B3:FF	179	255	1	204.67184754203527	2.5327815108352536	0.19060461617304772	
6F:DF	111	223	1	16.570467315133204	0.16540333390503822	7.862196094198995E-4	
7F:F3	127	243	1	340.7641866962404	3.9224078102774285	0.3755511900362619	
ED:BF	237	191	1	84.70420235326807	0.8290353189728666	0.04292769623422869	
F9:FE	249	254	1	172.54780309390625	2.113515711368592	0.18569977709110408	
E3:FF	227	255	1	183.3247620558091	2.268898130179839	0.19383550797774876	
BA:FF	186	255	1	78.81934372000863	0.9748597918290176	0.0290069773649343	
7F:77	127	119	1	25.80683981106469	0.2921471712802336	0.0021515998070139506	
9F:DF	159	223	1	23.266418602581428	0.23225137440729685	0.0021500056381079657	
EF:FC	239	252	1	96.87211232416826	1.1632842621002324	0.056281060495153266	
DE:FB	222	251	1	33.17954837233471	0.39369707523831166	0.0060756183430796555	
FF:EA	255	234	1	136.59823765060855	1.488220907125989	0.11901139062820434	
F5:BF	245	191	1	6.239719120896158	0.06104269916229093	2.412592410346183E-4	
7D:FE	125	254	1	275.5321437716444	3.3742583105758714	0.24192837400120326	
F5:F7	245	247	1	82.73005952732198	0.9719590735835876	0.04227547207405202	
DE:F7	222	247	1	17.760841051422606	0.20858022425866204	0.0017411063938773078	
EB:F6	235	246	1	73.78317180613128	0.8584642328646542	0.03220946809850681	
5F:EF	95	239	1	187.754629000721	2.11052169282099	0.08390471067199841	
BE:DF	190	223	1	64.38415070851828	0.6428348824839565	0.019795607665036213	
F4:FF	244	255	1	79.47525645474731	0.9830886945778782	0.03884062076091358	
59:FF	89	255	1	76.43252485888702	0.9451574980663653	0.013170927865807515	
AF:FD	175	253	1	67.31433085942193	0.816507959352646	0.019869061871468755	
BF:ED	191	237	1	90.73483096188714	1.0010601451844936	0.03939914024947729	
EB:FE	235	254	1	119.3045838593892	1.4608358269611048	0.08414608857350456	
E9:FF	233	255	1	71.65431591211069	0.886286805653019	0.030123603302018197	
7F:5F	127	95	1	11.628217811340981	0.10626495766521589	4.38752494107229E-4	
69:FF	105	255	1	25.31373328978299	0.31299551720847096	0.001729879638325327	
AF:FE	175	254	1	82.57529797592848	1.010765656627488	0.029895620307054133	
FD:FB	253	251	1	87.96592266492429	1.0441523513235569	0.04891435023922496	
4B:FF	75	255	1	93.16498370824343	1.1520783516778432	0.016829734529392428	
3E:FF	62	255	1	506.5521810267294	6.267287790073036	0.39405272420607823	
ED:FD	237	253	1	31.788063288541867	0.3855424898290852	0.006013935420454179	
FA:BF	250	191	1	19.09544384865849	0.18682434186098495	0.002289865784337692	
6B:F7	107	247	1	45.200372359102225	0.5308386668569239	0.005602044770366788	
EF:F5	239	245	1	102.853708414244	1.1871615003719775	0.06350998045959313	
7E:F7	126	247	1	121.45151365019962	1.4267084493801814	0.047344076977701585	
BF:F9	191	249	1	18.539598908496835	0.2161078898829333	0.0016419377665648283	
FF:57	255	87	1	10.000345979333181	0.08488185376047563	6.401129881023791E-4	
F7:E6	247	230	1	33.73359639521365	0.3598383993038419	0.007087345463228374	
AF:EF	175	239	1	69.0619457131029	0.7762105884476859	0.020951695676949753	
6F:BF	111	191	1	10.661982403588379	0.10430452333910079	3.256242922085374E-4	
3F:EF	63	239	1	85.98758000812278	0.9662833295275671	0.01150095913690578	
EF:AF	239	175	1	19.29126676196205	0.1640384464681607	0.00224610900802464	
DF:6F	223	111	1	18.501112842025403	0.167111784958376	0.0019063893119832939	
CB:FF	203	255	1	154.99054071518725	1.9177381743604984	0.12246274739843337	
F7:5F	247	95	1	11.257751000667247	0.10288278376685302	7.916005310317478E-4	
7F:EB	127	235	1	59.5592864434563	0.6551477719804235	0.011470172345844559	
EC:F7	236	247	1	14.379922223574544	0.16887318558883654	0.0012273738427800442	
E5:FF	229	255	1	114.35106836029914	1.4147307057865501	0.07593338320558873	
FE:F3	254	243	1	135.50768804185063	1.5594703439100306	0.11660737431080517	
BD:F6	189	246	1	22.62384767312877	0.26314270430841624	0.00242423307111558	
7D:EF	125	239	1	24.698739534316704	0.2775365960374367	0.0019459814844548537	
2F:FF	47	255	1	50.133816899087414	0.6198817077225126	0.0029906856152740317	
B9:FD	185	253	1	32.91375867069427	0.3991812081464456	0.00503660889963378	
7F:7B	127	123	1	35.37854813792677	0.4077833771475826	0.0040420114653902835	
AF:FA	175	250	1	47.886777006538814	0.5628297806689466	0.010061673174555476	
FB:FA	251	250	1	26.313895130794876	0.30926273535976373	0.004344998054024933	
F6:FB	246	251	1	50.03316713464635	0.5937502422231185	0.015506692395949331	
F9:BF	249	191	1	30.479081348238008	0.2982194579966593	0.005814822524412415	
BB:F5	187	245	1	9.902717245339636	0.1142358821886196	4.603141049654041E-4	
F7:D6	247	214	1	1.1510247604689436	0.010712703678265817	8.271281029691547E-6	
DF:AF	223	175	1	5.573256698957123	0.047386779435287046	1.7315547646451452E-4	
6B:FB	107	251	1	7.291659217642404	0.08650634689190462	1.457313853157306E-4	
F2:FF	242	255	1	30.523047088631362	0.3774509549696516	0.005685663583542318	
E7:FE	231	254	1	19.221641767422035	0.23522586695571834	0.002159801490629042	
7E:EF	126	239	1	11.107662613327252	0.12481006060811634	3.962302131635282E-4	
FE:EE	254	238	1	18.564130478177944	0.20652548027949166	0.002187518318882279	
F7:7B	247	123	1	3.889313481692922	0.0448253987750943	9.40204715585391E-5	
9F:F7	159	247	1	10.313443771377296	0.12111241111672849	4.2093927642402674E-4	
9F:BF	159	191	1	10.03360438404869	0.09815809960752761	3.999787750132559E-4	
EA:FF	234	255	1	78.02192595979595	0.9650837472392971	0.0358451533433716	
EB:D7	235	215	1	9.064336468480459	0.08493830334552512	4.8803854707060956E-4	
7E:DF	126	223	1	10.426689508842463	0.10407584815977011	3.5002083945151935E-4	
5F:FD	95	253	1	3.046424224876663	0.03694199128643235	2.2037839528382874E-5	
EE:FB	238	251	1	33.30257142493444	0.39516304630464916	0.006627555832098879	
9F:FD	159	253	1	1.6813333381005215	0.020388416318905426	1.1177956408142656E-5	
FD:DF	253	223	1	12.380733008443244	0.12358599618015167	9.718852217253943E-4	
FD:FA	253	250	1	3.641660244803041	0.0427937883377741	8.377830538229615E-5	
DD:F7	221	247	1	18.205374973932585	0.21380119260137279	0.0018225014510841668	
7F:FC	127	252	1	5.636817548569509	0.06765225473121549	1.0250636250091973E-4	
CF:DF	207	223	1	6.032818126180083	0.060217510416828046	1.8922424291289785E-4	
7F:BB	127	187	1	32.660943245776764	0.30962953997105247	0.0034595531604855166	
56:FF	86	255	1	39.1518014797081	0.48410714312486086	0.0033953498896740777	
7D:F5	125	245	1	15.388582080447485	0.1775202326748543	7.549265481919855E-4	
7F:BE	127	190	1	23.47462498009937	0.2265820924726184	0.0017864281972107736	
FB:DD	251	221	1	4.1841484356885745	0.04115284694147744	1.1025918950937618E-4	
D3:FF	211	255	1	42.75116545299534	0.5286860516692863	0.009700669090444881	
9F:FB	159	251	1	26.08775438493196	0.3095238559080012	0.0026928799047171905	
F1:FF	241	255	1	25.366385785750076	0.31367328017734647	0.003913084439711161	
79:FD	121	253	1	9.725784080572764	0.11794090025224319	2.9310319299137317E-4	
B7:FD	183	253	1	1.3103240803089544	0.01588942342963825	7.946689061184054E-6	
FE:E6	254	230	1	11.989134002576192	0.12787194732117574	9.131680352330244E-4	
F7:DD	247	221	1	1.9983695995942499	0.01965452762913311	2.4905608989171028E-5	
66:FF	102	255	1	3.432893317450786	0.04244404168765326	3.13673113896899E-5	
BD:F7	189	247	1	18.225122849695882	0.21403017392146484	0.001572786618460012	
FF:74	255	116	1	4.757747081346609	0.050685031126917565	1.4424744012204427E-4	
7F:DB	127	219	1	6.5551578181422485	0.06352163466250872	1.392762328559958E-4	
FA:F7	250	247	1	3.894130427770998	0.0457286455889532	9.48383301112104E-5	
55:FF	85	255	1	22.792155860787513	0.2818119762738708	0.0011402660316971892	
EF:77	239	119	1	8.453255105645162	0.0956923132704039	4.28794013781066E-4	
7F:DE	127	222	1	4.582866336243121	0.045373386691538106	6.804506657957218E-5	
EB:FB	235	251	1	3.622244612243329	0.04297342863873221	7.754095648738121E-5	
C7:FE	199	254	1	25.57028310304112	0.312922746063245	0.003292054985566207	
67:F7	103	247	1	8.43861294538866	0.09909418350189797	1.9108912113785303E-4	
7D:FD	125	253	1	14.059936402254417	0.17050199980721711	6.294372819399055E-4	
7C:FF	124	255	1	23.267735040008365	0.28769896800173755	0.0017124039809085544	
EF:F2	239	242	1	4.692141049301528	0.053426546213156	1.3208819144025735E-4	
F7:ED	247	237	1	5.112430297629502	0.05638228011687173	1.6261850643452418E-4	
EF:DA	239	218	1	4.3353788368385064	0.04167054933689242	1.1316915100976929E-4	
F3:D7	243	215	1	1.1797750746518327	0.011054692250565986	8.570594740061942E-6	
DD:F3	221	243	1	1.5380858748637782	0.01768622534481652	1.3013113830602739E-5	
FD:7E	253	126	1	6.764827019065573	0.07777631651224226	2.892585861800719E-4	
EB:FD	235	253	1	6.321677299385671	0.07666113798031936	2.3605925324258982E-4	
FF:DC	255	220	1	9.43833999948409	0.09208080705109173	5.687236643725745E-4	
FD:F3	253	243	1	3.2654965220021217	0.03754992418684082	6.739854614259932E-5	
7B:F9	123	249	1	7.671399215980508	0.08941638171235518	1.8495788351154504E-4	
5B:F7	91	247	1	9.736855255331566	0.11433934097832711	2.1766061077729503E-4	
0F:FF	15	255	1	22.134084611026427	0.27366192854209226	1.7689655248943008E-5	
FE:7B	254	123	1	2.662121789193801	0.030681456832378957	4.49403673610877E-5	
5B:FB	91	251	1	7.8112966957564876	0.092671000680944	1.4004881092649594E-4	
1F:EF	31	239	1	9.102385418958924	0.10227487516534442	4.706685085794016E-5	
D7:7E	215	126	1	1.3401500705065101	0.015407378076096788	9.694927121022712E-6	
FE:9F	254	159	1	5.0690136545573425	0.04150384376723894	1.6404311612855645E-4	
3F:F5	63	245	1	2.14862459782652	0.024785065011583386	7.175660654298938E-6	
7F:D7	127	215	1	12.72838512102239	0.1192711606973591	5.25473900648497E-4	
8B:FF	139	255	1	2.955630282594381	0.03654324526810475	3.096609284785339E-5	
6F:7F	111	127	1	6.034641032549884	0.07135292383575564	1.0388085307869479E-4	
BB:F9	187	249	1	7.4071346185564	0.0863370787492425	2.574734244477204E-4	
57:EF	87	239	1	8.20363288274185	0.09217765523988929	1.5063861484117304E-4	
3F:BF	63	191	1	8.720419280517524	0.08530906942614624	1.1861721231227576E-4	
DF:EE	223	238	1	1.8752961964273662	0.02086039741620399	1.9500655359877616E-5	
6F:EF	111	239	1	9.894598102365117	0.11117877020593174	2.796114559336107E-4	
EE:F6	238	246	1	3.283519529762558	0.03818798754909519	6.444030304319382E-5	
73:FD	115	253	1	7.384009137568936	0.08954236724865089	1.631782065996109E-4	
DF:F1	223	241	1	3.4355665866337306	0.038792840498853266	6.542824667088562E-5	
EE:EF	238	239	1	4.905448418722968	0.055119199639973686	1.4394187186753812E-4	
F9:F5	249	245	1	6.092797019409028	0.0702847676025271	2.3148201992568215E-4	
5F:F3	95	243	1	10.179171388476963	0.1170506409592114	2.463611097963152E-4	
AD:7F	173	127	1	1.0799029732192746	0.012768493720954824	5.071252282589902E-6	
17:FF	23	255	1	9.93054203302462	0.12277954321719844	1.348499538378654E-5	
EF:DB	239	219	1	1.9534423065923734	0.018929319516029736	2.2971854443799416E-5	
93:FF	147	255	1	3.8645318475359045	0.04778104275306678	5.5925623167384534E-5	
9F:F6	159	246	1	3.805126226356625	0.044254176262394286	5.731035876005959E-5	
DF:D5	223	213	1	3.3087893612737727	0.030639096982422932	6.093731450181748E-5	
BF:DD	191	221	1	6.745086708447499	0.0663411388201678	2.1811684585507207E-4	
67:FE	103	254	1	1.2379609952288788	0.015147973235991064	4.108337482627097E-6	
87:FF	135	255	1	5.931707083978822	0.07334003654261871	1.2280087350865034E-4	
97:FF	151	255	1	0.0	0.01206075476669316	3.6360398517252146E-6	
1F:F7	31	247	1	5.081534984738712	0.059671022073241646	1.4653747077784615E-5	
DF:B3	223	179	1	1.181953892853018	0.010612699067582521	7.780086540174122E-6	
5B:FE	91	254	1	5.392950703919527	0.06598997009879755	6.670484213621637E-5	
EF:F3	239	243	1	4.302411547538651	0.04947365805671629	1.1103129495072625E-4	
9D:FF	157	255	1	3.357647029908813	0.04151386792618643	4.4141943387039904E-5	
F6:BD	246	189	1	1.1175785377595746	0.010638013190905909	7.76963025777239E-6	
3F:ED	63	237	1	7.916397627166664	0.08730405276936559	9.750906454873762E-5	
FF:D3	255	211	1	1.769062167276758	0.016179678232005786	2.000294569637031E-5	
AF:F3	175	243	1	2.9033360319908086	0.03338518030729004	3.699385710094638E-5	
3F:FA	63	250	1	1.9924293085356757	0.023412921924558825	6.167616535036842E-6	
F8:FE	248	254	1	3.793050762657863	0.04641356978703162	8.930231085754849E-5	
EF:EB	239	235	1	1.907808595124572	0.02098200529190541	2.1853428349023056E-5	
D7:7F	215	127	1	1.3304751363124188	0.01573123313766432	9.549148249118025E-6	
6B:FD	107	253	1	1.454752108647027	0.017640768932298306	5.797495461481066E-6	
F9:F6	249	246	1	7.703194181699925	0.08959221723147187	3.699556766854339E-4	
FB:FC	251	252	1	3.2276608101302586	0.0387379896492531	6.53243035874043E-5	
1F:FB	31	251	1	17.597553267839995	0.20877071553795815	1.7569673950418316E-4	
7F:7E	127	126	1	1.9190926494205929	0.02206331662016591	1.1893468473669237E-5	
79:FB	121	251	1	4.18629708588419	0.04966479284061596	5.4331609824890704E-5	
1B:FF	27	255	1	8.479387871778187	0.10483797291240896	3.2238491748931206E-5	
E7:DF	231	223	1	1.1221090982489654	0.011200230006125625	7.392732911947826E-6	
FA:7F	250	127	1	4.1996212686757275	0.04965630379220194	1.1028481016507572E-4	
5D:FB	93	251	1	1.515187949402226	0.017975501209788726	5.365343222020109E-6	
6B:EF	107	239	1	4.391139236113083	0.04933940630234214	5.291764051228703E-5	
D7:FC	215	252	1	2.2051849138403745	0.026466139149979393	2.6223305412909162E-5	
FF:8F	255	143	1	1.0275300222792758	0.006476712276226565	6.786947389053168E-6	
57:BF	87	191	1	2.349440708361688	0.022983636208611966	1.2391375997009326E-5	
BB:EF	187	239	1	2.4116453566240965	0.02709753860161005	2.73156545117768E-5	
EC:FE	236	254	1	1.449355398917975	0.01773473662997147	1.245453896493921E-5	
D3:FD	211	253	1	1.0541820935433661	0.01278335496425544	5.899260939750113E-6	
FB:F2	251	242	1	2.661659997123694	0.030306352649655276	4.4477573140020654E-5	
ED:F3	237	243	1	2.446651311074909	0.028133858299698656	3.5661930560103904E-5	
FD:DE	253	222	1	1.5161911209361325	0.015011209688619687	1.4576434652682745E-5	
DB:E7	219	231	1	1.3446915589920192	0.014646172922149274	9.880749632915733E-6	
79:FE	121	254	1	1.3214724735352152	0.016169851232912265	5.409752817462284E-6	
D7:77	215	119	1	2.162499936988835	0.024478922057572523	2.525273944865223E-5	
FB:DB	251	219	1	2.189239459091009	0.02121429281380484	3.019290460517927E-5	
7A:DF	122	223	1	1.222549500308655	0.01220273321855478	4.683642306197187E-6	
EF:D5	239	213	1	2.07999168627809	0.01926042637642309	2.6067233841409093E-5	
E7:7D	231	125	1	2.2563411344281086	0.025908839887409486	2.9801362483193104E-5	
7D:F7	125	247	1	1.9547609539966186	0.022954279192424126	1.2175554972266423E-5	
FB:B7	251	183	1	1.5845225443267477	0.014531819922492905	1.5833123303678736E-5	
9B:FB	155	251	1	5.240546126375231	0.0621724970008171	1.0655086890673426E-4	
FB:E6	251	230	1	1.0779080004866433	0.011495799951213179	7.305063008023597E-6	
4F:FD	79	253	1	2.5875476801463253	0.03137743320239883	1.3521736768145548E-5	
FB:C7	251	199	1	2.040055436419693	0.017539180842201355	2.627586201548818E-5	
7A:FE	122	254	1	2.0128056188265506	0.024629221514075123	1.263807057926629E-5	
EC:FF	236	255	1	5.656566433800025	0.0699390720029013	1.8966575459145225E-4	
FD:F9	253	249	1	1.3160391503727524	0.015339262991587053	1.0943181242212436E-5	
ED:F6	237	246	1	5.111513434402996	0.05944856169680161	1.5561653991779046E-4	
AF:F6	175	246	1	5.391724442060839	0.06270708278775859	1.2755055539004774E-4	
1F:DF	31	223	1	3.4707700481182746	0.03464301655156006	6.8603452468903885E-6	
FF:A7	255	167	1	4.258578398222174	0.03548588022247169	1.1610739886261467E-4	
9B:BF	155	191	1	2.3823368617174125	0.023305539026907348	2.21118290347956E-5	
F7:9E	247	158	1	1.9386911098038322	0.013708138390852937	2.3570966610703737E-5	
BD:FB	189	251	1	1.6199093613019946	0.01921794748545713	1.242089684159266E-5	
BE:FA	190	250	1	1.0220289492606525	0.012009824393722156	4.967971496914763E-6	
5F:DE	95	222	1	1.82535193114438	0.018071994057308142	7.947467849681573E-6	
BF:FB	191	251	1	2.693642523919003	0.03195644743682449	3.464210522943541E-5	
7F:F5	127	245	1	1.2041309183824973	0.013890038984518271	4.68199688367366E-6	
57:FB	87	251	1	2.440959068241314	0.0289584842850874	1.3319491540846765E-5	
D5:FD	213	253	1	2.346541200685554	0.02845511921463047	2.9465774240533658E-5	
BD:7F	189	127	1	2.209075525343465	0.026119688216765545	2.3101019285839796E-5	
FF:6D	255	109	1	1.3634255121645529	0.011786675174654307	1.1893427342391728E-5	
6B:BF	107	191	1	1.1735920008347573	0.011480756480325718	3.7909629680163657E-6	
75:EF	117	239	1	1.6365016527872778	0.01838781399241842	8.147739981853655E-6	
1F:FD	31	253	1	2.999133987661415	0.03636833302761319	5.100462514894334E-6	
CE:FD	206	253	1	2.4012527036354148	0.02911856827304967	2.9737152846925045E-5	
3B:BF	59	191	1	2.3207299081315558	0.022702727768773783	7.919758407586215E-6	
EA:FE	234	254	1	2.5262864676028305	0.030912573482509934	3.756373833919471E-5	
A6:FF	166	255	1	2.536802636807504	0.03136489194433609	2.7220900027454417E-5	
DE:F5	222	245	1	1.3530679937126842	0.015608131965838299	1.0107822668210816E-5	
5E:7F	94	127	1	2.692109775207184	0.03183086251882688	1.7084708204191334E-5	
4B:FE	75	254	1	1.7527652977301404	0.02144723786847869	5.957602317701658E-6	
EF:7E	239	126	1	2.258676945061464	0.025967620636599503	3.0600198085418136E-5	
6B:DF	107	223	1	2.163966367542893	0.02159942000600248	1.2883786037270888E-5	
BF:F3	191	243	1	2.249440443667325	0.025866046799766222	2.417640349330618E-5	
3F:F9	63	249	1	4.280859095743499	0.049896018994471165	2.847724859568594E-5	
3A:FF	58	255	1	1.6737306431312258	0.020693744612729905	4.045754725611639E-6	
E5:FE	229	254	1	1.632925979663737	0.01998097751184792	1.5472068079641205E-5	
FF:D9	255	217	1	1.6366681565275543	0.015310117673315426	1.711378601712673E-5	
F3:5F	243	95	1	1.4688370997414284	0.013422648085433066	1.3291214272185212E-5	
FF:AB	255	171	1	2.095348474793484	0.017492488667884575	2.8107292721645727E-5	
7F:CF	127	207	1	1.5692212226129203	0.01397377929419391	7.99382734460128E-6	
BD:FD	189	253	1	1.5356066675511424	0.018621296903300617	1.1155804389143228E-5	
AB:EF	171	239	1	2.267961171935124	0.025483046495263145	2.2184309044180742E-5	
7B:7B	123	123	1	2.2948626034587214	0.026448470311896295	1.6555402553127374E-5	
F3:EE	243	238	1	2.2308511064194687	0.024815596210039703	3.053683048861331E-5	
75:FB	117	251	1	1.894587777659421	0.022476577969470276	1.0906468598217523E-5	
5F:B7	95	183	1	1.604344746973746	0.014713521071941156	6.148518459425688E-6	
6F:F6	111	246	1	2.2255449422440363	0.025883189633934923	1.4134361420387891E-5	
7E:BD	126	189	1	1.8835938539773145	0.01792954854714217	1.1433063154582448E-5	
C7:FB	199	251	1	2.2315775176298094	0.026474624634760073	2.5088183506993974E-5	
9F:FC	159	252	1	1.993429751357521	0.02392460522518891	1.571689060163073E-5	
F7:BD	247	189	1	2.137858159385541	0.020349986434895294	2.8522062750696182E-5	
27:FF	39	255	1	2.2015004822086834	0.027219005185592702	5.046029979130853E-6	
3F:DB	63	219	1	2.1430418242928546	0.020766409684775444	7.165042444222705E-6	
7D:FA	125	250	1	2.1640411766261147	0.02542961938702288	1.4921950300165727E-5	
7E:F9	126	249	1	2.127212660117233	0.024793962960885554	1.4519074071838989E-5	
FF:B3	255	179	1	2.074133966202024	0.0186236588711231	2.7506095084397066E-5	
E3:FD	227	253	1	2.114366779888243	0.025639667536536168	2.5753989344420836E-5	
6F:ED	111	237	1	1.2184414182435217	0.013437164597022494	4.241682233513991E-6	
78:FF	120	255	1	2.1174705046501265	0.026180181995024948	1.3798240094802342E-5	
57:FD	87	253	1	2.094924973794403	0.025403718454290625	9.805570894420057E-6	
BB:FE	187	254	1	2.0960305838597604	0.02564767480233065	2.059217995142827E-5	
ED:D7	237	215	1	2.012779384349483	0.018860173487979037	2.4238978103066948E-5	

