BMLVN	8	x2
metabolism	0.9970000
mutations	0.0010000
catastrofic	0.0010000
minWeight	0.1
start biomas	2.0	_
env.size	25000.0
feedSourceH	FF
C7
B5
23
11
feed port max	75000.0
timeQuant	0.01

key	suscepBits	activeBits	maxsize	popBiomas	currincome	currloss
FF:00	255	0	1	7797.5303475692635	347.4319763183594	409.0040148855481	
C7:00	199	0	1	8052.44744616976	580.151611328125	318.0086494630585	
B5:00	181	0	1	8713.026886815027	584.7227783203125	339.7469673319927	
23:00	35	0	1	19197.0274635732	298.9472961425781	368.98770753958235	
11:00	17	0	1	25000.0	318.444091796875	38.22240419076072	
FF:FF	255	255	1	1698.533295347991	21.215485500646974	18.97614467243402	
FF:FD	255	253	1	1670.7234855442816	20.514425123827944	18.362799434675853	
EF:FF	239	255	1	1802.307827061195	22.507480012884677	20.165585841253996	
F7:FF	247	255	1	1753.379387555554	21.899178486857362	19.68921132576716	
7F:FF	127	255	1	3317.5329774918087	41.3026158769737	37.220729976187684	
FF:EF	255	239	1	1573.5193171627361	18.248072910781417	16.297067394788396	
FF:FE	255	254	1	1686.435953392199	20.877640214385277	18.70886537326903	
FD:FF	253	255	1	1714.2224828001554	21.41135267193178	19.21132295202252	
FF:DF	255	223	1	1315.7836839885072	12.838459044181887	11.408023684154509	
FE:FF	254	255	1	1709.784112948676	21.356060720324965	19.165425357587004	
FF:F7	255	247	1	1643.6988707095377	19.92907604618791	17.775608653756297	
FB:FF	251	255	1	1726.6821338566526	21.56624816549111	19.334156625048767	
FF:BF	255	191	1	1308.0300007529268	13.049719587570825	11.272570322889647	
DF:FF	223	255	1	1946.5981281160196	24.300387513273606	21.723896577709905	
FF:FB	255	251	1	1660.226811903862	20.285623444067028	18.13352226549706	
BF:FF	191	255	1	2273.7923069018448	28.364664916457794	25.369403850772308	
F7:7F	247	127	1	1545.4967856815408	18.026574385030663	15.32067307267707	
E7:FF	231	255	1	1853.5221865323322	23.145003986663397	20.734117106744772	
FD:FD	253	253	1	1684.3193678852233	20.679992969946163	18.548328262551667	
FB:FD	251	253	1	1696.6647812785836	20.832113615119006	18.670461120454004	
DF:F7	223	247	1	1883.032465010467	22.819811826100125	20.335415108820754	
FB:FB	251	251	1	1683.935747115925	20.571996696679	18.389305681407347	
EB:FF	235	255	1	1826.5953031157949	22.809503220216744	20.404266741244633	
FD:EF	253	239	1	1575.7834533213165	18.273798923932183	16.242932195147265	
FE:EF	254	239	1	1573.568100974188	18.24827130668835	16.242877846065753	
FF:AF	255	175	1	1137.9112726244603	10.109399852894393	8.53479825977643	
EF:DF	239	223	1	1390.3345972926884	13.564679830269728	12.022608593232677	
77:FF	119	255	1	3493.179040412925	43.476815252180096	39.13047928044194	
FF:B7	255	183	1	1254.8213011649748	12.13646460482912	10.375196374119623	
F7:DF	247	223	1	1346.6485732252409	13.139047629309504	11.633971887924448	
DE:FF	222	255	1	1955.833090789003	24.415418498753844	21.848202749116044	
FF:DD	255	221	1	1297.2797219506094	12.52269843807761	11.089744182834549	
7E:FF	126	255	1	3333.243785720077	41.49692256734553	37.327499458457844	
FF:7D	255	125	1	1454.1731023417508	16.540444057138654	13.929123167321322	
EF:FB	239	251	1	1755.0438507940994	21.440206949063093	19.124686234214217	
FD:7F	253	127	1	1512.2301523872363	17.63752374999994	14.97178131910278	
7F:F7	127	247	1	3201.703360305236	38.717727061001405	34.69944034847005	
BF:FD	191	253	1	2230.9474730501315	27.35991636132531	24.426789039750876	
FF:7F	255	127	1	1501.8816376286131	17.516421224703112	14.857569028992682	
F6:FF	246	255	1	1754.552942683848	21.913388016724728	19.647307197442093	
FF:6F	255	111	1	1159.692505941409	10.831584180471642	8.865111444759258	
EE:FF	238	255	1	1806.431681632289	22.558637290274177	20.186437949298686	
B7:FF	183	255	1	2361.580556273101	29.455725705406298	26.415227442999086	
FE:FD	254	253	1	1673.1566788190985	20.543957801862167	18.354319102070253	
DF:FE	223	254	1	1928.7098031949063	23.863728111272412	21.328294074567204	
EF:FD	239	253	1	1773.1669304111886	21.768445343060158	19.522151471530684	
7F:DF	127	223	1	2554.4671122601385	24.901754385605976	22.162558741057666	
EF:F7	239	247	1	1743.2450117810636	21.13265294602558	18.871187956121265	
FB:F7	251	247	1	1671.2076000274865	20.261981575942528	18.11696105046095	
9F:FF	159	255	1	2729.8582977435162	34.018550709517484	30.310594502535498	
ED:FF	237	255	1	1814.5835508129271	22.660411508200745	20.30994383193913	
FF:EE	255	238	1	1554.1297047913936	17.85047346087348	15.898331913704343	
7F:FD	127	253	1	3254.223085393389	39.835447672491625	35.82543901542056	
7D:FF	125	255	1	3342.138649182154	41.607100960685614	37.31759101632154	
FF:FA	255	250	1	1643.190801490844	19.89547342873772	17.764268627380375	
FF:ED	255	237	1	1541.6441242166106	17.55217947728399	15.645182144598973	
3F:FF	63	255	1	6925.1828431661215	85.50441103423871	76.69417891932727	
BB:FF	187	255	1	2318.0860479956636	28.91481467795368	25.872536000655636	
F9:FF	249	255	1	1734.4095218061873	21.66226807396801	19.386334232307213	
FD:EB	253	235	1	1537.0215745886685	17.397652552598803	15.456750806045758	
FF:7E	255	126	1	1453.432582401363	16.519383741989788	13.914863811375888	
FA:FF	250	255	1	1730.4529702004093	21.61302707093448	19.352745397351725	
7F:FE	127	254	1	3270.706651053986	40.36287362102208	36.181280953506615	
EF:BF	239	191	1	1379.9189155823767	13.766527884760844	11.842292842048113	
FB:FE	251	254	1	1706.2346471164426	21.121577030158836	18.87941081435495	
FE:BF	254	191	1	1306.2581939048268	13.031764802602678	11.203917485113394	
FE:F7	254	247	1	1652.2738521920362	20.033018284213817	17.90231626400757	
BF:FB	191	251	1	2215.903497664088	27.04340444817645	24.1004150332563	
AF:FF	175	255	1	2474.0022134176957	30.848973785455204	27.575054678375494	
BF:EF	191	239	1	2089.0749682191054	24.204507779357826	21.435756446708655	
F7:FD	247	253	1	1713.22175340288	21.03451591077064	18.7984693338562	
7B:FF	123	255	1	3398.831897463652	42.30792604216148	37.97216458582253	
DF:FB	223	251	1	1900.4329950969975	23.208522379615086	20.710383094345456	
DF:DF	223	223	1	1493.490846896265	14.55390772698412	12.798911971379027	
BF:F7	191	247	1	2197.3918672009536	26.61333414461465	23.704008434166948	
F3:FF	243	255	1	1773.7985236330908	22.152892832207083	19.85799899917335	
FC:FF	252	255	1	1718.0384130903337	21.458705054712453	19.23188297779321	
FF:DB	255	219	1	1257.8760680449868	11.977457655011808	10.424716208206439	
FF:F6	255	246	1	1628.1132874363147	19.55901340546326	17.441353759179094	
7F:EF	127	239	1	3049.4071554378143	35.29256307332221	31.50877024201981	
CF:FF	207	255	1	2078.8610025034104	25.945077995004013	23.200419724349395	
FF:EB	255	235	1	1527.5209757974644	17.29026724523411	15.359966305384898	
FF:CF	255	207	1	1171.7168300898004	10.546738680426449	9.047565797157024	
EF:EF	239	239	1	1662.0244823213084	19.26207626225673	17.150764422279483	
BF:DF	191	223	1	1742.6680988959508	16.994037600275096	14.938538433133687	
FD:BF	253	191	1	1309.722539003444	13.066346487628904	11.232129967857649	
5F:FF	95	255	1	4457.083940736826	55.3493146911342	49.629733628457416	
DF:EF	223	239	1	1785.3674503686652	20.69567980761153	18.287036555163102	
7F:BF	127	191	1	2533.4087539803936	25.284135782676607	21.82719902118221	
7F:FB	127	251	1	3229.379593397135	39.343850825855796	35.287205318257385	
FD:F7	253	247	1	1655.6027986338029	20.073224297685336	17.924234030496393	
DB:FF	219	255	1	1978.4888625925519	24.697029803906215	22.083428709602757	
FF:9F	255	159	1	938.1220074392332	7.534385459899475	5.798264187622299	
FF:BD	255	189	1	1248.7332396266154	12.143997030967444	10.272183888368849	
FF:77	255	119	1	1421.8597552188785	16.1924917375206	13.312451959037846	
EF:FE	239	254	1	1785.4782771047503	22.09955205810755	19.792210975927553	
FE:FE	254	254	1	1691.7332558467467	20.94238437613685	18.76315090629122	
FF:FC	255	252	1	1653.3452311856963	20.12146942944437	17.98363687219139	
FC:FD	252	253	1	1684.26181485447	20.678823368373777	18.48377969620433	
EB:BF	235	191	1	1278.7075012872604	12.751608734032748	10.00526642389995	
FE:DF	254	223	1	1293.9234447789204	12.624171730535341	10.99220803216961	
F7:FB	247	251	1	1700.5469672546296	20.77654092423857	18.521788886326323	
F5:FF	245	255	1	1757.0803333885588	21.944705271222098	19.647183447688896	
7B:FD	123	253	1	3333.3754295139993	40.798321927240174	36.53616976358122	
E7:7F	231	127	1	1592.8437192702143	18.577659781887515	15.33464273323556	
67:FF	103	255	1	3978.157081767209	49.46656162040162	44.37522146748782	
FD:FE	253	254	1	1682.1043266832698	20.82300495611054	18.496241921848696	
E7:FE	231	254	1	1830.1426127686536	22.65018633930471	20.214705960389956	
FB:7F	251	127	1	1476.6316040221573	17.21878069283506	14.15272158781012	
DF:BF	223	191	1	1372.3214709693473	13.684686430292611	10.807043669458293	
FE:FB	254	251	1	1657.2612963368267	20.248804768560188	18.006923533662356	
E6:FF	230	255	1	1830.4223731166142	22.85508584975933	20.140707525046132	
DF:F3	223	243	1	1823.6493078070607	21.618788017755303	19.074551718273906	
BD:FF	189	255	1	2284.4936063023183	28.49716618011165	25.39415190585098	
DD:FF	221	255	1	1382.5415027799174	17.238829509834023	10.826179663984032	
EF:7F	239	127	1	1543.7384977699248	18.003147286658677	14.812523248140755	
FF:F5	255	245	1	1601.7493132717757	19.081015091924254	16.87990842112752	
FF:D7	255	215	1	1138.5951157152604	10.750929915948786	8.531699341194221	
FB:EF	251	239	1	1582.8873765611563	18.355505546062137	16.256712794388548	
E7:FD	231	253	1	1814.9490300859388	22.279171067941306	19.881992689391584	
FD:ED	253	237	1	1521.7820781604662	17.3236738887642	15.145859893362049	
F7:EF	247	239	1	1591.9991603986032	18.46028369958924	16.23781431992941	
7D:BF	125	191	1	2036.409558177153	20.30103557350242	13.890919925726523	
FF:F9	255	249	1	1616.701419743394	19.411352792359164	17.19496464388237	
F7:BF	247	191	1	1271.559302629894	12.682733665216734	10.364037607026306	
7F:7F	127	127	1	2571.5622487157852	29.731473103484877	22.1910345586823	
C7:FF	199	255	1	2130.6064715723433	26.587477841230445	23.59410213603712	
F7:FE	247	254	1	1719.4582225405256	21.28420271089222	18.932606695833417	
BE:EF	190	239	1	2048.390364101777	23.73161970881083	20.511440042649834	
BE:FF	190	255	1	2265.651811806795	28.26235518767947	25.074910146158217	
DF:FD	223	253	1	1897.8807237488343	23.290614392617233	20.65080541734893	
6F:FF	111	255	1	3680.4994275348577	45.789304252511144	40.63982682332986	
FD:FB	253	251	1	1620.2747521494555	19.794852453909602	17.15649614020165	
7E:FE	126	254	1	2936.8692942010052	36.246252322437904	28.932606586643516	
F3:7F	243	127	1	1336.7038320327554	15.575038385442253	11.26570169148914	
BD:FD	189	253	1	2081.687859579454	25.52327699599147	21.062224288020655	
FF:E7	255	231	1	1440.5294646726215	16.21653880563636	13.649616858574714	
FD:DF	253	223	1	1098.4109854558092	10.709925846718749	7.8819572165130385	
DF:D7	223	215	1	485.7891463131375	4.572163976371871	1.3432479573472333	
9F:F7	159	247	1	2156.4490308340205	26.090282661042018	18.87309093217858	
97:FF	151	255	1	2453.3229114518977	30.568938163903965	23.491686282775873	
FD:FC	253	252	1	930.7733177370242	11.300774943363908	5.620204618923023	
77:7F	119	127	1	1239.3648816169411	14.363798085130476	4.87450349816078	
DE:EF	222	239	1	1267.6011918480242	14.675658337712074	9.139230426297075	
F7:F7	247	247	1	1636.1126574815023	19.828884612932022	17.13308863205858	
FB:F5	251	245	1	1454.1839456189416	17.314828328762562	13.691524754667606	
7D:FD	125	253	1	2990.911630343118	36.610180029698284	29.851313725157112	
FE:7F	254	127	1	1256.0065961414357	14.631566087400579	10.32551587577707	
B7:BF	183	191	1	600.2950905372461	5.963532173768151	1.6934210219352015	
DF:EE	223	238	1	1222.425301459509	14.01619391332566	8.53036714945562	
AB:FF	171	255	1	2176.6532281781983	27.13555003281921	20.896504047479574	
AF:FD	175	253	1	1847.6401930372688	22.640275791228706	15.323644119316702	
DF:7F	223	127	1	1360.2659705419683	15.843329394315646	10.591912395254417	
BF:7F	191	127	1	590.378246894401	6.847759867502768	1.6939461724236444	
DD:FD	221	253	1	1869.2560946113285	22.935841369246344	19.88525355701943	
BF:FA	191	250	1	1982.0393515994963	23.966150287790285	19.252853519067617	
77:FE	119	254	1	2862.414880988968	35.32623491249053	26.2143692425896	
EB:FE	235	254	1	1221.7876185361256	15.09925331222366	9.076873773546405	
DE:F7	222	247	1	1679.347877821014	20.343564616506228	16.081981820968256	
FB:DD	251	221	1	597.5898653441332	5.752759293010029	2.3019542730542906	
FA:7F	250	127	1	973.3737544229857	11.3222248449447	6.092408253365787	
BF:F9	191	249	1	1960.1437903092485	23.504653305434275	18.83116372179209	
FF:DE	255	222	1	940.4261764546372	9.110392323728329	5.80412725144655	
7F:9F	127	159	1	33.61822787674154	0.2686684534742717	0.0038011950700422873	
DF:F6	223	246	1	1196.828008825618	14.348646436390206	8.165266608624128	
7D:7F	125	127	1	1074.6271258161107	12.45491762476783	3.817074656657913	
DF:E7	223	231	1	1261.0161692863965	14.177109623106201	9.085839852078387	
7F:EE	127	238	1	1247.8935416515426	14.280011825272805	5.231841578599474	
EF:FC	239	252	1	1239.6072602816184	15.063621283119032	9.49206190119094	
EB:DF	235	223	1	11.89221669868535	0.11533388606014197	8.54346468191868E-4	
F9:EF	249	239	1	1092.2627818825172	12.646513172747724	7.651970507122596	
F2:FF	242	255	1	1501.8337714851227	18.74409631896698	14.145848786182768	
6D:FF	109	255	1	2610.948730555834	32.49769534725508	19.918603621267895	
BE:FE	190	254	1	1753.7306974526239	21.671092490775703	14.970104053361872	
6F:F7	111	247	1	1360.395235654703	16.425133407346557	5.510737335110294	
7D:EF	125	239	1	1376.5507226478574	15.906967882890706	6.291763330141185	
FE:F6	254	246	1	1340.1594254094196	16.08625752562512	11.740332583553812	
B6:FF	182	255	1	2179.9875988368453	27.187401360548996	22.37786161063978	
5B:FF	91	255	1	2766.177861853403	34.40399940715964	18.34341594596401	
37:FF	55	255	1	3769.542693405066	46.804798615755566	20.19391587297893	
FB:FC	251	252	1	490.0153284157163	5.9371415998271635	1.5379768587290332	
AF:FB	175	251	1	1263.4333716460794	15.390281467208005	7.138817979157436	
7F:B7	127	183	1	631.4324882651413	6.080808617864514	1.3414745858474226	
EB:EF	235	239	1	323.7706302528907	3.7349583088916063	0.6328112190463502	
77:FD	119	253	1	2618.5836677827483	32.056145612987756	21.92249545913318	
7E:FD	126	253	1	2637.4331793072647	32.29179315305847	23.311617331939797	
DE:FE	222	254	1	1056.7848221613963	13.048039596661066	6.32843155983534	
F9:F7	249	247	1	1214.6322527185391	14.706642731351634	9.463870878466993	
3F:FB	63	251	1	2649.245210751316	32.20601039090878	11.201291758766608	
7B:EF	123	239	1	1113.8219253644424	12.86371583316399	4.047827518794313	
7E:EF	126	239	1	1804.3271396900614	20.86478407836081	10.892537884720726	
3E:FF	62	255	1	3729.9016176252485	46.31750316574388	21.900415089962795	
3F:BF	63	191	1	285.47270305949985	2.8307336717576126	0.13028939528673325	
73:FF	115	255	1	2748.46923935986	34.2181679101643	23.433432369011214	
5F:FE	95	254	1	2642.9148734413743	32.58520691527053	17.372569708297803	
7F:77	127	119	1	1371.5015068014459	15.528069751279862	6.302907394305926	
7C:FF	124	255	1	1705.6237239063453	21.227457565570386	9.585981677554464	
EF:F9	239	249	1	1172.9628865600794	14.060604202875536	8.496299671963824	
D7:FF	215	255	1	1544.5452028090729	19.263955006579877	13.214031338394069	
FB:DF	251	223	1	605.9558250159587	5.896186701479931	2.3665494062908636	
F7:3F	247	63	1	229.90352454373553	2.5894648480652394	0.3341360115713348	
FB:B7	251	183	1	165.18662887180315	1.5891769496981343	0.17507705896989892	
3F:F7	63	247	1	1174.8092991589722	14.161928114335591	2.200449185075704	
6E:FF	110	255	1	2391.6074806039805	29.76858353977928	16.952950770773963	
7E:F7	126	247	1	2009.5115814513608	24.292218530400593	13.503864317255324	
9D:FF	157	255	1	109.8423631364327	1.3624271890589776	0.047932139004327586	
BB:F7	187	247	1	1087.8205325402487	13.147248127177976	5.6522277084168975	
9E:FF	158	255	1	2154.7649811663355	26.84900107126741	18.731057000483847	
FC:EB	252	235	1	554.778813675941	6.2559208687120345	1.9856772601454302	
77:F7	119	247	1	2599.21439834728	31.410751978899874	21.59679151945224	
FE:77	254	119	1	55.232948601904944	0.6242291080252208	0.019696822303322554	
7A:FF	122	255	1	2590.706233999985	32.25895201479294	21.836911911688933	
ED:BF	237	191	1	558.2246220754583	5.550102460367842	1.9086181861041454	
EF:DD	239	221	1	251.0335601515172	2.4120556113526623	0.387439610098643	
F9:BF	249	191	1	475.9017313913019	4.730168183015969	1.448222369805423	
FE:FA	254	250	1	1049.7360692201928	12.686333268781379	7.179078296131169	
EF:ED	239	237	1	1075.5159965651865	12.220999215591634	7.1436290903795445	
DE:BF	222	191	1	210.87358848855	2.092547247741839	0.25134301091407224	
CF:F7	207	247	1	1198.0743423876884	14.491410702454184	7.655859855365508	
EE:FB	238	251	1	533.0807421185713	6.484906151639348	1.7367877594018815	
DB:F7	219	247	1	1466.8917239828656	17.760179536715846	12.094875255425002	
EB:FD	235	253	1	826.0009866409015	10.110490869176223	4.133465261341367	
FB:F3	251	243	1	771.7330386909207	9.125381738247686	3.828420396110086	
DD:EF	221	239	1	1163.3493797625067	13.464253030555433	7.666045538823369	
FF:9D	255	157	1	102.03636091735672	0.811812788682867	0.06793751354697677	
ED:FB	237	251	1	1066.1581003845156	12.998942591195402	6.96331631932827	
CF:FB	207	251	1	712.7709710166973	8.67379252204776	2.698118496980048	
FF:CB	255	203	1	97.7423803005339	0.8532008624731804	0.062237184939324675	
B5:FF	181	255	1	694.0355216486762	8.628752246337061	2.2363544213994273	
F9:FE	249	254	1	708.9327620643434	8.74582106173138	3.2050634931092614	
9B:FF	155	255	1	1475.8439387629876	18.37376174975595	8.615980046786035	
F9:FD	249	253	1	1084.8512440536372	13.295324447829614	7.536031519830484	
F1:FF	241	255	1	399.72524135928353	4.9671522249384985	0.9881135600055684	
FD:F5	253	245	1	307.97714190663845	3.649375995790974	0.6116269658554763	
FD:AF	253	175	1	24.52877910344909	0.2166793263640652	0.003891683941951415	
F7:F6	247	246	1	816.4201096698501	9.778919672561287	4.231174068526659	
F3:FD	243	253	1	968.3850354469452	11.861773280794859	5.872648722154907	
F3:BF	243	191	1	158.69035237693805	1.574426587270977	0.15715458437223956	
B3:FF	179	255	1	802.0351656601665	9.974707310921698	2.9562488883424862	
FF:E5	255	229	1	238.96075333730687	2.5980494728248265	0.3709552019063685	
76:FF	118	255	1	1279.78994034337	15.915901061366764	5.169044651615091	
BF:FE	191	254	1	753.7207366291389	9.291171588403142	2.7571464507802457	
F4:FF	244	255	1	422.1519222022364	5.246587982799319	1.1147880034604785	
EF:F3	239	243	1	779.8269088081814	9.220055641792827	3.7419294324168777	
FF:F2	255	242	1	738.7360606981149	8.653099415521726	3.5583603993762214	
BD:EB	189	235	1	170.2390720030885	1.9151129946449983	0.13919916422551934	
3F:FD	63	253	1	2887.440690904484	35.2696395529755	13.302672577284117	
BF:DB	191	219	1	195.202913740989	1.849357557070865	0.18525436848059665	
2F:FF	47	255	1	1421.3161495697027	17.64426768692032	2.4821780382381586	
DE:FB	222	251	1	149.32460225336612	1.8127209802426318	0.125381941633428	
79:FD	121	253	1	483.0718226813134	5.896522951496046	0.7486317996837378	
77:FB	119	251	1	106.40467357862634	1.2910717685150483	0.03582881600371383	
BF:F6	191	246	1	471.9197648180888	5.640065050690574	1.0795116034936492	
FD:F6	253	246	1	476.49034738396995	5.698717329585147	1.4663876872762402	
BD:EF	189	239	1	539.8469117567371	6.2308096043953185	1.4028429514842664	
EF:FA	239	250	1	741.7432313056321	8.950699711354018	3.382200692317074	
7D:7D	125	125	1	149.37262245731148	1.6861740023309706	0.07365875646750128	
CE:FF	206	255	1	312.3793891174494	3.878916777322275	0.514175788741728	
B9:FF	185	255	1	976.9203075408743	12.157314529166822	4.514138207816416	
7D:F7	125	247	1	743.5045533652351	8.968179565209233	1.8277653957087108	
ED:7F	237	127	1	514.4556222200317	5.968364974191443	1.6154475982838146	
F6:EF	246	239	1	138.90162784540433	1.6008044039047988	0.12132331626215034	
7F:EB	127	235	1	739.8630525473309	8.334712488886291	1.8352886477111279	
D6:FF	214	255	1	443.38167056153526	5.509282204670318	1.0744084327034624	
77:EF	119	239	1	973.7851723740989	11.242382400864793	3.016395825388126	
7D:FE	125	254	1	891.7790760831476	10.985806786759863	2.6294250421857455	
CF:FD	207	253	1	665.311277295897	8.134491673047473	2.3495218533834636	
FA:FE	250	254	1	862.7977770079359	10.651314673170358	4.768346256056509	
DB:FD	219	253	1	540.3267928681779	6.603842153706875	1.626973539468831	
7F:F3	127	243	1	622.3581570489621	7.342074210666383	1.2962992711781893	
FF:F3	255	243	1	236.43076393877126	2.788104376175348	0.36244623478645416	
FD:DD	253	221	1	86.59344429630968	0.8312770470635942	0.048458990145928756	
BF:F5	191	245	1	512.3868560468372	6.073812282743453	1.2732331538376718	
5F:FD	95	253	1	1142.5279376954645	13.957485019425617	3.234509141588685	
BB:FE	187	254	1	101.06647204353567	1.2425697232453063	0.04841638605105047	
3B:FF	59	255	1	693.3944454649993	8.60455333687113	0.7200898950780649	
FD:F9	253	249	1	359.576395486619	4.295679348314997	0.8340267912847004	
AF:EF	175	239	1	286.07549835591806	3.2980668821825323	0.3640835701324709	
9F:F3	159	243	1	367.4208356399441	4.332431935745465	0.5425067995407418	
AF:F7	175	247	1	260.4559350409163	3.138376418705113	0.30144975962127896	
F3:FB	243	251	1	519.2553830393755	6.316586592674457	1.6809737939302896	
E3:FF	227	255	1	635.488448886492	7.904679867462051	2.371792661041736	
EE:F7	238	247	1	446.2149342504927	5.384145934881632	1.2160940517405188	
7F:FC	127	252	1	1147.7585484916656	13.909169799083953	4.415756917253025	
E5:FF	229	255	1	545.0515142486274	6.777138740781262	1.7586061347312758	
7F:BE	127	190	1	45.34536401247757	0.44430799915751584	0.006890922525039031	
DB:7F	219	127	1	160.52202521127907	1.8583496100835422	0.1433347738048259	
FA:F7	250	247	1	152.9247489496343	1.8423865867816722	0.14877893607684323	
D3:FF	211	255	1	815.2226402747541	10.144785057758549	3.5977823736551287	
BB:FD	187	253	1	260.07385737925966	3.1737966308754237	0.32103268600065193	
BC:FF	188	255	1	177.8782321623747	2.2071714156561404	0.1509557585905778	
A7:FF	167	255	1	804.771325697066	10.006833190801823	2.7843906214488867	
7F:DE	127	222	1	269.2392640470196	2.5978110377381216	0.2432870879551487	
5E:FF	94	255	1	39.864505434727434	0.49429573759072715	0.003891852338756073	
7F:D7	127	215	1	245.06862998610254	2.3028985765051755	0.2016510625378094	
1F:FF	31	255	1	1257.4281147265222	15.598107673200156	0.9697958836455928	
C7:BF	199	191	1	12.664815240838037	0.1255399975469178	8.238766483684118E-4	
75:FF	117	255	1	476.7290736441593	5.918600007328773	0.7107934350450388	
67:FD	103	253	1	60.22433059844483	0.7342069971135488	0.010043396619562302	
FF:AD	255	173	1	76.05029320058804	0.6571624655585038	0.03767617552421554	
3F:EF	63	239	1	395.6682052125365	4.5588354674281835	0.24965729188218466	
FF:76	255	118	1	136.75351891883483	1.5045918350296865	0.12134139037154629	
6F:DF	111	223	1	120.26807420149164	1.166718092363984	0.04306913420242698	
7E:7F	126	127	1	40.052817840436646	0.46334070536891836	0.005321265933174111	
7D:FB	125	251	1	126.39855276591709	1.5337869695702309	0.052667714416203514	
7B:BF	123	191	1	101.7004044523258	1.0083707608452126	0.033702014866153714	
7F:DD	127	221	1	93.40719943267995	0.8964729907526537	0.029258024895027185	
FF:F8	255	248	1	607.138659981746	7.197537150247745	2.3993089226422954	
EE:7F	238	127	1	3.707203835804617	0.042881208134616655	8.365461853684065E-5	
F5:F7	245	247	1	290.7685545477452	3.505775100517419	0.5303643216597265	
BB:EF	187	239	1	360.4890749565527	4.157644273503451	0.6181275919120621	
FB:F6	251	246	1	354.74038480228177	4.239748647161668	0.8051660779099805	
DF:FC	223	252	1	91.70272289319037	1.1085185458966451	0.04744519174094536	
FD:BD	253	189	1	134.1184457416685	1.2972385932167922	0.11629490093377003	
67:FE	103	254	1	112.57785223348306	1.3838706648882078	0.03509368827885358	
F6:FE	246	254	1	432.6540363759967	5.330035908238487	1.1787374146604341	
7F:F9	127	249	1	401.5792802581039	4.793130719663005	0.538967445074062	
BF:FC	191	252	1	240.20943714975465	2.905428475958395	0.2791130440879081	
EF:BD	239	189	1	36.06233489575292	0.3485896305647382	0.007976976159238322	
EE:FD	238	253	1	603.5195637558311	7.380326525727517	2.2273454769951377	
BF:DD	191	221	1	191.87669950668226	1.8426118245600653	0.17894244194814815	
FF:DC	255	220	1	67.93922265194612	0.648248657537592	0.0300099609464646	
F8:FF	248	255	1	316.10731206712205	3.9265024702946807	0.6323504142626069	
EF:CF	239	207	1	76.27157671903865	0.6829407099845667	0.03574767010296865	
FB:7D	251	125	1	69.55005850372625	0.7850904121818688	0.030900545239003162	
6B:FD	107	253	1	22.128148805060768	0.2697412336900206	0.0013927784013290862	
F3:EF	243	239	1	173.117485919327	1.9955127751272428	0.18643684577416675	
7E:FB	126	251	1	722.7200878667272	8.784551358973994	1.7359873857034063	
79:FF	121	255	1	619.7460404208022	7.697221189628512	1.2323548596985845	
9F:FB	159	251	1	510.3552642562712	6.2018281964807835	1.0467374775335734	
FE:F3	254	243	1	120.3644680312873	1.418400438376168	0.09350795871804858	
BF:E7	191	231	1	95.54781842838176	1.0688583631927995	0.04419645994139979	
FD:7D	253	125	1	151.08792713659304	1.7063798830354515	0.14714511125192453	
E6:EF	230	239	1	53.82830434600526	0.6200262264255513	0.017154527974186772	
E7:7D	231	125	1	18.68279398315665	0.21082446639693334	0.002074444269316231	
6F:FD	111	253	1	179.71406302813094	2.191695351891803	0.09569623853117923	
ED:F7	237	247	1	78.92015152484737	0.9503561337160243	0.037792710161135286	
FE:DE	254	222	1	68.39192382747811	0.6596108334473199	0.03030389554729455	
BB:7F	187	127	1	256.4201102876451	2.9695102563118567	0.3126129109376199	
D7:FE	215	254	1	3.406193091049672	0.04185888447786953	6.34311262286257E-5	
D9:FF	217	255	1	70.35450190278951	0.872601469356523	0.027267752786401974	
F5:7F	245	127	1	57.359357273378905	0.6636968910662467	0.020611830497444604	
FF:E3	255	227	1	9.537854952102421	0.10308414619531268	5.895742269034226E-4	
C7:FE	199	254	1	46.73037728671929	0.5743969742283059	0.011165863326865342	
DA:FF	218	255	1	36.04830148711702	0.44702206999367516	0.007179385445572227	
8F:FF	143	255	1	336.1811668518145	4.1728600228972335	0.41648909657575867	
7B:FE	123	254	1	216.99053048959297	2.668354852785441	0.15273870181665544	
FB:BB	251	187	1	50.070521539190594	0.4834055669284481	0.016063909009686732	
7B:F9	123	249	1	99.85270665151207	1.190711775824206	0.03235167671793972	
FA:BF	250	191	1	69.1193728999696	0.685399200795169	0.03049905598092254	
7D:F9	125	249	1	92.44160039779126	1.1023166894797087	0.028178186573716332	
F9:ED	249	237	1	70.61269702714569	0.7987059807081468	0.03165183233318503	
5F:DF	95	223	1	2.975882726629336	0.028859054089822613	2.198699324370386E-5	
FB:FA	251	250	1	102.84848242063231	1.2370648966790911	0.06748857597030622	
5F:F7	95	247	1	121.20568027631663	1.4592991344513124	0.03631467647957367	
FD:E9	253	233	1	42.19665609952252	0.4657243207553228	0.011468075272551349	
7F:FA	127	250	1	238.69864326735782	2.871418308406009	0.19024403539289675	
B7:FB	183	251	1	102.88439259160707	1.2485324671152151	0.04937407061903696	
FA:FB	250	251	1	166.62573831564617	2.0231692686903706	0.1766206285611281	
CF:FE	207	254	1	166.65298527865747	2.0497100932115844	0.14678706209885284	
F6:7F	246	127	1	28.825671262637165	0.33347891381343464	0.005218728135457697	
ED:FD	237	253	1	116.66260928744472	1.423004328279165	0.08258798127627008	
DD:DF	221	223	1	50.8925142230614	0.49367280575577727	0.014576767389098008	
DF:DE	223	222	1	10.117672406013101	0.09754373301948681	5.799771217094543E-4	
BF:77	191	119	1	83.68689050166553	0.9458547936982172	0.03389832789518566	
EF:DE	239	222	1	30.07886074029293	0.29002455116010856	0.005549351500601616	
BE:DF	190	223	1	8.904982335287633	0.08636041908784942	3.831207307804377E-4	
76:F7	118	247	1	78.12443559500637	0.9405585967273203	0.01918387512534394	
D7:EF	215	239	1	119.03860417789994	1.3715982125236894	0.07767058503168107	
7F:F6	127	246	1	41.37015898105835	0.49347089091230795	0.005710665222924999	
EE:DF	238	223	1	3.443741714994666	0.03339663870417752	7.245884392897258E-5	
BD:FB	189	251	1	109.7482406080537	1.3318861715441226	0.0577197954567562	
4F:FF	79	255	1	87.37908254452768	1.083539426305994	0.016141839918944512	
E5:FE	229	254	1	55.38349665633065	0.6808172031374231	0.018077831887799663	
B7:DF	183	223	1	71.91498587731137	0.6976319770864826	0.02423762062026421	
BF:EE	191	238	1	75.24670162152836	0.8585224822596643	0.027393908963107023	
FF:D3	255	211	1	12.580105602488862	0.11524008254839717	0.0010291103545329756	
7B:DD	123	221	1	20.19337796956067	0.19375839561029717	0.001328908898450904	
BE:FD	190	253	1	23.00025860596124	0.2803854642641996	0.0025432881802571927	
DD:FE	221	254	1	100.10564517410714	1.2308550563065281	0.05613012381493436	
E4:FF	228	255	1	85.35196923719734	1.0587308114037053	0.042782989294930435	
F3:DF	243	223	1	30.784320460280565	0.2985899658230645	0.005908449186273068	
EB:FB	235	251	1	96.81427705417698	1.174987828126809	0.05639084938381761	
67:DF	103	223	1	24.744189383712595	0.23997501874895794	0.0017038215306170647	
7F:7E	127	126	1	37.51919116345919	0.4230707177246033	0.004702634164522758	
9D:FD	157	253	1	60.14117121226824	0.7332451842335461	0.01437125515203287	
BB:FB	187	251	1	15.004095963092903	0.1820066241384653	0.0010667760223358276	
7B:DF	123	223	1	22.34684248975955	0.21672582874449794	0.0016271356063804945	
DE:DF	222	223	1	23.050442983536932	0.22356217272550802	0.0029989652648289267	
7F:F5	127	245	1	92.95983365897683	1.0998177983901363	0.028846519208691676	
EE:BF	238	191	1	5.452043412843811	0.054041681370776196	1.8153948748096828E-4	
F3:F7	243	247	1	50.57640176400294	0.6089430799994527	0.01587602264892337	
EF:7E	239	126	1	17.101992129689375	0.1928403708741517	0.0017878558997912908	
DF:DB	223	219	1	20.21673107001738	0.19138141484173402	0.002316660013077765	
7B:F7	123	247	1	54.1761987296768	0.6521960578426095	0.009519518585071288	
7F:AF	127	175	1	32.251689667911364	0.28488692802072907	0.0034925006466996157	
DD:BF	221	191	1	13.754701149217619	0.1363451580814366	0.0010639926665056783	
6B:FF	107	255	1	96.11465563073443	1.1919674514048442	0.026272150895929422	
CB:FF	203	255	1	53.416665092422136	0.6624515346694451	0.014810001774769785	
AE:FF	174	255	1	31.664346952519008	0.3926351879210446	0.0044261287410055986	
FE:DB	254	219	1	29.509222697431763	0.27936983087918094	0.0056412530867830405	
7D:DF	125	223	1	2.6503660776092084	0.025702344807793428	2.325773417329523E-5	
FB:77	251	119	1	8.391752620013257	0.09481304324657704	4.495271640229579E-4	
FE:CF	254	207	1	15.241936494193652	0.13642815127081478	0.0015063450594485842	
3D:FF	61	255	1	80.1604447159519	0.9939660566418478	0.00994821012121233	
5D:FF	93	255	1	14.563285826438776	0.18056484311123872	5.157081202669425E-4	
3F:DF	63	223	1	17.73505857593767	0.17199189965294923	5.031098362444366E-4	
BA:FF	186	255	1	4.75789097263798	0.05899058742820604	1.0673441993908574E-4	
FF:37	255	55	1	26.187195554593234	0.30476856930982654	0.004437979874989552	
AF:DF	175	223	1	7.0505138099277795	0.06837501578731618	2.2157016621138825E-4	
F7:F5	247	245	1	6.861754973282477	0.08116094649816406	2.9649296711626227E-4	
DF:FA	223	250	1	4.850868313997969	0.05831063114220955	1.3267414637311615E-4	
7E:BF	126	191	1	2.1614123022930283	0.021423768972335777	1.5546916408410673E-5	
3F:FE	63	254	1	102.05337152708748	1.2543150573180775	0.016572780094051623	
9F:BF	159	191	1	27.788984063147115	0.2754709529491529	0.0031087141781395264	
DC:FF	220	255	1	21.143365482511097	0.26217029022128885	0.0024922199608398803	
5F:FB	95	251	1	37.29221279329355	0.4523811004523145	0.0034362336900671314	
F6:FD	246	253	1	15.516162796906185	0.18914786700602773	0.0015099213429795551	
CF:F3	207	243	1	9.869497546628212	0.11622236478226519	5.146915466572351E-4	
7B:FB	123	251	1	19.827812056037395	0.24051889055674375	0.0012746712536375168	
AE:EF	174	239	1	8.176515085975684	0.09415575785051417	2.9561587405943577E-4	
57:FE	87	254	1	5.864991445917658	0.07207481898302566	7.930546270158176E-5	
6F:FE	111	254	1	7.5258316172391035	0.09248567271435072	1.6767827927287437E-4	
BD:FE	189	254	1	11.507549272627367	0.14142199887802268	6.339396521360252E-4	
E7:DE	231	222	1	3.453971914727267	0.033298273931567965	7.112455264449461E-5	
FF:7C	255	124	1	4.163698951275699	0.045768492514099555	1.1230796741364681E-4	
F2:FE	242	254	1	2.484631097325719	0.030533661703405837	3.8145531307365394E-5	
AB:F7	171	247	1	7.86735503863186	0.09469735092668663	2.6944404563184073E-4	
FF:E6	255	230	1	7.120294094667079	0.07811240377077616	3.284574450436251E-4	
63:FF	99	255	1	9.23433805933635	0.11449196188365282	2.285189890127003E-4	
2E:FF	46	255	1	11.711796536063337	0.1452072029025453	1.6563353413182348E-4	
77:FC	119	252	1	3.9788299409547108	0.04807304155712572	5.008177237339408E-5	
AF:DB	175	219	1	1.8047744490066389	0.017083069838074023	1.452454756298964E-5	
FD:77	253	119	1	8.156295377622792	0.0921526632647477	4.2809145171575705E-4	
9F:E7	159	231	1	10.095224712452149	0.11288496943604913	4.0919007312429224E-4	
FD:E3	253	227	1	9.853602284664255	0.10649688586108105	6.254239521232133E-4	
7F:7B	127	123	1	7.630029315219512	0.0866253050484526	1.9444297339665808E-4	
77:DF	119	223	1	5.526335220692717	0.0535929802679802	9.708133126647486E-5	
BF:F3	191	243	1	7.389557439934131	0.08701737835747585	2.638581935962864E-4	
FC:F7	252	247	1	10.52078407581051	0.12664017272248151	7.088478903920745E-4	
DC:FD	220	253	1	5.928987043440536	0.07227197342752915	1.9603101633073765E-4	
BB:F6	187	246	1	2.834111783970038	0.03380164228885596	3.807401980434507E-5	
72:FF	114	255	1	14.065809042786984	0.17439810515528928	6.029977886084874E-4	
FE:FC	254	252	1	1.254126534714257	0.015152546701638894	1.0132552599819953E-5	
9F:D7	159	215	1	1.1335856012970218	0.010643862235693058	5.177805757031275E-6	
FF:F4	255	244	1	3.6644490703423793	0.04294842399129269	8.686148095266815E-5	
FC:ED	252	237	1	3.5297372786648085	0.03990846196113443	7.990055981536914E-5	
7E:FA	126	250	1	6.429185521963344	0.07728257746977717	1.369750866585966E-4	
F7:77	247	119	1	2.527790050851018	0.02855881190457872	4.027842451257842E-5	
FB:F9	251	249	1	2.22730317359821	0.02655184465155324	3.1625020873243946E-5	
BD:DF	189	223	1	4.606056542267381	0.044668558377120804	1.0209141993592666E-4	
7B:FC	123	252	1	6.662467817365135	0.08049802838580827	1.4392537758394747E-4	
9F:F5	159	245	1	4.730612782051801	0.05595241312588939	8.973198602960103E-5	
9E:FB	158	251	1	3.98055164493946	0.048283283965346036	6.318990284892334E-5	
FB:EB	251	235	1	10.825068881312536	0.12168944687441591	7.481153526288679E-4	
BF:ED	191	237	1	7.99035071868489	0.09034317831894381	3.0880103761608254E-4	
6E:DF	110	223	1	1.195511469589053	0.011593601252576122	4.222644524105124E-6	
7B:F5	123	245	1	10.861488737063505	0.12846883903355868	3.8271686028538006E-4	
EE:FE	238	254	1	5.309942800854887	0.06525505072099227	1.7137535270371663E-4	
DF:7B	223	123	1	2.176839402996902	0.02471378590626064	2.6753217567534833E-5	
79:BF	121	191	1	2.418206631236779	0.023969110552506022	1.880953398248913E-5	
EF:7B	239	123	1	2.5618555957599454	0.02908499494604793	4.010601011950358E-5	
7F:CF	127	207	1	8.77775605169729	0.07856288929615075	2.5859686217444326E-4	
7C:FE	124	254	1	5.345602016604356	0.06569230746368133	9.350223467163641E-5	
DD:F7	221	247	1	6.224032664978315	0.07491714327468224	2.1691350828281607E-4	
F6:BF	246	191	1	2.3878475512179462	0.023668364581923385	3.591996515933429E-5	
D3:F7	211	247	1	4.052291792999237	0.04877580172412008	8.835817693223156E-5	
FE:3F	254	63	1	3.125081048862176	0.0351488972094998	6.302331558579157E-5	
DD:FC	221	252	1	1.7282503699018372	0.020881015883394943	1.6722405418112408E-5	
FA:FD	250	253	1	4.019632473991622	0.04899733992765574	1.0260173934875101E-4	
3E:F7	62	247	1	7.728624016838501	0.09302543397787015	9.384479914518336E-5	
37:FB	55	251	1	3.7614788720651893	0.04562549682593741	2.0083443809370355E-5	
5E:FE	94	254	1	4.713009190119527	0.05791800700686824	5.440480293901168E-5	
9E:EF	158	239	1	4.303297365996459	0.04955321162401891	7.394413882713392E-5	
FE:AF	254	175	1	1.446674921362635	0.012777567324935912	1.3571359377504209E-5	
67:7F	103	127	1	2.4690358225926734	0.028558877340652256	1.6898615175181896E-5	
7E:EE	126	238	1	2.7567416279325467	0.031441904192723906	2.521471400823358E-5	
75:FE	117	254	1	1.528341845906803	0.018781613479249882	7.2932706757577935E-6	
37:F7	55	247	1	1.8653601136808555	0.022452158824495652	4.940002015559316E-6	
3E:7F	62	127	1	1.7578884795824077	0.02033308590894327	4.859532757414376E-6	
DF:B7	223	183	1	2.382889986633887	0.022901394015297696	3.217037963469936E-5	
F5:DF	245	223	1	1.2823102456661875	0.01243539783272637	1.0333613613275787E-5	
FF:D5	255	213	1	2.428540955342977	0.02255719468458112	3.833748127299328E-5	
FE:E7	254	231	1	1.1144623669721343	0.012461523218980183	8.015957562196861E-6	
77:EB	119	235	1	1.7654604478709828	0.01984507777405978	9.876852041070409E-6	
EB:DE	235	222	1	1.2564378621005707	0.012112626087951004	9.536614795419338E-6	
6B:BF	107	191	1	1.0687891279102193	0.010593720073246304	3.2639205161511455E-6	
E3:FE	227	254	1	3.365838836172131	0.04136301153980504	6.615825129072756E-5	
DF:BE	223	190	1	1.0926047211499932	0.010704131160093604	6.760923506755041E-6	
A9:FF	169	255	1	2.2006202869247784	0.02728398190932275	2.08974681895095E-5	
76:FD	118	253	1	2.419006607204077	0.029485972519968005	1.838123089676575E-5	
DF:9F	223	159	1	3.3545832062201586	0.02680647576521877	6.39652357232491E-5	
7F:3F	127	63	1	2.916528572487505	0.03280289240096974	2.841602944417263E-5	
E3:FD	227	253	1	1.1551798054559677	0.01408080947212755	7.794261870696035E-6	
EF:D3	239	211	1	1.134662399557239	0.010393303979043306	7.90214487310453E-6	
E2:FF	226	255	1	1.4967315421849081	0.018556933464606892	1.3031805017396488E-5	
FF:B5	255	181	1	1.3093171022163717	0.012303763378803175	1.114094833596184E-5	
FE:6F	254	111	1	1.454425649811212	0.013495231231025388	1.370486774180515E-5	
DC:EF	220	239	1	2.1036558811428	0.02422382933031593	2.4710970578465002E-5	
77:BF	119	191	1	1.8535692473720866	0.018372426075066024	1.0916520629729715E-5	
75:FD	117	253	1	1.9514716602519766	0.023787017920316122	1.1893066607825437E-5	
67:FB	103	251	1	1.7395134197282418	0.0210997125067294	8.378382119953447E-6	
FE:ED	254	237	1	1.4106535934835849	0.01594913500341632	1.2839781208919396E-5	
47:FF	71	255	1	2.4234860329050343	0.030046998564967974	1.1448276026595289E-5	
27:FF	39	255	1	2.2411940007985103	0.02778683039813704	5.325238070824219E-6	
F9:E7	249	231	1	3.7787069989941857	0.042252868827498416	9.059980472842752E-5	
9B:7F	155	127	1	2.2789215621743337	0.02635991682360474	2.0413437602198258E-5	
BF:CF	191	207	1	4.176588950251121	0.037381068787375786	8.476961381224439E-5	
1F:EF	31	239	1	1.2820233365634148	0.014762478822227415	1.0122656498919996E-6	
F5:BF	245	191	1	4.5525450080573675	0.045125472719459964	1.3019747994093942E-4	
5D:EF	93	239	1	2.3105470941458783	0.026606042223013562	1.3003977380225577E-5	
FF:6E	255	110	1	1.0965782168114335	0.0100050886342642	7.818973522663015E-6	
5B:DF	91	223	1	1.5161998493800757	0.01470351278106436	5.503845014518235E-6	
C3:FF	195	255	1	1.543647496332788	0.019138593543087994	1.1966920238619471E-5	
FB:E5	251	229	1	2.4949288634462565	0.027086074510085743	3.9766973282157076E-5	
FB:DE	251	222	1	4.25859631029699	0.04105558851538227	1.1614787200375196E-4	
FD:E7	253	231	1	2.1710129017791346	0.024275660846626825	3.0335121425730107E-5	
7F:E7	127	231	1	1.8548142747891811	0.020739855279673054	1.1494437028137856E-5	
DF:BD	223	189	1	1.9556252707666968	0.01889974273403353	2.1665603122669855E-5	
35:FF	53	255	1	1.201507669407467	0.014896553343635042	1.993424911814787E-6	
DF:67	223	103	1	2.0229868147560532	0.01800535657050095	2.3219587753201265E-5	
7F:E6	127	230	1	2.4139349194609947	0.026480804487619455	1.9477111687672125E-5	
6B:EF	107	239	1	1.8622257653410432	0.021443597249131523	9.876814274531156E-6	
FA:3F	250	63	1	1.6347219054138664	0.018386119263027672	1.700144932110395E-5	
77:7D	119	125	1	2.055265119668085	0.02319005896352147	1.3384406565655187E-5	
BD:6B	189	107	1	1.9314328197745063	0.017354274739573412	1.797651073620948E-5	
FC:EF	252	239	1	0.0	0.010381245980745012	5.210003606388446E-6	
F7:5F	247	95	1	2.2731134323695574	0.018396728751567587	3.2781905646405935E-5	
F9:7F	249	127	1	2.1244765300483874	0.024573586608287623	2.861545983219669E-5	
9F:FD	159	253	1	2.480036309838048	0.03022995167716229	2.464368839406157E-5	
FE:BB	254	187	1	1.7444896219413615	0.016837019881267453	1.9701696106072954E-5	
A7:FE	167	254	1	2.4686798175229323	0.03033749144165702	2.607692308177489E-5	
7E:D7	126	215	1	1.7980721857415047	0.0168831182695316	1.0770569603016458E-5	
65:FF	101	255	1	2.4443332026743523	0.03030552594399876	1.6309580830915326E-5	
EF:EC	239	236	1	2.3882962161625683	0.026693832200678013	3.4868109218371345E-5	
7E:B7	126	183	1	1.8148191639488056	0.017441669631739865	1.0967266545742965E-5	
DB:EF	219	239	1	1.6879159500588425	0.019436492276169476	1.5824175632142777E-5	
7F:E9	127	233	1	2.3423464620160908	0.025845726198582622	1.8336620946906376E-5	
7F:CE	127	206	1	1.6388444092139518	0.014576344574717412	9.014945231943863E-6	
79:EF	121	239	1	2.3252109169122015	0.02677494547470851	1.733449657215531E-5	
F3:ED	243	237	1	2.1658316230057086	0.024487436841627942	2.9142517171883704E-5	
BF:BE	191	190	1	1.5190994734787437	0.014882471957052102	1.1194857923644471E-5	
E9:FF	233	255	1	2.358715801042001	0.0292442333070971	3.3206693159380514E-5	
73:FB	115	251	1	2.3479288091841135	0.02847965438723816	1.692873899375019E-5	
F7:ED	247	237	1	2.1709203736863096	0.02454497713128054	2.9707645071193332E-5	
3A:FF	58	255	1	2.2279419253823987	0.027622553310700886	7.328765622655022E-6	
DB:7D	219	125	1	2.0043555118962555	0.022615737788615614	2.2324125505767168E-5	
FD:CB	253	203	1	2.160903407381008	0.018851246385112687	3.0202419628872692E-5	
5B:7F	91	127	1	1.481906376651704	0.017140878473975368	5.237903451743518E-6	
DB:7B	219	123	1	2.2346928680948035	0.025370602887483988	2.7746008697559273E-5	
7A:FE	122	254	1	2.126806245835852	0.026136126248237253	1.4562260010176808E-5	
3F:FC	63	252	1	1.734039723510292	0.02095081943841999	4.786347276594993E-6	
B7:BE	183	190	1	1.1522982318259263	0.01128893315693038	6.218187912497885E-6	
76:FE	118	254	1	2.2021396578225474	0.027061893475846338	1.5230087925694376E-5	
EC:FF	236	255	1	2.1829735078833656	0.02706529095100591	2.8770856456261482E-5	
EF:F6	239	246	1	2.173736334593206	0.025925528543079	2.8840858046739927E-5	
FC:F9	252	249	1	2.173279458669807	0.025907816785312104	3.025180150816713E-5	
DF:EA	223	234	1	2.0904108157779504	0.02327097922656496	2.4681884356954895E-5	
6E:BF	110	191	1	2.0023111221946466	0.019846743788083442	1.1840090686224636E-5	
DB:77	219	119	1	2.119140747579001	0.023941818746185506	2.4953550747934742E-5	
76:EF	118	239	1	1.829003065062745	0.021061046094912307	1.0522513452825864E-5	
36:FF	54	255	1	2.1614971373310308	0.026798747903490825	6.532292971574736E-6	
FB:9F	251	159	1	1.479278767860188	0.011820804689672818	1.4060702375428544E-5	
CF:7F	207	127	1	2.1072485892661272	0.02437425630176763	2.3471704947126324E-5	
37:FE	55	254	1	2.1173425851625383	0.026019728552443257	6.361548839908658E-6	
1E:FF	30	255	1	2.0436738547229405	0.02533790186751698	2.5041662833326348E-6	
4F:DF	79	223	1	2.0838961781679126	0.020208825690794553	9.229602156101504E-6	
FF:F1	255	241	1	2.089183996419879	0.02415854456231304	2.82418519055237E-5	
6F:7F	111	127	1	2.0886840943414517	0.024159404102863862	1.2934077136748493E-5	
BE:EE	190	238	1	2.087592543833895	0.023809973076035967	2.098182421900057E-5	
DF:B3	223	179	1	2.0527929478857034	0.01928182671970185	2.388512591574091E-5	
F8:F7	248	247	1	2.074769054111054	0.02497294172731727	2.7173951402396778E-5	
33:FF	51	255	1	2.057869870067738	0.025513945167398213	5.604015508961972E-6	
DF:F1	223	241	1	2.0348712947808822	0.023530445028859318	2.3367421741517182E-5	
BD:BD	189	189	1	2.0271282526455385	0.019590742852006172	1.9774820776779896E-5	
BB:DF	187	223	1	2.0134478808238594	0.019525745515413764	1.9302993056141183E-5	
7B:AF	123	175	1	2.011701526530849	0.01776804119752066	1.3207832395078933E-5	
75:EF	117	239	1	2.0171451112212737	0.023227522397283863	1.272433308195925E-5	

