BMLVN	12	x2
metabolism	0.9970000
mutations	0.0000100
catastrofic	0.0010000
minWeight	0.1
start biomas	2.0	_
env.size	25000.0
feedSourceH	FFF
feed port max	350000.0
timeQuant	0.01

key	suscepBits	activeBits	maxsize	popBiomas	currincome	currloss
FFF:000	4095	0	1	27500.0	1675.6700439453125	76.39111335245853	
777:000	1911	0	1	22499.999403953552	842.2576904296875	51.429108129646906	
003:FD5	3	4053	1	183.00995570712686	3.13129693957658	0.0	
4FF:FFF	1279	4095	1	128.33879326815153	2.219649403267394	9.230347951398329E-4	
00A:FF5	10	4085	1	167.17418550010046	2.8887399849010302	0.0	
177:FFF	375	4095	1	73.1860154080211	1.2657668880207458	6.176722845298474E-5	
007:FEF	7	4079	1	495.06351947376294	8.487983042207535	0.0	
EF7:7FF	3831	2047	1	550.3021221299999	10.855922183458887	0.03169885371884612	
9FF:FFF	2559	4095	1	907.7478646708457	15.693402110158896	0.044861445375084734	
0F3:1FF	243	511	1	172.80938189019852	0.7149535431649366	7.776064080294567E-4	
0B7:F7F	183	3967	1	501.69027724703284	8.642223510650746	0.00425676016888361	
04A:FDF	74	4063	1	359.92348266243454	6.16383379213745	8.889959598974202E-4	
BFF:FFF	3071	4095	1	74.01994813241625	1.2801918966866246	4.4258724822561675E-4	
004:FFE	4	4094	1	235.39868434607183	4.06905490264162	0.0	
3FF:FFB	1023	4091	1	113.22120728361962	1.9539377420079242	6.143503892851353E-4	
DFF:FBF	3583	4031	1	340.87181615846595	5.691501123890179	0.01108602372521159	
067:0FF	103	255	1	1201.41460486352	0.026117487817220935	0.002903823972556465	
0AF:7FA	175	2042	1	1086.5016876769416	21.365391553288095	0.019056454210589893	
00A:FD5	10	4053	1	763.4672235794917	13.06291000084862	0.0	
555:000	1365	0	1	25000.0	2443.90966796875	31.74304428023968	
04A:FFF	74	4095	1	533.0213573902287	9.218737663861901	0.0019490367834577385	
04E:FDF	78	4063	1	490.37823394984747	8.397932581025483	0.0017339488643094952	
1DF:7FE	479	2046	1	637.4858442410161	12.567431038811597	0.010980179594000513	
DBF:FFF	3519	4095	1	362.5160029492339	6.269375640062878	0.012189451496414714	
3FF:F7F	1023	3967	1	41.88158893495733	0.7214562978009221	8.46011598381702E-5	
067:0FA	103	250	1	50.925342121002664	0.0015131059383670879	2.4739040786634264E-5	
FBF:FFF	4031	4095	1	242.54790035147298	4.194813891795728	0.00661957811440773	
067:0FC	103	252	1	153.18028533129063	0.004603054705481382	2.0867149746210155E-4	
3EE:FFB	1006	4091	1	52.27110713135281	0.9020784414721911	1.281243028906077E-4	
0A7:0EE	167	238	1	28.082802103288046	8.984425841092984E-4	1.238726141170417E-5	
FFF:F7F	4095	3967	1	212.2362122730988	3.655945174561203	0.005208440919174805	
015:FEF	21	4079	1	365.83419363591895	6.272315187235106	0.0	

