BMLVN	16	x2
metabolism	0.9970000
mutations	0.0010000
catastrofic	0.0010000
minWeight	0.1
start biomas	2.0	_
env.size	25000.0
feedSourceH	8000
4000
2000
0F00
0010
feed port max	55000.0
timeQuant	0.01

key	suscepBits	activeBits	maxsize	popBiomas	currincome	currloss
8000:0000	32768	0	1	14270.058284395207	140.20433044433594	212.62347021727194	
4000:0000	16384	0	1	15333.87775101967	415.7592468261719	231.92084718683674	
2000:0000	8192	0	1	15287.919969147231	314.6361389160156	257.21381454811143	
0F00:0000	3840	0	1	14513.184176011951	96.38697052001953	241.00309222322565	
0010:0000	16	0	1	25000.0	355.3951416015625	0.0	
FFFF:FFFF	65535	65535	1	548.8748049140021	2.4671250352241123	0.8212245663309536	
FFFF:FFFE	65535	65534	1	597.3051307336934	2.6846344335718784	0.9725211832061458	
FFFF:FFDF	65535	65503	1	587.537956947422	2.6406745744764795	0.9409814636010273	
FFFF:F7FF	65535	63487	1	588.7841720033368	2.6453931628881873	0.9450806455829366	
EFFF:FFFF	61439	65535	1	659.1397748991407	2.962014754274261	1.0704216994409248	
FF7F:FFFF	65407	65535	1	591.5526866703939	2.6587959008778976	0.9503273131062238	
FFFB:FFFF	65531	65535	1	594.7350195070484	2.6730956640774948	0.9640627219140516	
FFFF:FBFF	65535	64511	1	581.7185581588184	2.6010066084449663	0.9225265187963454	
FFFF:FDFF	65535	65023	1	594.1489980986988	2.669317120062934	0.9623020679673615	
FFFF:FFEF	65535	65519	1	581.3068325685139	2.612751550649857	0.9211295993535978	
FFFF:FFF7	65535	65527	1	596.0095131286055	2.6788023821235236	0.9683076913893016	
FFFD:FFFF	65533	65535	1	531.2065758657752	2.3877556296818234	0.7691681689438264	
FFFF:FF7F	65535	65407	1	541.9310434061981	2.4359872793050266	0.8005846841638501	
BFFF:FFFF	49151	65535	1	799.4974229003609	3.5916972646760223	1.2686386242510355	
FFFF:FFBF	65535	65471	1	589.9179283563152	2.6513208800478023	0.9486210761543893	
FFF7:FFFF	65527	65535	1	592.3539420007479	2.6624029142499412	0.9562500639235236	
7FFF:FFFF	32767	65535	1	643.5422258849229	2.8939959634727663	1.0494250141578298	
F7FF:FFFF	63487	65535	1	632.2501783802384	2.8413710984338967	1.024412880923985	
FFFF:FFFB	65535	65531	1	583.9042962644606	2.6244553636913674	0.9293780750758139	
FFFF:DFFF	65535	57343	1	526.0516890631327	2.253681715754208	0.7549666454006441	
FFDF:FFFF	65503	65535	1	569.6264646663592	2.5603321912303727	0.8836692989339255	
FFFF:EFFF	65535	61439	1	639.827944457896	2.944114380538922	1.115923377504324	
FEFF:FFFF	65279	65535	1	560.7822461239235	2.5205924825763995	0.8506907031318613	
FFFF:FEFF	65535	65279	1	395.6003733196109	1.7778468222990025	0.4266398720688352	
FFFF:FFFD	65535	65533	1	321.55356380693325	1.4454629195555317	0.28187916987232514	
F7FF:FF7F	63487	65407	1	632.1511280147439	2.840991823054389	1.024099982766802	
FFEF:FFFF	65519	65535	1	591.5612606901177	2.6588428454220483	0.9535095893679826	
EFFF:FDFF	61439	65023	1	656.00999023281	2.9467099015765226	1.0603260469660627	
F7FF:FFF7	63487	65527	1	625.3241285260566	2.8102621077350576	1.002098694307416	
FFFE:FFFF	65534	65535	1	588.5496731059517	2.64531958003065	0.9441956545629827	
FFFF:7FFF	65535	32767	1	535.4118390079357	2.4558939517696627	0.7825236596487316	
FEFF:FBFF	65279	64511	1	587.7207120023002	2.627802588379808	0.9344663867517207	
FFBF:FFFF	65471	65535	1	592.052251491661	2.6610441359520838	0.9537481613025179	
AFFF:FFFF	45055	65535	1	939.5583943216642	4.219125445853734	1.518068778628813	
7F7F:FFFF	32639	65535	1	641.8052798567195	2.88616205201566	1.0370738467070202	
FFF7:EFFF	65527	61439	1	629.3957390037344	2.8961535960401883	1.0795860383449616	
FFFF:EDFF	65535	60927	1	538.1409451357765	2.478713098441739	0.7894223235170296	
FDFF:FFBF	65023	65471	1	599.8061840380744	2.6956839044676513	0.966043925350773	
BFFD:FFFF	49149	65535	1	807.4129120281636	3.627190665640085	1.2937613949628963	
FF7F:FDFF	65407	65023	1	597.3101375517322	2.6834969907380013	0.9689440136910978	
EFFD:FFFF	61437	65535	1	613.9062298040108	2.7589690334376593	0.9285420832167772	
DF7F:FFFF	57215	65535	1	787.5376849634	3.5372723747617094	1.268203205612405	
F7FF:FEFF	63487	65279	1	601.4604391362014	2.702386322697893	0.9271099843369864	
FFFF:FFF3	65535	65523	1	580.1782550568159	2.6077056032227475	0.9175565881825309	
FFFF:DFDF	65535	57311	1	530.5323599368334	2.2723732499675386	0.767886062898504	
FBFF:FFBF	64511	65471	1	603.2975537707912	2.711319235633284	0.9620029817459871	
EFFF:FFFB	61439	65531	1	636.1804531921501	2.8589604804069433	0.9971768636959192	
FFFF:FEFE	65535	65278	1	587.3947476022264	2.6393927922193896	0.9405360775642022	
FBFB:FFFF	64507	65535	1	600.912446197187	2.7007557854791218	0.9543022884730438	
FFFF:BFBF	65535	49087	1	468.9271336834394	1.9920330448375239	0.6001447458432082	
FFFF:FBFE	65535	64510	1	563.6435681307606	2.5202509551644487	0.8660933540837317	
FFBF:FFF7	65471	65527	1	588.3504109747587	2.644403771399117	0.9418606806566823	
7FFF:FBFF	32767	64511	1	620.6480663998675	2.776512491951049	0.9761787028844086	
FFFD:FFFD	65533	65533	1	521.138042306127	2.342517047381435	0.7402897984814452	
F7F7:FFFF	63479	65535	1	630.7118497548048	2.834465035383096	1.0192026648168573	
DFFF:FFFE	57343	65534	1	787.7253008910153	3.538111796765869	1.2726819436953072	
FFFF:FEF7	65535	65271	1	542.600338728069	2.4382445985258614	0.8025707021372995	
FFFB:FDFF	65531	65023	1	536.4331268583984	2.4101951012822647	0.7843545975188485	
FFFD:FDFF	65533	65023	1	582.2513068102728	2.615909166838737	0.9241009455931207	
FFF3:FFFF	65523	65535	1	585.2849585776728	2.6306576002848847	0.9334609950381639	
FFFF:FFEB	65535	65515	1	593.66880185753	2.6682631687116216	0.9607185922881	
BFFF:FDFF	49151	65023	1	803.4180550010237	3.6077722029120203	1.2811872718919157	
FFBF:FF7F	65471	65407	1	587.7838175884312	2.6419354013634173	0.9400534553728577	
6FFF:FFFF	28671	65535	1	603.060097583961	2.7116144459253344	0.8056018471336341	
FFF7:FFBF	65527	65471	1	593.5645198653455	2.6676950618050714	0.9601658413709306	
FFFF:F7FB	65535	63483	1	591.2247595997462	2.6563721771739894	0.9529314374063508	
FFFB:FBFF	65531	64511	1	557.9913130446679	2.494992423149982	0.8487162487312293	
FFFF:FDEF	65535	65007	1	585.0453868342458	2.628425505697842	0.9330430352620834	
FFFF:EFFB	65535	61435	1	551.7336192556882	2.539039189447784	0.8297912092991829	
FFEF:FFFE	65519	65534	1	545.7062948310497	2.452888771185714	0.8114316640003728	
EDFF:FFFF	60927	65535	1	561.9222430633201	2.5255067758732963	0.7659738713786057	
FFFB:FFEF	65531	65519	1	573.6299161063997	2.578273932450488	0.8968630112378464	
FFFF:FFF6	65535	65526	1	590.7046487038382	2.654977877242655	0.9511494570633918	
FFFB:F7FF	65531	63487	1	590.6813837212042	2.653910245415529	0.9510738660565697	
FFFD:FFF7	65533	65527	1	588.179227958586	2.6436394186046845	0.9429825348651019	
7FFF:FFFB	32767	65531	1	627.31476042604	2.821006309273769	0.9971374935447258	
FFFF:EF7F	65535	61311	1	572.4571614783866	2.6352707102508712	0.8932990165520195	
FFFF:F9FF	65535	63999	1	584.0149153658723	2.612669342024465	0.9298441327859767	
FFFF:FBBF	65535	64447	1	581.1113495324341	2.5984709634565357	0.9206043203933487	
FFFF:FFD7	65535	65495	1	594.733796695665	2.6729713610809522	0.964169434292707	
BFFF:EFFF	49151	61439	1	873.4395033545078	4.017221597517452	1.51442575011334	
F7FF:FBFF	63487	64511	1	618.8810057926279	2.7668567097938497	0.9816671947586179	
7FFF:FFBF	32767	65471	1	637.0287823962842	2.8645483333330355	1.0282833523011081	
FFF7:FFFE	65527	65534	1	535.1913288023239	2.4056539475072967	0.7806160691988631	
FFFF:FB7F	65535	64383	1	583.3210100232118	2.6088615660647863	0.9276195853364112	
FFFF:FFB7	65535	65463	1	589.1781291311764	2.647983220597931	0.9462440306338318	
FFFF:F7FD	65535	63485	1	573.7341283344911	2.577831017794306	0.8973865288480071	
FF3F:FFFF	65343	65535	1	595.554710418768	2.676762728242763	0.9614665384779102	
EFFF:F7FF	61439	63487	1	657.5619646648851	2.9538765293475455	1.0654601672722837	
7FFB:FFFF	32763	65535	1	632.9383301908043	2.846301812654609	1.014871463069726	
FFFF:FEFB	65535	65275	1	552.1854607267487	2.4813000766503475	0.831172897532775	
DFFF:FFFF	57343	65535	1	788.0527655951864	3.5395827213826436	1.2737390140272569	
FFFF:7BFF	65535	31743	1	285.49423414023073	1.1427372285741766	0.22261824032734598	
EFFF:7FFF	61439	32767	1	577.1031281206742	2.647098813811549	0.8221104181745617	
FEFF:FF7F	65279	65407	1	197.05548412418324	0.8857327986652273	0.10505978075913436	
FEFF:FDFF	65279	65023	1	581.7203453254785	2.613506657138152	0.9154207342044252	
FFF7:FFF7	65527	65527	1	554.6868668462938	2.4932153004240027	0.838516081853108	
FDFF:EFFF	65023	61439	1	645.3208556103292	2.9693237648265725	1.118217626465614	
DFFB:FFFF	57339	65535	1	783.2634936889657	3.518119395106133	1.2582071643726895	
F3FF:FFFF	62463	65535	1	644.5382042517264	2.896455959653308	1.0333723399054155	
FFFF:EFF7	65535	61431	1	613.2772235407064	2.822086365566305	1.0252324799045267	
EF7F:FFFF	61311	65535	1	656.066270758121	2.9482110662987977	1.0563477337096872	
BF7F:FFFF	49023	65535	1	818.0421988249208	3.674835324339968	1.3211598162864473	
FEF7:FFFF	65271	65535	1	598.3031568063452	2.68909816365411	0.9680976199844172	
7FFF:FFDF	32767	65503	1	317.4094115324501	1.4269456086245742	0.25513368468951747	
FF7F:FFFD	65407	65533	1	595.2847678140199	2.6755496620349457	0.9623547980923415	
FFFD:EFFF	65533	61439	1	626.85614124394	2.8844781870131286	1.0710750175803192	
DFFF:FFFB	57343	65531	1	783.9494657629161	3.5211903959532114	1.260523739494651	
FFFF:FFBB	65535	65467	1	592.2603345341633	2.661837070900188	0.9561687605518584	
BFFE:FFFF	49150	65535	1	589.5041387231324	2.649272729238841	0.6899997747585407	
EFFF:FF7F	61439	65407	1	538.1314029626291	2.4187348243341757	0.7135764044334652	
7EFF:FFFF	32511	65535	1	636.4700936727459	2.862132654799579	1.0105916656481382	
F7FF:FFBF	63487	65471	1	630.0231434758502	2.8312215922196864	1.0172154443598136	
7FFF:FF7F	32767	65407	1	638.7428424857645	2.872479813245456	1.0338332219958986	
FBF7:FFFF	64503	65535	1	594.6265665511793	2.6725301159600723	0.9343387063755062	
FFFF:FE7F	65535	65151	1	589.3122998772786	2.6481244821512004	0.946692124194658	
FF7B:FFFF	65403	65535	1	594.1001688770775	2.6702353515970625	0.9584211686086079	
BFFF:FFFD	49151	65533	1	812.5573219662048	3.650250127522167	1.310388756588238	
FF7F:FFFB	65407	65531	1	579.5021612823596	2.604676321536075	0.9120085565960171	
EFF7:FFFF	61431	65535	1	653.7296440155193	2.93773289763897	1.0526797299174517	
FFFF:FF77	65535	65399	1	588.9331191405532	2.6470866503696113	0.9454598460218152	
FF7F:FFDF	65407	65503	1	598.8411253089499	2.69142123186364	0.9738881156923543	
DFFF:FBFF	57343	64511	1	772.0160349794709	3.4496772630010657	1.2226660847214104	
7FFF:7FFF	32767	32767	1	587.4569039437839	2.692797321538047	0.8726067446016316	
F7FD:FFFF	63485	65535	1	627.6152626995023	2.8205647067574255	1.0093960325260372	
FFFF:FF7D	65535	65405	1	574.5132452766446	2.5823354007440242	0.8997329323302179	
FEFD:FFFF	65277	65535	1	494.3716146659042	2.2222442231353132	0.6611194030274883	
FFFF:FDDF	65535	64991	1	594.3658823565764	2.6702189038386246	0.9630065425940592	
7FFF:FFFE	32767	65534	1	537.0832223562073	2.4151388519235257	0.7307895981161534	
FFF7:FFFB	65527	65531	1	562.2170777080881	2.52705231518024	0.8614351018034068	
FF7F:FEFF	65407	65279	1	589.1413115795525	2.6472268623997026	0.9426116165057833	
F7FB:FFFF	63483	65535	1	624.7477900033463	2.807692029391699	1.000139390580303	
F7FF:EFFF	63487	61439	1	458.12649555865784	2.108251694219395	0.5379286646724173	
7FFF:FFF7	32767	65527	1	598.8011141899699	2.6927408520358536	0.9085017728684831	
7FDF:FFFF	32735	65535	1	638.2709222363696	2.8702806172746427	1.03036145235265	
EFFF:FFDF	61439	65503	1	655.4934583743958	2.945536908232639	1.0586186458350244	
FE7F:FFFF	65151	65535	1	589.5311570062009	2.6496984006047826	0.9366249619907743	
FFFF:FFFC	65535	65532	1	597.0191841624559	2.6833449295355734	0.9715904985590224	
FFFF:FFDB	65535	65499	1	542.8570408370826	2.439996526640115	0.8033194798875234	
FFF7:FBFF	65527	64511	1	583.0755324370004	2.607068551365499	0.9266248426974494	
FFFF:FF9F	65535	65439	1	576.9370922365939	2.5929317733688895	0.9073392370835295	
BFFF:FFF7	49151	65527	1	720.0827429006263	3.235444362945642	1.0292965292766052	
EFFF:FFBF	61439	65471	1	652.1503491604841	2.9304879031827147	1.0478544798502105	
FFBD:FFFF	65469	65535	1	509.80041875466765	2.291580035881375	0.7071398680001216	
FDFF:FFFF	65023	65535	1	599.5332902129495	2.6946040376659313	0.9651613498526342	
FFFF:FFDD	65535	65501	1	591.3164031498628	2.657636631980346	0.9531218732109888	
F7FF:FFFD	63487	65533	1	632.0170463901613	2.8403188059254254	1.0236579154833294	
FF7F:EFFF	65407	61439	1	636.3004003830019	2.9278872605348054	1.0995403514549245	
3FFF:FFFF	16383	65535	1	754.7825032347553	3.394959515839894	1.2175727525723996	
FFFF:FCFF	65535	64767	1	578.199690158254	2.597237104071784	0.9113505750174113	
FFEF:BFEF	65519	49135	1	516.724690488897	2.1961759845029745	0.7284515211044554	
DFFF:EFFF	57343	61439	1	825.2434423969731	3.7949351463466887	1.3969914846795093	
FFFF:FAFF	65535	64255	1	548.1220045329541	2.4514101754527964	0.8190622212360739	
EFFF:FFFE	61439	65534	1	646.3380964679666	2.904554766691106	1.0292618082545677	
FFFF:FDFE	65535	65022	1	535.1327711224263	2.4043546439977845	0.7806445341466723	
FFFD:FEFF	65533	65279	1	533.9514484423415	2.399413750116828	0.7771482741578851	
FFCF:FFFF	65487	65535	1	590.8902810491711	2.6558273700234585	0.9504672523522862	
FFFB:FFF7	65531	65527	1	591.551832908166	2.65878460537268	0.9537722098738901	
FFF9:FFFF	65529	65535	1	583.4060207336901	2.622219910971422	0.9276368821474129	
7FFF:BFFF	32767	49151	1	555.332360442021	2.3620404976079152	0.7826199588561409	
7FFF:FFEF	32767	65519	1	629.2877348814433	2.829838869970715	1.0034245815970508	
FFFE:FFDF	65534	65503	1	564.7940851894735	2.5385322169167295	0.8695232556519631	
FFFF:F3FF	65535	62463	1	591.0737295009308	2.6603400943772013	0.9524812902043537	
FEFF:F7FF	65279	63487	1	482.0826378333019	2.166195271593515	0.6287572326963287	
FF7F:FFBF	65407	65471	1	481.9914137048815	2.166504219405733	0.6309394428792399	
5FFF:FFFF	24575	65535	1	933.5623406427765	4.196217546382309	1.4750127392607064	
FFEF:FFFB	65519	65531	1	591.0434271285366	2.656514731660473	0.951841396094781	
F5FF:FFFF	62975	65535	1	639.2982018632522	2.8729707541618805	1.0316453378470782	
EFFF:EFFF	61439	61439	1	543.9882534108798	2.5028724503096567	0.7288668704382496	
FFBF:F7FF	65471	63487	1	495.4388378415625	2.226202278089209	0.6679639495468567	
FFFF:F7DF	65535	63455	1	594.0710207213307	2.6692348884970905	0.962129209460403	
BFF7:FFFF	49143	65535	1	803.1663332599383	3.608148400333033	1.2798886142615247	
DFF7:FFFF	57335	65535	1	784.5409141620352	3.5238442580728355	1.2621936782209968	
FFFF:F7FE	65535	63486	1	573.3695758824421	2.5761905256988413	0.8962465283708433	
EFFE:FFFF	61438	65535	1	474.73273612506136	2.133853510497783	0.5553643658197338	
BFFF:FFBF	49151	65471	1	814.0512999583794	3.65676432740928	1.3152185431917573	
FBFF:FFFE	64511	65534	1	601.0816129764423	2.7015129862197917	0.9549465453512538	
BFDF:FFFF	49119	65535	1	817.2250640825575	3.6711822694965184	1.3237513995476768	
FFFF:DFF7	65535	57335	1	543.3092843789458	2.327481174924404	0.8053189525095911	
FFFF:FBEF	65535	64495	1	585.1231439432487	2.616256010129282	0.9333561639747611	
FFFE:FFFD	65534	65533	1	591.9100596224486	2.660404662573077	0.9550071807852174	
FDF7:FFFF	65015	65535	1	594.1704219027495	2.670522019259011	0.9477585006923182	
FFFF:D7FF	65535	55295	1	362.62183228581927	1.5681951532418223	0.35871521351709595	
7FF7:FFFF	32759	65535	1	634.5072226654955	2.8533575060267977	1.0196780081365109	
7FEF:FFFF	32751	65535	1	639.9861510344615	2.878000255919219	1.0372707515457176	
FAFF:FFFF	64255	65535	1	616.1783875747814	2.7692794027699947	0.9958515529705048	
F7DF:FFFF	63455	65535	1	608.8123170854691	2.7361480032199936	0.9490046790107994	
F7BF:FFFF	63423	65535	1	627.3737362083658	2.819476180848674	1.0068243941083757	
FFBF:FFBF	65471	65471	1	580.6918644058427	2.609879461115451	0.9174999022604708	
FFEF:FFEF	65519	65519	1	391.85567949505	1.7614861298100943	0.4184216014598664	
DFFF:FF7F	57343	65407	1	371.48832089423263	1.669679175137098	0.28336963579298646	
BFFF:FFDF	49151	65503	1	814.4211292387532	3.6584761954662866	1.3164073674481982	
FFFD:FBFF	65533	64511	1	575.5839674486717	2.573598579230361	0.9031234836331693	
FF7F:FFFE	65407	65534	1	598.3583227271557	2.6893541829833194	0.9723166473784354	
FF5F:FFFF	65375	65535	1	594.2584445405822	2.6709440407993417	0.9581508345792595	
EFEF:FFFF	61423	65535	1	588.2184116824959	2.6436292762083577	0.8521581288412843	
FFFD:FFDF	65533	65503	1	582.0618236727883	2.6160827022591073	0.9234731996021138	
2FFF:FFFF	12287	65535	1	853.6451108357045	3.83967150511488	1.367217736145154	
F7FF:FFEF	63487	65519	1	552.8723654805522	2.4849038494503954	0.78339191601135	
F7FF:FDFF	63487	65023	1	625.5152590755383	2.809933763099053	1.0027461703408824	
BFEF:FFFF	49135	65535	1	813.5296935662996	3.6546158650363174	1.3127560715170483	
7FFF:EFFF	32767	61439	1	662.603170796503	3.0508756017212333	1.1127403020898547	
FFDF:FFFE	65503	65534	1	482.1501201980146	2.167338422675406	0.633126009778117	
FEFF:FBFB	65279	64507	1	572.725450398695	2.5608256282144812	0.8873955566193221	
FFEF:EFFF	65519	61439	1	635.5296021621982	2.9243529067065137	1.1005192740643885	
7FFF:6FFF	32767	28671	1	620.2299476918081	2.910642985971712	0.9729098241393344	
2FFF:7FFF	12287	32767	1	785.505060851412	3.601987227475913	1.1558285975881337	
BFFF:7FFD	49151	32765	1	743.7903649717713	3.412233590846509	1.1017762555742243	
7FFF:7FFB	32767	32763	1	574.7945688916022	2.6346050759930244	0.8354093265344217	
DF7F:FFFE	57215	65534	1	768.5079891823082	3.451979668493919	1.2077182076473236	
EFFF:FF3F	61439	65343	1	603.0405289057893	2.710115291873646	0.896038194616161	
6FFF:FFBF	28671	65471	1	704.0352496734967	3.165532545970883	1.0981136696306317	
3FFF:7FFF	16383	32767	1	697.6321263188394	3.198961413081572	1.0384824198473943	
7FEF:6FFF	32751	28671	1	576.7095016841505	2.7065303252031176	0.8407117858776522	
7FFF:6F7F	32767	28543	1	593.9637885790984	2.7884732182102314	0.8922722207525754	
6FFF:7FFF	28671	32767	1	661.2876205570776	3.030757381163003	0.966553226820948	
2FFF:3FFF	12287	16383	1	776.2609524834971	3.624409531000519	1.1257767842796593	
37FF:7FFF	14335	32767	1	867.690816447817	3.9774653400370026	1.2687867175163658	
3FFF:7FEF	16383	32751	1	691.9870403687682	3.171967371459559	1.0217482709234262	
BF7F:FFFD	49023	65533	1	814.4101283830182	3.658543528556255	1.309464479856816	
2FFF:7DFF	12287	32255	1	472.96616751105717	1.904348611028165	0.41948072702697087	
2FFF:7FEF	12287	32751	1	772.453532619565	3.540904262699167	1.117739977098378	
FDF7:FFEF	65015	65519	1	410.45429413717324	1.8450657572114206	0.4523230978655657	
3FBF:7FEF	16319	32751	1	691.2652815498724	3.1686416653294938	1.0134318844981562	
FFDF:FFFB	65503	65531	1	595.7764009429561	2.677767246569012	0.9666545648163491	
37FF:7FFE	14335	32766	1	876.6435785815871	4.0183909067905486	1.2950959574719785	
17FF:7FFF	6143	32767	1	2510.6906883422384	11.47482754543713	3.667207994097674	
2FFF:3FF7	12287	16375	1	777.5020581280139	3.6276533743614676	1.1293877360296918	
6F7F:7FFF	28543	32767	1	672.4804783644381	3.0819771110045777	0.9922578399068274	
2FFF:3FEF	12287	16367	1	779.4964064346593	3.634384181056361	1.1351951276665575	
6FFF:6FFF	28671	28671	1	690.6311397035413	3.2393415998079913	1.0532881246816386	
2FFF:3F7F	12287	16255	1	731.9098102943478	3.369306666503787	1.0011232204822647	
2FFF:3FDF	12287	16351	1	767.0229785652476	3.571029299605708	1.0992158280237916	
CFF7:FFFF	53239	65535	1	794.6640202330251	3.5691938038870332	1.1792492702661082	
3FBF:6FEF	16319	28655	1	716.8554686725213	3.365999040309255	1.090679241018722	
17FB:7FFF	6139	32767	1	2461.761203229718	11.252686232987337	3.522295345026835	
17BF:7FFF	6079	32767	1	2540.1372475708868	11.608676114823162	3.6846086924916164	
2FFF:7FFB	12287	32763	1	783.6609329589652	3.593258576596586	1.1504090798540174	
17FF:7BFF	6143	31743	1	1515.2574716327006	6.059223680088455	1.3455454158539992	
27FF:3FFF	10239	16383	1	920.1131665923546	4.294066696254561	1.1471041760494656	
17FF:6FFF	6143	28671	1	2655.9727799657626	12.478256533463977	4.156811512080412	
2DFF:3FFF	11775	16383	1	815.3590698784304	3.8065390116802402	1.16392261054262	
2FBF:7FEF	12223	32751	1	789.8087068714259	3.6204239899189856	1.1596139735048905	
2FFB:7FEF	12283	32751	1	783.0549077635586	3.5894930345559857	1.1480869321192304	
2FFF:3FE7	12287	16359	1	768.8683775799983	3.582412705646864	1.1044935203548705	
07FF:7FFF	2047	32767	1	2560.75896117428	11.749815154095899	3.296603248088222	
17FD:7FFF	6141	32767	1	2501.332543194167	11.432353626258834	3.638248361274264	
97FF:7FFF	38911	32767	1	1223.0850064499018	5.6129968967533	1.789026736108403	
17FF:7FF7	6143	32759	1	2489.5562385128433	11.37701174160299	3.606146893453993	
2FFF:1FEF	12287	8175	1	589.878035475954	2.4729083948665376	0.6529414479523687	
27FF:7FFF	10239	32767	1	1081.7376817512716	4.958065695577619	1.5909014229340037	
17FF:7FFB	6143	32763	1	2496.199879996444	11.408224596235026	3.6252654371056354	
17F7:7FFF	6135	32767	1	2512.1764138172616	11.481596068718739	3.663286715960608	
2F7F:3F7F	12159	16255	1	756.5162014175386	3.482303554196201	1.0572884286547728	
2FFF:2FEF	12287	12271	1	979.9321643830924	5.07187622372042	1.7874655509091868	
BFFF:7FFF	49151	32767	1	594.4799003438503	2.7268791092806643	0.7035504833355533	
17FF:3FFF	6143	16383	1	2483.574417145684	11.52212491544382	3.5422607170674545	
2FBF:3FEF	12223	16367	1	733.8417201289803	3.4218242527499054	0.9985453706218042	
A7FF:3FFF	43007	16383	1	955.5155884257823	4.466121673768109	1.3759735686013383	
2FFF:3F5F	12287	16223	1	731.0798391609084	3.356543614807891	0.9988958937500053	
07FF:3FFF	2047	16383	1	2861.1613049979715	13.332567133201048	4.069148034170588	
2F7F:3FEF	12159	16367	1	769.6321530661445	3.588465750496506	1.094148590753989	
17FF:2FFF	6143	12287	1	3257.758641895373	16.92527078329741	6.252109345525348	
2F7F:3FFF	12159	16383	1	792.5224526832212	3.70020580529417	1.1601033500111357	
2FFF:2FFF	12287	12287	1	1021.3670958428129	5.289340026872837	1.9413949024321862	
17FB:3FFF	6139	16383	1	2482.9059107417656	11.519109330922149	3.5362804401964203	
07FD:7FFF	2045	32767	1	2832.5184324577112	12.998519044170175	4.031607393414673	
07FF:7FEF	2047	32751	1	2861.404262150126	13.126658886926162	4.117372982938607	
2F7F:3FF7	12159	16375	1	679.8541142646912	3.172623348230897	0.8539702621755051	
07FF:7FBF	2047	32703	1	2837.0187033521147	13.001586216350592	4.047431806532812	
27EF:3FFF	10223	16383	1	1080.103987956418	5.038377664217264	1.5776973767492048	
97FF:3FFF	38911	16383	1	1212.9456581670565	5.67204148018594	1.7591376931632587	
0FFF:3FDF	4095	16351	1	1211.735280878043	5.64275128979345	1.6877351177640476	
07FF:7FFD	2047	32765	1	2836.4325159298005	13.015948424182609	4.045708237874589	
0FFF:2FEF	4095	12271	1	1628.8585557876384	8.43298616521507	3.039196014772098	
2DFF:3FEF	11775	16367	1	781.9699321996109	3.6458037747864536	1.0706815573146615	
2FFF:0FEF	12287	4079	1	1428.1278156172605	8.377207518333151	3.8141081635068166	
87FF:7FFF	34815	32767	1	1378.3964180089617	6.325942342876594	2.0574370486705966	
2FFF:3FFD	12287	16381	1	675.5858639737094	3.1544089411532212	0.8529351588243508	
0FFF:1FEF	4095	8175	1	937.9921365935388	3.9264918920780514	1.0092708890495994	
3FFF:1FEF	16383	8175	1	501.05156283281934	2.0999095414928193	0.5360576284236676	
177F:3FFF	6015	16383	1	2410.6330623456533	11.18978646589975	3.2586698250776736	
07FF:77FF	2047	30719	1	1986.20351858544	8.222333503349942	1.983882382470705	
6FBF:3FEF	28607	16367	1	665.0868119290869	3.1043120593776607	0.9759341707818795	
2FFF:3BDF	12287	15327	1	160.91733420515203	0.6200206710400865	0.04854152459435515	
2DFF:2FEF	11775	12271	1	1086.4712009462633	5.620736236754	2.0579104916515845	
06FF:7FFF	1791	32767	1	3327.522910248125	15.270358471073592	4.7904013367891345	
0FFF:3FEF	4095	16367	1	1242.6820243670477	5.795231445184382	1.7749038959028216	
27FF:3FEF	10239	16367	1	1078.24640045643	5.022681876922239	1.5741618027226782	
2FBF:2FEF	12223	12271	1	1024.0056874986822	5.298993383863087	1.9365007852954113	
07FE:3FFF	2046	16383	1	2858.5194293675827	13.320341763798067	4.060349543568075	
2FFF:0F6F	12287	3951	1	1383.1262716283873	8.044111909355717	3.5781806209108193	
07FF:3FFE	2047	16382	1	2846.0194414484918	13.261440545867128	4.026421597857588	
17FF:3FFB	6143	16379	1	2481.9447445920173	11.511104818730562	3.537774343319545	
07FB:3FFF	2043	16383	1	2856.338738762385	13.310272364644714	4.04719759270091	
0FFF:0FEF	4095	4079	1	2277.990018831276	13.198093357408743	5.801477486065919	
2FFF:0F6D	12287	3949	1	1390.666833153353	8.086970912798431	3.617341457721198	
0FFF:0F6F	4095	3951	1	2197.61875070396	12.638251467421053	5.410366265270789	
07FF:3FFD	2047	16381	1	2838.134939859296	13.223702082175572	4.004283766881617	
2FFB:0FEF	12283	4079	1	1429.3488333271964	8.384377162940554	3.818820516815382	
0FFF:3FFF	4095	16383	1	1242.8873385765735	5.804292571873356	1.7754142898123053	
87FF:3FFF	34815	16383	1	1364.2894179707137	6.379933176594065	2.0151258239502394	
2FFB:0F6F	12283	3951	1	1397.8580023239756	8.129733309260732	3.6531253160574106	
0FFF:0FED	4095	4077	1	2259.700775628291	13.093043949230601	5.710044872120034	
0FFF:0F6E	4095	3950	1	2233.021462955492	12.836698928003864	5.583858961061768	
2BFB:0F6F	11259	3951	1	1594.7209705025612	9.278246265655445	4.1793809856009565	
6FFF:0FEF	28671	4079	1	1209.9544882997784	7.106527955721662	3.244873970874783	
1FFF:0F6F	8191	3951	1	2104.5223536557264	12.18868146733005	5.427987086500818	
0F7F:0FEF	3967	4079	1	2302.517039795955	13.342211991763294	5.867842189533149	
0FFF:0FE7	4095	4071	1	2155.0225017310427	12.494685780686554	5.20004093451606	
0FFE:0F6E	4094	3950	1	2229.643998262651	12.817705974254872	5.566211200619807	
0FFF:0FEE	4095	4078	1	2280.7767640283673	13.213402652120068	5.815535045715652	
0FFE:0FED	4094	4077	1	2278.7290024832437	13.200486434199894	5.804353317386781	
37FF:2FFF	14335	12287	1	1118.1839924654032	5.795914220650137	2.1006145613514757	
1FFF:0F4F	8191	3919	1	2085.008036798754	12.04963575124412	5.328896154116209	
8F7F:0FEF	36735	4079	1	2212.5118293624287	12.98431067552488	5.9318527280017594	
07FE:2FFF	2046	12287	1	3728.8542583000904	19.233909498893453	6.8494805503175815	
1FFF:0F6E	8191	3950	1	2097.8422770923585	12.150083058796504	5.3937406162036385	
0FFE:0FAD	4094	4013	1	2257.909374031372	13.020172748604848	5.703399736416494	
07FF:2FFF	2047	12287	1	3743.16854329523	19.306758899548385	6.903968775107508	
0FEF:0F6F	4079	3951	1	2179.069718152199	12.533467425260449	5.32853957166954	
2FFF:0F6E	12287	3950	1	1398.4746439782102	8.133118222647346	3.6580950034382944	
07FF:2FFD	2047	12285	1	3697.3790479625864	19.071979368986273	6.737699670548511	
4FFE:0F6E	20478	3950	1	1899.3994156123813	11.044229384690883	4.952429474204014	
17FF:6FFB	6143	28667	1	5.367937872352835	0.02518057038765694	1.692686280009649E-5	
3FBF:6FFF	16319	28671	1	2.561373745401219	0.012015129409288389	1.3906246161127496E-5	
07FA:2FFF	2042	12287	1	1.4021283501901742	0.007270673025437983	9.822779358021836E-7	
FFCF:FF7F	65487	65407	1	1.2874689341092496	0.005784701108348768	4.513413677197955E-6	
07FD:7FBF	2045	32703	1	1.4471835866693896	0.006622787114973993	1.0494320417237765E-6	
FFFF:7F77	65535	32631	1	1.5872133599623377	0.007253970669962344	6.867814351916245E-6	
73FF:FFFF	29695	65535	1	1.6287166107719553	0.007317806671622186	5.610625598127883E-6	
2DFF:2FED	11775	12269	1	2.5865752327256044	0.013401357576133744	1.1730098811470514E-5	
FFBF:E7FF	65471	59391	1	1.2055061198818005	0.005589163166894219	3.954007863532265E-6	
3FF7:FFFF	16375	65535	1	1.8085043612474052	0.008125594488156942	6.972425324589497E-6	
3FFF:6FEF	16383	28655	1	1.2055295635640035	0.0056551494487884135	3.0992111538653556E-6	
FFEF:7FFF	65519	32767	1	3.879400487769628	0.017777654399482236	4.100981586671876E-5	
1FFF:7FFF	8191	32767	1	3.9014245151966005	0.017878479138206747	1.8849515476887522E-5	
0DFF:0FED	3583	4077	1	1.2292191100735397	0.007203464746477599	1.5129202639470486E-6	
2FFF:FFEF	12287	65519	1	1.7965060039799767	0.008071551916750555	6.044311425752275E-6	
3FAF:7FEF	16303	32751	1	1.4882739301670465	0.006817680078681817	4.692833896314984E-6	
FFEF:EFDF	65519	61407	1	1.2228704446730918	0.0056248981223182785	4.0747433537625306E-6	
0FBF:3FDF	4031	16351	1	1.118819853889103	0.005209285107388219	1.4192443278145055E-6	
27FF:77FF	10239	30719	1	1.108485893821179	0.004584266900122477	1.6737622967021617E-6	
BFF7:FBFF	49143	64511	1	1.1912896903574393	0.00532446626107004	2.8205557973782915E-6	
CFD7:FFFF	53207	65535	1	1.3467995780101605	0.006051150807867937	3.3931691423116552E-6	
1FFF:0F5F	8191	3935	1	1.3036757256322042	0.007565769691736229	2.099565058319357E-6	
B7FF:EFFF	47103	61439	1	1.5504996848512143	0.007131594550238343	4.358073533246558E-6	
FFFF:EF77	65535	61303	1	1.456156292619136	0.006700136665406764	5.780097773061145E-6	
EF7F:EFFF	61311	61439	1	1.4325616629327154	0.006589137831857398	5.039421298870632E-6	
D7FF:FBFF	55295	64511	1	1.1603981311316776	0.005186395998088242	2.631688351959224E-6	
7FF7:FFFB	32759	65531	1	1.1334983987590055	0.0050927879657650795	3.2501915031880833E-6	
5FFF:FFBF	24575	65471	1	1.107643356467334	0.0049763476738395275	2.0766956338544353E-6	
7F6F:FFFF	32623	65535	1	1.1958664132031214	0.00537301292417962	3.5942314947032965E-6	
0FFB:3FDF	4091	16351	1	1.1745329691379554	0.005468688799919881	1.5862996850686825E-6	
2F7F:7FFB	12159	32763	1	1.5164169207398805	0.006948513471488016	4.257158580308695E-6	
16FF:3FFB	5887	16379	1	1.293035136128843	0.006035927039217777	9.083661871440617E-7	
FEFD:FBFF	65277	64511	1	2.10954330166423	0.009428629745588332	1.2041253511043443E-5	
17BF:7FDF	6079	32735	1	1.2078410902356063	0.0055308399660924145	8.416288433668041E-7	
DFFD:FFDF	57341	65503	1	1.4043312138231498	0.006309395468141053	4.053330845305599E-6	
07FD:7FFB	2045	32763	1	2.0114186353343118	0.009216689855814525	2.0272492775936504E-6	
2FFF:0F4D	12287	3917	1	1.543351763762287	0.008946552483400691	4.449214571384991E-6	
2FFF:3E7F	12287	15999	1	1.7245036460258252	0.0073041271530200425	5.572346959457313E-6	
DEFF:FFFB	57087	65531	1	1.994659776428722	0.008961981278519741	8.12715705458382E-6	
17FB:6FFF	6139	28671	1	1.9504770502310056	0.00914943953966947	2.2322650310549607E-6	
0FFE:0F7E	4094	3966	1	1.4655224425057027	0.008524642365114745	2.4659012486641787E-6	
FFFF:FFBD	65535	65469	1	1.9348340427168578	0.00869270803044264	1.0207061297290778E-5	
16FF:6FFF	5887	28671	1	1.2796264398499873	0.006002562039454656	8.89595843511374E-7	
27FF:7FEF	10239	32751	1	1.692381654588333	0.00775267690260601	3.898007109548657E-6	
BFF7:EFFF	49143	61439	1	1.4715659895903908	0.0067685361572724975	4.302752362500929E-6	
7FFF:FDF7	32767	65015	1	1.0023790147841973	0.004501682097517055	2.54291475701073E-6	
9F7F:FFFD	40831	65533	1	1.6687484855063064	0.007497643726392813	3.479091867672816E-6	
3FFF:5FEF	16383	24559	1	1.8417398965472735	0.007640116225144956	7.2414496556867235E-6	
F7BE:FFFF	63422	65535	1	1.8850205100180233	0.00846938898973826	9.09437632949352E-6	
17FF:7FFE	6143	32766	1	1.5316521013802344	0.0070187096641816495	1.3783858640229728E-6	
07FD:7FFE	2045	32766	1	2.0746553694944634	0.009506992957301718	2.156720890491176E-6	
0FEF:0F4F	4079	3919	1	1.829149503044943	0.010604465814187964	3.84816869194394E-6	
F77F:FFFF	63359	65535	1	1.81362808355258	0.008148621578712179	8.40269714111929E-6	
FFFF:FF9E	65535	65438	1	1.534378321887935	0.0068933046138342745	6.419163020999484E-6	
FEFF:BDFF	65279	48639	1	1.435856009649579	0.006054841980805458	5.5816344919804854E-6	
EFEF:FF7F	61423	65407	1	1.8716934560264562	0.008409677944659364	8.633875395929172E-6	
E7DF:FFFF	59359	65535	1	1.9715000698529366	0.008857938938325375	8.989945507168954E-6	
07FF:2FFE	2047	12286	1	1.6652024864123354	0.008634559356185886	1.3887422209430109E-6	
6FFF:2FEF	28671	12271	1	1.4115278209445987	0.007313950523955114	4.404006687240905E-6	
07FF:37FF	2047	14335	1	1.4135288860313577	0.0054282992936819825	1.0033856594060767E-6	
7F7F:FFFE	32639	65534	1	1.996169529149386	0.008968773863117941	1.002028760865474E-5	
03FF:7FEF	1023	32751	1	1.7507949654046788	0.008020247889229169	4.956074519118206E-7	
BFFE:FFDF	49150	65503	1	1.2999525112070278	0.005840439880010353	3.359353055462403E-6	
FBF7:FF7F	64503	65407	1	1.873982847069824	0.008419967231642468	9.283645430669023E-6	
06FF:3FFD	1791	16381	1	1.7644175974064225	0.008237565654543226	1.3427938557446348E-6	
2FDB:7FEF	12251	32751	1	2.060280404126189	0.009438008686438655	7.914187008996754E-6	
07EE:2FFF	2030	12287	1	1.1849994853761823	0.0061447604949402	7.058857724173136E-7	
FFFB:FBF7	65531	64503	1	2.070359582852187	0.009253581015763502	1.1686287107918804E-5	
1FFF:2FFF	8191	12287	1	1.3530603441298459	0.007016239910357227	2.2644612043169017E-6	
0FFE:0F8D	4094	3981	1	1.850722360050321	0.01076528752458342	3.9325239874832974E-6	
07FA:3FFF	2042	16383	1	2.0636749254122666	0.00963634349529894	2.1300528678579346E-6	
27FF:2FFD	10239	12285	1	2.05431976570192	0.010651624357114241	5.73655084756371E-6	
FF3D:FFFF	65341	65535	1	1.5473418596831865	0.006952195940675579	6.491682855140043E-6	
F7FF:EFEF	63487	61423	1	2.063006461526886	0.009489157151972434	1.0910783857047009E-5	
97FF:7FEF	38911	32751	1	1.0506837308777663	0.004813100499585581	1.316389120967481E-6	
07FB:7FFF	2043	32767	1	1.8538173075349302	0.008495180509168556	1.7197394483106978E-6	
0FAF:0F6F	4015	3951	1	1.4247882166313108	0.008279005856885445	2.2999376015384048E-6	
06FF:3FFE	1791	16382	1	1.5807394441068086	0.007380715237792596	1.0777723410770648E-6	
2DFF:0F6D	11775	3949	1	1.1749749233951996	0.006826605331896154	2.417505390502772E-6	
FFFD:BEFF	65533	48895	1	2.0256458332094747	0.008578910389790247	1.1192874207377741E-5	
FFEF:BBEF	65519	48111	1	1.670763183836679	0.0068032462571987395	7.614284003351987E-6	
F7FF:FFDF	63487	65503	1	1.1448541555992353	0.005143614210501936	3.3608417313650313E-6	
07FD:6FFF	2045	28671	1	1.6893561791037173	0.00792455241915115	1.4297166195113463E-6	
3FFB:1FEF	16379	8175	1	1.6427005378244053	0.006880528578265069	5.758177655718568E-6	
0DFF:3FFF	3583	16383	1	2.0368798017408434	0.009511233077404303	4.164182804528184E-6	
3FFF:0F6E	16383	3950	1	1.9174699527804684	0.011141597842351941	7.823102455970946E-6	
F7FB:FFBF	63483	65471	1	2.035187305327315	0.00914358686247062	1.06195818062229E-5	
FFEF:BFE7	65519	49127	1	2.0297615609901634	0.00862051736479363	1.1234070497209623E-5	
2FBD:7FEF	12221	32751	1	1.648139120969107	0.007550010791280953	5.046514856406065E-6	
87FF:7BFF	34815	31743	1	2.022073057550994	0.008088677827693366	4.4196583642442635E-6	
DFF7:FFFB	57335	65531	1	1.566324417743231	0.007037469930568426	5.041703858859167E-6	
BFBF:7FFF	49087	32767	1	1.6004134647092791	0.007333965235220425	5.077930126902499E-6	
07FF:7FAF	2047	32687	1	1.6782859932743763	0.00767772765178545	1.4123899337893007E-6	
EDFD:FFFF	60925	65535	1	2.028264897279127	0.009112986287640517	9.986061299837977E-6	
47FF:77FF	18431	30719	1	1.587352626968948	0.006564675308561328	2.8128043642744723E-6	
0FFB:0F6F	4091	3951	1	1.0477530955194811	0.006088168310645781	1.2593983659921012E-6	
07FE:2FFB	2046	12283	1	1.2583501351523663	0.006524011186062184	7.927757785797996E-7	
FFFE:FDFF	65534	65023	1	2.0247969167728463	0.009093417429690973	1.117803342444453E-5	
FFFF:FBF6	65535	64502	1	2.024457024655777	0.009048424350682819	1.1175079865518926E-5	
7AFF:FFFF	31487	65535	1	1.3352143331304844	0.005999101810744384	4.106396928184948E-6	
FFBD:FDFF	65469	65023	1	2.021472564041615	0.009078487498644634	1.1120809533254178E-5	
0FFE:0DED	4094	3565	1	1.4312466469041996	0.006793212703347442	2.3569620324553386E-6	
FF7E:FFBF	65406	65471	1	2.018246794858357	0.00906747977920735	1.1064608072215118E-5	
F73F:FFFF	63295	65535	1	2.0182534294917254	0.009068006813922957	1.0386728835940936E-5	
077E:2FFF	1918	12287	1	2.025343608028971	0.010502330589310022	2.017357418131006E-6	
FFFB:EFFF	65531	61439	1	1.95515646898053	0.008992854539537938	1.0419219364798709E-5	
FFFD:7EFF	65533	32511	1	1.5158767086385285	0.006825033478621781	6.2648496249409165E-6	
077F:3FFD	1919	16381	1	2.0161771090166454	0.009412961626952073	2.0018604713477643E-6	
07FF:2FDD	2047	12253	1	1.491386502566573	0.007720555443158143	1.1139759142107299E-6	
BFFC:FFFF	49148	65535	1	1.482156498875313	0.0066593103030765065	4.3667146562395035E-6	
97FB:7FFF	38907	32767	1	2.012733803252109	0.009223434263288215	4.8302779584882756E-6	
0F7F:0FE7	3967	4071	1	2.0223563797139903	0.011845378552240568	4.647543804545571E-6	
1FFF:0D6E	8191	3438	1	2.0122483928375523	0.009255289691855599	5.014191572941468E-6	
F7FF:FFFE	63487	65534	1	2.0089185677647836	0.009026056314140498	1.0348369021911061E-5	
F7EF:EFFF	63471	61439	1	1.7030635174082298	0.007833331011244825	7.432431138532676E-6	
27FF:3FFB	10239	16379	1	2.0097482540228113	0.009381584450568635	5.496044223413458E-6	
0EFF:1FEF	3839	8175	1	2.006968954480391	0.008406272735813874	4.341847035336459E-6	
17BF:7FEF	6079	32751	1	2.006363066448535	0.009190992351088232	2.322293497629699E-6	
07FF:1FFF	2047	8191	1	1.9906900894598245	0.00836115259286673	1.9886075812837677E-6	
FFFD:EDFF	65533	60927	1	2.003183331877118	0.009221944967598306	1.0937914396025885E-5	
0FFF:1FFF	4095	8191	1	2.0023803860106506	0.008410264265713507	4.619181783892134E-6	

