BMLVN	12	x2
metabolism	0.9970000
mutations	0.0000100
catastrofic	0.0010000
minWeight	0.1
start biomas	2.0	_
env.size	25000.0
feedSourceH	0FF
feed port max	350000.0
timeQuant	0.01

key	suscepBits	activeBits	maxsize	popBiomas	currincome	currloss
AFF:7FD	2815	2045	1	3453.7200062699562	79.4756081884253	58.17708105992716	
0A7:0EE	167	238	1	12591.405366949273	619.344551315616	585.5820323405903	
8EF:7FE	2287	2046	1	4335.780174468971	100.06543971174547	72.31721698046823	
2FD:7FF	765	2047	1	4146.604497031984	95.45434864670028	67.3853321500562	
777:000	1911	0	1	19056.7914503765	2029.8023681640625	1972.8149716082185	
1DF:5FE	479	1534	1	3707.322692050642	85.75374259556918	65.59500016289817	
2DF:FFF	735	4095	1	3133.3262862810416	48.274482211890565	32.4929712693457	
BFB:FFD	3067	4093	1	1756.803119820969	27.00671658968878	17.457165280886134	
007:FFE	7	4094	1	7495.307964597878	116.03005702649622	106.87932001805748	
3BF:FFF	959	4095	1	2799.4483469813404	43.13601268717232	29.60658205695925	
FF7:7FF	4087	2047	1	1939.8346000909166	44.764978100731746	30.353717167141877	
0FF:000	255	0	1	17747.464240349786	2464.055419921875	2083.9829362445184	
BFB:FFF	3067	4095	1	1777.6743155719807	27.362978769159874	17.87714519712767	
1FF:FFF	511	4095	1	2122.421215729257	32.79476565179005	25.6396968793161	
00E:FF7	14	4087	1	7442.6553332958865	115.21672482666213	104.53284436317254	
117:FF7	279	4087	1	11205.970922567405	173.20525727464027	139.66165897068586	
07F:0FB	127	251	1	8765.72229225232	478.9940349903839	465.7143618170156	
FFF:000	4095	0	1	13794.767361088156	1591.81982421875	2047.3254491756409	
002:FDF	2	4063	1	14432.876566909175	217.33573299777802	168.69231252940304	
046:FDF	70	4063	1	4589.969150980029	69.03746646688873	48.255002447976516	
7DF:FFF	2015	4095	1	1745.5966602758058	26.895654939707907	17.735278315546385	
FBF:7F7	4031	2039	1	2160.534296318101	49.72263928890207	36.25424039610117	
DE7:FFF	3559	4095	1	1449.5978685588334	22.323957762165335	14.489262793164432	
00F:000	15	0	1	24637.510438737896	2113.7744140625	1180.7346702963164	
04A:FFF	74	4095	1	4566.167188574253	70.52589753258056	50.630244319478564	
087:007	135	7	1	13990.707609430026	604.587095789993	575.2584100861287	
014:FEF	20	4079	1	11437.843955390454	175.78513671542734	166.9491095486487	
003:FD7	3	4055	1	12762.79043926552	192.04111284541105	144.92981295870078	
003:FD5	3	4053	1	13338.282358160122	200.5668177785348	158.46412511076318	
DEF:7DF	3567	2015	1	2171.338441368986	45.70346422373539	32.594303708517884	
1B7:FFF	439	4095	1	3110.0874200484477	48.02176008421177	36.86191511591743	
555:000	1365	0	1	22708.87809158603	3124.7509765625	1936.7273632173208	
2FF:7FF	767	2047	1	4358.651911867209	100.38542654193218	75.14556094227521	
002:FFF	2	4095	1	16895.348293037896	261.63288989682957	231.91168506119055	
0B7:FFF	183	4095	1	2711.8727583990744	41.92944288822126	32.93945421661625	
8E7:0FC	2279	252	1	13024.707941278928	657.2178118540171	653.7432892674408	
083:007	131	7	1	14155.145672134779	611.4499882845406	576.1471093551165	
043:FDF	67	4063	1	5365.0508285726455	80.79618068534668	63.19281220822696	
006:FFE	6	4094	1	8423.427591652111	130.23974670390007	109.73536359635746	
FDF:FFF	4063	4095	1	1225.6102862233017	18.878198466058443	12.067864443340557	
002:FF5	2	4085	1	10329.399734476721	158.80671575718068	85.76657901509543	
036:FF7	54	4087	1	4405.247620463033	68.12935423841667	57.503498801276734	
1ED:7FE	493	2046	1	3602.493260655182	83.10899467245957	66.34589284931421	
004:FFF	4	4095	1	15440.670795384518	239.3183617033386	225.85557936786665	
17B:1FB	379	507	1	14359.334457315243	625.6440422912456	552.2221710051227	
0FD:FFF	253	4095	1	1688.6319514003392	26.090573379194137	19.32245540796452	
0AB:5FE	171	1534	1	4545.751482060369	105.30604599424173	81.21381344766654	
067:0FE	103	254	1	13712.040672846022	692.5002893082126	667.9245335267354	
FDF:FDF	4063	4063	1	1131.6104511944716	16.973883711752567	10.282093599815274	
1FF:FBF	511	4031	1	1907.6651478327633	27.69225314365271	20.717103704045297	
023:FFF	35	4095	1	7398.634111959936	114.44499094456812	93.2476633075137	
DF7:FFF	3575	4095	1	1304.2455765207503	20.073594387607752	11.79081084957149	
9FF:FBF	2559	4031	1	1985.8054736714744	28.70026973236048	17.91261457819457	
0AF:7FF	175	2047	1	5106.245688148673	118.5694817883394	105.77279295840293	
DFB:FFD	3579	4093	1	1159.066804348939	17.80497888915784	9.30414307118224	
00B:FD5	11	4053	1	10854.758213827796	163.36570637286428	138.6419185109685	
037:FFE	55	4094	1	3867.0883740804425	59.74113672175167	47.07449428810796	
FFF:FBE	4095	4030	1	1074.5940109657636	15.533650951871367	9.364548017773929	
FFF:FEF	4095	4079	1	1174.3895250243331	17.93365264414379	11.182007411320367	
0B6:FFF	182	4095	1	2439.997700651252	37.678478074262266	26.52589151901039	
3FF:7FF	1023	2047	1	3807.50621301916	87.74488879234096	68.35217877320088	
037:FF7	55	4087	1	3898.657873649791	60.24849066935124	47.85548704771111	
02F:7FE	47	2046	1	7095.167666375849	164.2117278467657	138.77168408763944	
FE7:FFF	4071	4095	1	1203.77485342472	18.539814899620996	11.655840240327189	
2E7:0FE	743	254	1	13668.268064241865	694.9188753841684	664.5545391556641	
1CE:7FE	462	2046	1	4342.039966851936	100.17683641878831	83.70192925477879	
0EF:7FA	239	2042	1	2935.830443699117	67.14402101530284	53.06183104689342	
FFF:FEE	4095	4078	1	1114.8895138155333	17.004619742970235	10.069301259164469	
003:FF7	3	4087	1	11425.951198381405	176.2002709950341	115.78781546599267	
006:FEF	6	4079	1	8472.32518686741	130.01847474562058	111.05660002283469	
037:1FF	55	511	1	14508.258052068275	708.3391559254694	656.9948917512178	
00A:FF5	10	4085	1	12551.417062434582	193.67543246797416	150.71459085840328	
00A:FDF	10	4063	1	13632.26981122103	205.56128189191708	178.29596922580126	
066:0FE	102	254	1	14180.30920353381	715.8298203599445	712.2331514672312	
2E7:1FE	743	510	1	11601.150952936312	561.217090302357	478.8338551600262	
00A:FFD	10	4093	1	12273.429238833995	189.45429580391345	144.03232772833914	
015:01F	21	31	1	24547.45789110714	1053.7140361020056	659.5461237313214	
067:0FF	103	255	1	13896.326556469165	709.3115986110811	685.6204017596556	
043:FFF	67	4095	1	4597.258253887544	70.93346612964828	46.20546217872993	
08F:7FE	143	2046	1	5489.140724966086	126.75100498010043	94.5218492799575	
067:0FD	103	253	1	13295.618416624047	662.2700849933756	627.6720042746326	
017:FEF	23	4079	1	4726.6526572386365	72.18619796602401	38.76833060716573	
0AF:5FE	175	1534	1	4518.142649470942	104.69900129360963	82.23843470395933	
1AF:5FE	431	1534	1	5228.877904291799	120.78557987703473	97.46395359383472	
137:FF7	311	4087	1	7124.261927532315	109.85906101476768	71.89302197526156	
0AF:5DE	175	1502	1	3788.699938309361	80.41579106087829	57.8290239225289	
27F:7FF	639	2047	1	8587.392323859503	195.4298214040897	137.45639618274512	
005:FFF	5	4095	1	12592.505280074705	195.23016140602184	187.880895244289	
0F7:FEF	247	4079	1	1683.3410391248854	25.77613963591224	18.301737184633772	
0E7:1FF	231	511	1	7266.476700849072	353.62480278466563	306.9659791198241	
1FF:7EE	511	2030	1	3133.6592506750335	70.92923421548456	55.6506169166442	
EFF:FFB	3839	4091	1	1038.8214663990982	15.916495090134172	7.836455082881636	
00A:FFF	10	4095	1	13888.8917362732	214.99065321805196	185.01331488144262	
8EE:7FE	2286	2046	1	4570.777383071937	105.58512087288463	80.48635079183079	
056:FFF	86	4095	1	3829.438658634422	59.15394006537782	42.92404826589553	
022:FFF	34	4095	1	7751.04134977975	119.94666346276587	101.0047626895619	
0F7:FD7	247	4055	1	1240.576256689869	18.604609237334316	9.888791855254171	
FFF:FFD	4095	4093	1	1083.3331931168448	16.653797480037714	9.500582301056083	
117:7F7	279	2039	1	15.7827676407262	0.35778723332984225	2.662475969623156E-4	
8EF:7FA	2287	2042	1	3833.0012902001486	87.43013241759516	56.323357482784196	
0AF:7F6	175	2038	1	4210.984195861566	96.86397713416507	71.42724167107983	
014:FFF	20	4095	1	2460.9140650586523	37.70902663027128	7.552323273232043	
107:FFF	263	4095	1	5543.831285752766	85.17434200115778	31.80104807775674	
867:0FF	2151	255	1	13460.449567209747	702.7204877823699	656.6593419725161	
036:FFF	54	4095	1	4131.064073318583	63.87685002778833	50.48435948176049	
086:007	134	7	1	14025.012665433886	606.1499091109123	578.6109049470404	
004:FFE	4	4094	1	12955.915407279865	200.15926346310857	158.2651629842319	
037:0FF	55	255	1	16646.068275344223	856.2542256708202	862.55781858869	
DFB:FFF	3579	4095	1	417.32817944092716	6.392524572014864	1.19558591862698	
FDF:FBF	4063	4031	1	785.0185885217951	11.336752589295374	4.929481605671777	
00B:FDF	11	4063	1	1881.6420794502696	31.19488970000859	5.038668797634251	
017:EFF	23	3839	1	1284.1401484015676	17.673274050111115	2.8357949842914687	
0E7:0EE	231	238	1	8163.610857286866	407.528771491105	385.44640671247544	
BFE:FFF	3070	4095	1	1384.0434819834074	21.277070705324995	10.814329066268165	
1AD:7FE	429	2046	1	154.85340965710841	3.5172548987713235	0.08234272013640055	
0E7:0BE	231	190	1	6837.625736831	295.7636619340509	272.70725274746246	
1DF:7FE	479	2046	1	3565.8212870306156	82.15895896245377	60.6768532549154	
00B:FDD	11	4061	1	2304.1112855947854	34.34670588681901	6.122980194274383	
067:0F7	103	247	1	13758.427844309961	706.1336015946949	670.5343611688937	
0BF:5FE	191	1534	1	3434.4066570911027	79.51186242469629	57.25963294355945	
106:002	262	2	1	24269.84266388258	615.5982145122725	621.3883330494815	
067:0FB	103	251	1	13201.02810306693	644.4655534433354	620.2739342011386	
137:FFF	311	4095	1	6019.0593665683755	92.72890895888078	51.155156313895596	
1AF:7FE	431	2046	1	5286.655840897897	121.79204758171967	99.84901565707077	
067:0FC	103	252	1	13361.890151908925	658.4773847465955	635.1838950892283	
0E7:0DE	231	222	1	5889.505057215574	218.61376080492437	202.45912036081387	
006:FBF	6	4031	1	5360.009997738502	77.6054518488626	44.09399803601895	
002:F5F	2	3935	1	3096.3817539829374	44.33328573225729	7.63302609926215	
015:FFF	21	4095	1	2616.758061175537	40.11679429691707	9.326814783977213	
0C7:0FE	199	254	1	10908.001701366493	548.2812517865424	538.5097444239431	
0ED:7FC	237	2044	1	2448.389419603889	56.12803861263932	36.298465309805415	
DFF:FFE	3583	4094	1	940.4854365587701	14.43684108628174	6.120233122245284	
3DF:FFA	991	4090	1	591.7458513391736	9.021460807851419	1.4414712441568573	
00E:FDF	14	4063	1	1472.0738091827325	21.97109811721556	4.001883579878561	
375:7FF	885	2047	1	5186.4868875556795	118.8185540636682	77.23192521246027	
3EC:7FF	1004	2047	1	3066.8657921202107	70.46888217006655	40.22836143721869	
0E7:0FF	231	255	1	8427.923830652917	431.73717655720304	411.28675183725665	
0AF:0FE	175	254	1	12088.496060084606	605.2226430224426	573.3850655436278	
00F:7FE	15	2046	1	17.840631713343218	0.40502332375229516	6.387864506615292E-4	
097:07F	151	127	1	16148.769045797402	895.5952193005764	872.693453327917	
FFF:F7B	4095	3963	1	480.1688809697851	6.988151869866493	1.853390955734275	
0B7:FFE	183	4094	1	341.42016364915503	5.218999735178958	0.5112201037427563	
037:07E	55	126	1	16925.991894562183	882.5209453991703	873.9419517131389	
067:0F5	103	245	1	10791.855608876418	539.6211605218085	407.1942228900376	
00B:FF7	11	4087	1	8652.27331902716	133.4253331171913	87.55607571011188	
002:F7F	2	3967	1	8515.515960616915	124.74224617777405	58.202514876002866	
DFB:FFB	3579	4091	1	621.0110219911716	9.49064157539601	2.6540731422136536	
087:00F	135	15	1	11437.70237727132	404.54102064831045	384.7500913039446	
0AF:7FE	175	2046	1	3146.016234807002	72.31366318072948	39.51760580578772	
0A7:7FE	167	2046	1	3569.5846202711996	82.12534064194199	48.17938417000904	
013:01F	19	31	1	25000.0	1093.1475518552033	537.4196857564609	
027:03F	39	63	1	25000.0	1292.290081907802	1151.7915732488736	
07F:1FB	127	507	1	7401.086864243799	337.6041179870934	267.0609756885968	
02A:FFD	42	4093	1	1810.0567043103313	27.722088800263542	6.89821224070784	
0BF:7FE	191	2046	1	3222.0835764653566	74.28619400475377	50.37276967186978	
6FF:FFF	1791	4095	1	793.6035409666478	12.172271248384295	3.427211352239313	
067:0FA	103	250	1	13085.246901165112	631.9096828283763	609.9704733778673	
042:FFF	66	4095	1	3900.8352378557524	60.09474250198667	33.083144272917934	
07F:FFF	127	4095	1	597.4106950480398	9.152803606330329	1.7396811452067058	
0AF:7FA	175	2042	1	3491.93023603838	79.59506147963157	48.84441590249319	
9FF:FFD	2559	4093	1	816.4891818449247	12.49806749947141	2.9979064376813493	
2F7:0FE	759	254	1	8152.041875576827	411.14388452672665	246.17027623603934	
17F:0FF	383	255	1	15819.249541199324	813.7753837389436	726.9664826741257	
0E7:FFF	231	4095	1	1081.6571580951609	16.627836988618746	6.826313695575748	
0F7:FFD	247	4093	1	518.6984439854766	7.940137519503264	1.7114726869596009	
FEB:FFB	4075	4091	1	266.96779346373165	4.072325542582776	0.5662189716204843	
0EF:0FC	239	252	1	7732.26604353987	382.45118018894334	363.2443437604159	
0F7:0FE	247	254	1	7452.949218756967	378.35149795245707	353.1384216099466	
00A:FD5	10	4053	1	5831.3793145270665	87.13581039558512	32.14223751098594	
7FF:F7E	2047	3966	1	84.61083359928104	1.2307061047779353	0.045733573103905086	
17D:FFB	381	4091	1	626.9416790602128	9.560883970018786	1.1213666531926383	
017:07F	23	127	1	25000.0	1338.9981909866422	1048.1375770907762	
17F:1FF	383	511	1	12532.143972863742	588.0224316427252	433.4784315797328	
007:00F	7	15	1	18992.247007605754	621.708317014911	637.284352104836	
106:102	262	258	1	11.016136804229092	0.36422929869963666	1.1964827211553805E-4	
0E7:0FA	231	250	1	7830.64489109511	378.8815274436339	355.3465940231667	
017:07E	23	126	1	3719.3413245965385	191.96890190536487	22.05910607571243	
3EE:FFB	1006	4091	1	127.10712912775499	1.9359795182169368	0.06912911574287366	
022:FFD	34	4093	1	2142.87070918339	32.81035745810623	7.576605448739594	
8AF:7FE	2223	2046	1	2368.190772405109	54.2249619876958	20.479058874707974	
3FE:FDF	1022	4063	1	122.31901401895519	1.8217353682531063	0.06957617674958844	
002:FD7	2	4055	1	2734.691732477953	40.776287313778795	5.943315173031287	
037:07F	55	127	1	14684.106721956856	786.3880086480918	648.9981740883777	
17F:FFF	383	4095	1	379.41493626761627	5.802456535383071	0.41678813984223706	
005:007	5	7	1	25000.0	900.7802755069453	558.3721006069397	
0AE:1FE	174	510	1	8986.33390304479	431.06596180860146	316.53977542397973	
0BF:1FE	191	510	1	7537.703259559817	362.5333743068158	270.56642634759976	
6FD:7FF	1789	2047	1	389.62511845399837	8.881783413764603	0.8082425870787533	
04A:FDF	74	4063	1	808.572427868641	12.058695702111027	1.5603014639737067	
9FF:7FE	2559	2046	1	942.9905981726367	21.49668455339212	3.949737158000896	
0FF:FDF	255	4063	1	218.10890877194345	3.25128208940745	0.3198874510987533	
013:03F	19	63	1	25000.0	1371.6551594989332	615.2486650716351	
187:00F	391	15	1	10302.44899946714	361.2960857970998	255.93486027578263	
4E7:0EE	1255	238	1	122.74857161949063	5.969600326034577	0.05989957722656639	
007:FFF	7	4095	1	1956.2849969491	29.99365158483923	7.129452759316523	
17F:FF9	383	4089	1	301.8091380369645	4.592736300653734	0.2636454381317246	
003:FF5	3	4085	1	543.8656045233034	8.296784892524611	0.2573688154272667	
0BF:FFF	191	4095	1	314.16495675569143	4.806522100062114	0.47278098883560116	
FFB:FF5	4091	4085	1	180.2525105519811	2.7523464508301068	0.25930410031772244	
117:FFF	279	4095	1	1758.5950704654463	26.916371651225635	3.3684664909932795	
0B7:1FF	183	511	1	3672.6284296767267	175.18783983449214	56.705692826861544	
00A:FF7	10	4087	1	1892.5795199461318	28.9447678057324	3.357838649804879	
067:4FE	103	1278	1	2.9180978927174417	0.044783193313094154	3.016256089136195E-5	
0F7:DFF	247	3583	1	120.0591209608432	1.699837603357479	0.09143501972308349	
006:FFF	6	4095	1	1758.6609689521715	26.937447640887626	4.6861614631631925	
107:03F	263	63	1	25000.0	1433.5855811421372	643.2032870573007	
027:07F	39	127	1	17283.25695184564	917.0684227253497	579.8823856067676	
0E5:0FE	229	254	1	3023.879151321667	150.9926525914466	48.87934051133137	
0EF:7EA	239	2026	1	3.8223337669742645	0.08431003591815682	8.69393257027331E-5	
3ED:7FF	1005	2047	1	601.748977358156	13.72316930163152	1.5249278844210494	
067:1FE	103	510	1	3437.127099426726	162.39130881206452	40.03059661149117	
79F:FFF	1951	4095	1	30.27168790294545	0.4625196208312172	0.0050076982337740935	
017:03F	23	63	1	407.3506267242426	22.369239091787193	0.2609581009083913	
007:007	7	7	1	2432.907101670446	101.21978452288114	10.254824523381183	
037:27F	55	639	1	2.191053807363224	0.03201342002465484	1.4771504510184282E-5	
0B7:F7F	183	3967	1	242.25987910584615	3.5285375177410323	0.25753980922486724	
106:007	262	7	1	3613.846472824234	150.54451822909036	12.743738347423953	
011:03F	17	63	1	1.3633828186249954	0.07482212466582862	1.5899364287004296E-6	
2FF:7FD	767	2045	1	546.8319503937081	12.410906324592293	1.1545489474018455	
00C:FFE	12	4094	1	2.139529912797363	0.032656510528460414	5.708041621962258E-6	
0E7:1BE	231	446	1	2.4659827325303394	0.09654676452967614	3.336548115512692E-5	
027:0FA	39	250	1	885.4103148663298	41.755703931006195	1.501483534225237	

