BMLVN	8	x2
metabolism	0.9970000
mutations	0.0010000
catastrofic	0.0010000
minWeight	0.1
start biomas	2.0	_
env.size	25000.0
feedSourceH	FF
C7
B5
23
11
feed port max	75000.0
timeQuant	0.01

key	suscepBits	activeBits	maxsize	popBiomas	currincome	currloss
FF:00	255	0	1	6758.709613999555	252.954833984375	315.2001235277165	
C7:00	199	0	1	6651.768607657806	26.725799560546875	254.45057214793613	
B5:00	181	0	1	8510.200881215296	458.3490295410156	341.1210752011738	
23:00	35	0	1	18794.863551307375	466.8876953125	346.3918725687266	
11:00	17	0	1	25000.0	633.7242431640625	33.93028418771816	
FF:FF	255	255	1	1122.565321439686	10.569674881519095	8.483420731102962	
FF:FB	255	251	1	1088.5503928485546	9.976715374667318	7.978430333836098	
DF:FF	223	255	1	1281.0325741314955	12.058021598787791	9.663788261052987	
FF:FD	255	253	1	1097.6449521552386	10.143678166098349	8.111712568743547	
FD:FF	253	255	1	1125.7732681714667	10.599715822590465	8.48472862065026	
FB:FF	251	255	1	1134.459355071876	10.681483608176553	8.566716842174218	
EF:FF	239	255	1	1184.5762968081847	11.15223916926345	8.922701400085604	
FF:7F	255	127	1	1049.736779917499	9.93056707569048	7.421092732452253	
FE:FF	254	255	1	1126.217894241266	10.60398827974342	8.508880324931662	
FF:F7	255	247	1	1073.8256872665204	9.748437210638718	7.76443981674224	
FF:DF	255	223	1	850.833873571025	6.254968490888499	4.880221348961978	
BF:FF	191	255	1	1496.4323729354385	14.07940289080521	11.250283205375933	
FF:EF	255	239	1	1019.2783447421373	8.819671002260487	6.997907724290229	
FF:BF	255	191	1	851.2218064476076	6.565116279502035	4.8823921187641295	
FF:FE	255	254	1	1000.0107311257452	9.311441996960804	6.724446522761472	
7F:FF	127	255	1	2219.670867829752	20.85706001201842	16.728566973859174	
F7:FB	247	251	1	1120.5010033462693	10.269100133002695	8.221281423714021	
FD:FD	253	253	1	1099.2845125098563	10.158297571373629	8.090449143666271	
F7:FF	247	255	1	1151.6108916687233	10.842518197790957	8.682270946018054	
BB:FF	187	255	1	1517.3613688298014	14.27594669682613	11.396704900043138	
7B:FF	123	255	1	2273.576232654747	21.362323899073285	17.15372184640976	
DF:FB	223	251	1	1240.4896082984062	11.365996917811042	9.06342435068123	
FE:BF	254	191	1	827.8113959678735	6.383864165044188	4.600026767497513	
FF:F3	255	243	1	1047.6684624815184	9.306140085880857	7.391816918198358	
7D:FF	125	255	1	2248.7388508394397	21.129627128066907	16.98300660309041	
FF:BD	255	189	1	825.1378376970963	6.1972591412722675	4.588285113009415	
EF:DF	239	223	1	897.9898687220161	6.6013082597409465	5.135171009604283	
EB:FF	235	255	1	1198.3999783274623	11.282201537341932	9.024441687369993	
FB:F7	251	247	1	1081.1099464780432	9.81430874367915	7.781318192210333	
FB:EF	251	239	1	1026.6562980087313	8.88331953781431	7.019538526171075	
FF:7D	255	125	1	1022.2950856952929	9.422833662105193	7.039361159356109	
DF:FD	223	253	1	1254.1360411718024	11.586500974329917	9.263428252298947	
DE:FF	222	255	1	1283.2004275151303	12.078255045578548	9.658073582872051	
BF:FD	191	253	1	1467.2181285702748	13.549542175963063	10.817165374081242	
FB:FD	251	253	1	1110.216834292545	10.259723447079924	8.205372246926343	
FB:FB	251	251	1	1096.1665004308165	10.045580641256382	7.998492185366817	
7F:FB	127	251	1	2158.0840752158138	19.743315637951426	15.82055356878661	
DD:FF	221	255	1	1284.9546098536407	12.094736394402853	9.662403664255836	
EF:7F	239	127	1	1111.5163802099805	10.51587119832274	7.861129812256583	
FD:FB	253	251	1	1091.9314503227977	10.007565465278809	7.983652105438167	
FF:FC	255	252	1	1084.0187280538955	9.910601724543824	7.912018229936473	
FE:FB	254	251	1	1091.7633327885349	10.00608491916313	7.997531112286747	
5F:FF	95	255	1	2985.9153810482258	28.015520195641276	22.469241910009448	
FF:ED	255	237	1	998.1681918732376	8.467735067655404	6.711863392552699	
DF:BF	223	191	1	971.2597083377246	7.490585181062504	5.562117313291351	
D7:FF	215	255	1	1319.5383934323277	12.419597194918207	9.935055730896973	
FD:DF	253	223	1	856.7636414317634	6.29858083767154	4.921345441393444	
FF:FA	255	250	1	1072.6094945937755	9.725267246136646	7.746696571011709	
DB:FF	219	255	1	1291.3600880358379	12.1548674362111	9.695908495453965	
FF:BB	255	187	1	819.2495724637669	6.1544650762842394	4.522773127810757	
F9:FF	249	255	1	1138.6238221062372	10.720555642645252	8.58158139061046	
FE:FD	254	253	1	1093.2179063990886	10.102456577190058	8.01758563229109	
FF:EB	255	235	1	985.9029616705681	8.325025581841105	6.54765740243926	
DF:EF	223	239	1	1158.9892584546142	10.026250797903318	7.914983585851534	
7F:FD	127	253	1	2176.0986096086235	20.07167266423903	16.082702654255172	
FD:BF	253	191	1	853.0253807219827	6.578964518902489	4.876005812129362	
EF:EF	239	239	1	1076.3422218713076	9.310089044180302	7.368447238140097	
E7:FF	231	255	1	1220.404348328492	11.488918149798344	9.196349877978486	
FD:FE	253	254	1	1112.1468200176582	10.35895420786039	8.281099120818194	
BF:F7	191	247	1	1434.7441256486177	13.016824661757786	10.345829100816045	
DF:F7	223	247	1	1228.9474116419588	11.153818556832553	8.896658801850034	
EF:FB	239	251	1	1151.8019178452612	10.55537744640364	8.437587050305584	
EE:FF	238	255	1	1187.8519960106917	11.1829680481794	8.93904671602001	
F7:FD	247	253	1	1129.8049813765474	10.440403133306848	8.357745424591739	
6F:FF	111	255	1	2513.717267510611	23.60860478963916	18.989478456730573	
F7:DB	247	219	1	845.3618989917564	6.05784865298576	4.68568327263758	
FF:F5	255	245	1	1054.0105201589777	9.390797200593022	7.481561363977076	
FF:DD	255	221	1	838.4690203993532	6.096195123048006	4.739582768619116	
FC:FF	252	255	1	1129.6172956990692	10.635836163310314	8.512789262063901	
ED:FF	237	255	1	1193.0372273147902	11.231860230208373	8.998427551398912	
9F:FF	159	255	1	1799.2803785424717	16.919131842286802	13.53875277106764	
BE:FF	190	255	1	1505.5300625570887	14.164877355703208	11.335371723754394	
FB:DF	251	223	1	858.410593686946	6.31060501316377	4.9116669353364335	
EF:BF	239	191	1	901.4629166063677	6.952587963253231	5.17297217032472	
D7:FB	215	251	1	1279.938202316968	11.726755045170934	9.34965673412172	
DF:FE	223	254	1	1264.048299632424	11.770422360540566	9.40978845565585	
FF:DB	255	219	1	823.8917366683836	5.904131816438749	4.57648227015197	
AF:FF	175	255	1	1626.1872572195418	15.29669737595385	12.229522499375621	
EF:FD	239	253	1	1163.8894217482207	10.754824330770242	8.615163854618686	
F7:F9	247	249	1	1093.0279035885355	9.832885465521427	7.823579886695676	
9E:FF	158	255	1	1803.0633290476267	16.954436712262602	13.525104456835907	
FF:EE	255	238	1	1004.516440668272	8.593276111936794	6.79695359919849	
FF:7B	255	123	1	1023.9914947923489	9.51955583542707	7.061896411430893	
FF:F9	255	249	1	1062.0209137744334	9.55433977016843	7.594759593860731	
7E:FF	126	255	1	2236.615723520606	21.0157398361296	16.866915103993303	
CF:FF	207	255	1	1361.0721768546496	12.809557039701845	10.227770287608669	
FF:AF	255	175	1	704.0824909174819	4.824711127393133	3.340722881509811	
F7:F7	247	247	1	1104.2185301099753	10.022541424764196	7.983050186318524	
7F:DF	127	223	1	1683.6449968561324	12.370170950825205	9.655257320520178	
EF:FE	239	254	1	1171.8342022225072	10.913868571015326	8.732507345510252	
FE:FE	254	254	1	1109.5206562254698	10.334310794454147	8.258514595778076	
BD:FF	189	255	1	1506.9106271990745	14.177820878352533	11.32580673288805	
3F:FF	63	255	1	4685.82845003801	43.806897222838124	35.11077584284428	
FD:F9	253	249	1	1069.623092679183	9.622420357742762	7.66132226643299	
FA:FD	250	253	1	1113.5767815489196	10.290692301650243	8.225962576526381	
FF:77	255	119	1	1010.4487448840275	9.298640600215478	6.87674877467961	
BF:FB	191	251	1	1451.3780053204873	13.293062840853498	10.585672595233259	
D5:FF	213	255	1	1327.1421626511155	12.491036964848185	9.985732357355394	
FA:FF	250	255	1	1135.2976583422303	10.689209505644452	8.548839077754057	
FF:AE	255	174	1	689.4771900979027	4.657967603276836	3.2036489900220246	
7F:F7	127	247	1	1995.6097174729437	18.086901011604887	13.523313998540957	
FD:F7	253	247	1	1078.6581698092302	9.792223634268717	7.791273756167475	
FF:7E	255	126	1	1002.8268600082102	9.195320988705557	6.772754463068041	
DD:FD	221	253	1	1258.5513747135733	11.626616154399736	9.270140177344672	
7F:BF	127	191	1	1681.31040454128	12.969309481854426	9.633222190738264	
7B:7F	123	127	1	2114.571703977706	19.87515783260912	14.753242332793832	
FB:7F	251	127	1	1062.7302274761273	10.053776613014719	7.520958770866934	
FE:EF	254	239	1	1019.7128957404279	8.82330274545565	6.9791946542956245	
EF:F7	239	247	1	1134.1669082804199	10.295229770155636	8.18151021350803	
77:FB	119	251	1	2278.0009472065826	20.83685392049599	16.659225397535057	
B3:FF	179	255	1	1575.967769169362	14.826026745807395	11.844096332557864	
BF:DF	191	223	1	1130.3056637591912	8.306887604371461	6.430800688672551	
FF:CF	255	207	1	755.1961840783371	5.060671277871231	3.846019971465852	
FF:E7	255	231	1	973.2139749021027	8.127666913969591	6.380708392963087	
FF:3F	255	63	1	989.5373281901751	9.945931097202802	6.585459317127057	
B9:FF	185	255	1	1527.3606514996782	14.369843128007798	11.462846847952859	
DB:F7	219	247	1	1241.604652688149	11.268471073606895	8.966194689036318	
F5:FF	245	255	1	1153.3419650596975	10.858598080343363	8.658798749655856	
FE:DB	254	219	1	797.6913087146243	5.715761246053494	4.273661867827855	
F5:FB	245	251	1	1098.4299289143848	10.06594874961818	7.853609953514322	
FB:BF	251	191	1	836.5149039709958	6.451072623830583	4.6609554034984155	
FD:EF	253	239	1	935.240142508222	8.090050125931544	5.853235881286981	
7D:FE	125	254	1	2211.2200351017777	20.555451921054637	16.422683599915427	
FF:EA	255	234	1	969.6096809005841	8.093246311422162	6.33315563921704	
FF:B7	255	183	1	793.2634318204342	5.904719127949818	4.239815136124038	
77:FD	119	253	1	2296.2249537940706	21.1757982014437	16.92323078771754	
7B:FD	123	253	1	2220.6425110376817	20.481526477769716	16.36833995531898	
7D:FD	125	253	1	2193.9665655350013	20.233414969758343	16.166886475309248	
7F:EF	127	239	1	2013.438847240212	17.400135989296214	13.78496496660569	
DE:EF	222	239	1	1155.7940303005155	9.998366097977474	7.839844791480762	
DE:7F	222	127	1	1179.6004721074062	11.159591628500358	8.167606067441843	
F7:F3	247	243	1	1068.6679085935307	9.490806985637803	7.477712921435291	
DF:DF	223	223	1	956.642618423195	7.027844759620433	5.393357395743742	
7D:FB	125	251	1	2176.489636785784	19.911340434446853	15.916108223448848	
DF:FC	223	252	1	1232.9457468699682	11.268845340574453	8.953155839007794	
FB:FE	251	254	1	1115.7784558778194	10.392618487708583	8.28698282158966	
5B:FF	91	255	1	2987.998511010893	28.035612862876643	21.843880551056206	
BF:7F	191	127	1	1382.5246564750187	13.082486999585907	9.618363524832578	
F6:FB	246	251	1	1120.0397404074997	10.264679449743635	8.184696223350539	
9B:FF	155	255	1	1825.5380768358023	17.165596901709677	13.710573412464894	
FD:BD	253	189	1	736.1685944920039	5.526757940918771	3.6280495834780853	
BB:FD	187	253	1	1478.9186036223916	13.657120026528098	10.827710835322309	
9D:FF	157	255	1	1804.2884586716116	16.965961513531475	13.503671635723915	
BD:FD	189	253	1	1471.402596549713	13.587129591485759	10.798909995580287	
BF:EF	191	239	1	1354.7382539674807	11.716179216731065	9.227855183206625	
7F:BD	127	189	1	988.9788492571827	7.41713531679645	3.320664885078747	
7F:FC	127	252	1	2141.529555042024	19.54286844734587	15.577370432323034	
DB:FB	219	251	1	1249.2553323150241	11.444978110153027	9.074545061329864	
E3:FF	227	255	1	1229.1891420187872	11.571247396269905	9.213669546483592	
B7:FF	183	255	1	1546.4762190723634	14.5488585306222	11.580146557167204	
F9:DF	249	223	1	767.3471941282069	5.639191509916784	3.89886656086357	
FB:F9	251	249	1	1071.782202528515	9.641351186407594	7.647310300984606	
FB:F5	251	245	1	1042.8915053248447	9.29097190904821	7.240427698913132	
F7:EF	247	239	1	1029.4042961400148	8.90646191627218	6.940022810254653	
77:FF	119	255	1	2333.4067027422752	21.921474124344144	17.469863469877925	
F7:DF	247	223	1	851.9087925757615	6.262256255238663	4.756951848429479	
DE:FE	222	254	1	1261.2098105586704	11.743450959916931	9.32974505326565	
BF:ED	191	237	1	1264.85482206943	10.7235765411067	8.041295490918266	
5F:F7	95	247	1	2836.5466111969677	25.682236477526963	20.30135350102821	
BB:EF	187	239	1	1091.0039967758632	9.42995705950252	5.883585962977018	
DA:FF	218	255	1	1281.4062350366373	12.060704489624568	9.507673429817968	
FF:DE	255	222	1	819.4547476108004	5.982167291178935	4.525761501973701	
F7:EB	247	235	1	984.9304604708489	8.315788292735204	6.3531397031389405	
ED:FD	237	253	1	1149.6412742613816	10.622124707927115	8.354715335241046	
F3:F7	243	247	1	1098.6154789676382	9.971054139101097	7.809756614371173	
FB:DD	251	221	1	794.9125249044364	5.778395479543023	4.209620853481884	
DD:FE	221	254	1	1253.3080914349482	11.669860481390879	9.191606984400353	
E7:FE	231	254	1	1201.2827669635578	11.187380936120524	8.910649917834478	
DB:EF	219	239	1	1136.4217790776797	9.830034537659506	7.511241194089781	
BC:FF	188	255	1	1506.5509896248163	14.174154512159474	11.267451593098563	
FE:FA	254	250	1	1070.8310128512546	9.708768982228538	7.693450023871665	
7B:BF	123	191	1	1442.324649689682	11.119082256895984	6.918242696302677	
FC:FD	252	253	1	1100.843244620879	10.172568886765658	8.084740111549541	
F7:7F	247	127	1	1048.8374040825133	9.920946595465733	7.202785834879754	
FF:E9	255	233	1	945.62248302413	7.82575578377722	6.022952280955892	
FF:7A	255	122	1	749.3502666159715	6.7364970151557335	3.771258254153414	
BE:FB	190	251	1	1436.1791180234745	13.153342147331674	10.315779398245231	
D9:FF	217	255	1	1284.6352577276928	12.091103767390639	9.533782586530847	
FF:BE	255	190	1	757.9017720640214	5.763284065659506	3.8671682998686396	
6B:FF	107	255	1	2565.5360557098147	24.092685172584478	19.149053819995924	
AF:F7	175	247	1	1517.8414997378786	13.767538798095945	10.655779043161663	
D7:FD	215	253	1	1273.2746399332036	11.762099232715997	9.250268923315742	
7C:FF	124	255	1	2202.216771217388	20.692447314491737	16.168747134154483	
3D:FF	61	255	1	4613.098514254612	43.13900623693736	33.19548553869027	
FE:F9	254	249	1	845.3598015098918	7.59942344436956	4.783507930949144	
79:FF	121	255	1	2246.0332255642015	21.103448301787356	16.550978474564594	
DE:BF	222	191	1	779.4323204705354	6.006783080632042	3.5608509603371212	
AB:FF	171	255	1	1637.1398027746086	15.399246316460076	12.211154981490836	
DF:F9	223	249	1	1195.7804523260854	10.754422204759242	8.42140589507703	
DE:FD	222	253	1	1128.1936622531362	10.419738736365744	7.457617494904194	
FF:B9	255	185	1	696.4567015310129	5.107110552691741	3.265072012779351	
E6:FF	230	255	1	1201.5353836814904	11.310532169702133	8.876015537108255	
DF:ED	223	237	1	1064.8496156350177	9.029785485312658	6.677792072543659	
F7:FC	247	252	1	1109.0856602128104	10.139135397499937	8.05390441109888	
BB:7F	187	127	1	1133.2428113603587	10.711482664017973	6.351636908110252	
D7:DB	215	219	1	215.02978488562871	1.5361563136588157	0.2623741758222276	
7F:7D	127	125	1	1289.0793709476632	11.829231255802346	5.60445687687894	
6F:DF	111	223	1	1664.9059995580178	12.22923323752678	8.352105172620291	
FD:DD	253	221	1	734.2360763464625	5.3360877623859695	3.60988164459691	
7B:FE	123	254	1	2172.133031543287	20.191886178480644	15.654392117911499	
BF:7D	191	125	1	1054.74970176595	9.71233140016048	5.583624272148718	
FF:EC	255	236	1	886.2617535759223	7.411916572240053	5.2858675496147844	
F7:FA	247	250	1	882.8998413452945	7.999139882223199	5.092278934477711	
B7:FD	183	253	1	1453.4591851387195	13.42025873319464	10.226089053144692	
F7:D9	247	217	1	253.83512155657755	1.784212291249642	0.4198085510090127	
DF:F3	223	243	1	1149.5842412181732	10.207822350993638	7.782300065743624	
E5:FF	229	255	1	1189.982563965402	11.201387641950454	8.68614062580949	
67:FF	103	255	1	2430.6645378427934	22.825962401511518	16.551910733580907	
7E:FE	126	254	1	2064.1577163100283	19.187826401009797	14.35775991641336	
FF:75	255	117	1	722.2617977275355	6.460512180609968	3.502788101309486	
FD:EB	253	235	1	891.5702121528857	7.525864304044533	5.319189082768798	
E7:DF	231	223	1	813.8695003717584	5.980634772369461	4.091430560002995	
9F:EF	159	239	1	1555.6559060888621	13.448012010337418	10.126526213584844	
BF:F5	191	245	1	723.5775276494012	6.432635731551842	2.617788069870517	
DD:F9	221	249	1	1128.803392835318	10.149837129239241	7.452321611006435	
6D:FF	109	255	1	2506.837458307881	23.5428275623008	18.5327495500953	
4F:FF	79	255	1	3379.390731732391	31.687618874829052	24.550540292972777	
A7:FF	167	255	1	1613.1733547663569	15.172061315073975	11.585216437471846	
BF:F3	191	243	1	1272.1736512956008	11.29148296871778	8.127588840104789	
EB:FB	235	251	1	938.5630953846426	8.594890142032767	5.523185261907364	
FF:9F	255	159	1	501.56485040978816	3.2105297484035273	1.6928828973067138	
7B:FB	123	251	1	2101.246046219358	19.21809282742007	14.647151649230134	
E7:FB	231	251	1	1171.0292432730366	10.730629738892818	8.467789098629266	
B6:FF	182	255	1	465.07025004756173	4.363972734500446	1.0341075505627557	
96:FF	150	255	1	1582.6029169731858	14.877482774035347	9.977161832342427	
CB:FF	203	255	1	1357.7699370497219	12.77775906559682	10.040970060743215	
9F:7F	159	127	1	1016.6028640400573	9.5990267875381	4.311843724009079	
7B:DF	123	223	1	1362.7611715940448	10.008051079909826	6.1713489696832236	
F7:F5	247	245	1	1043.616765189418	9.295526820495864	7.128790053567078	
BE:F7	190	247	1	1081.3530559089502	9.80399207349592	5.8336048521691755	
FE:DE	254	222	1	393.3554600822481	2.8661408996013296	1.0341337096820191	
CD:FF	205	255	1	1326.8003350609074	12.485930254920296	9.651895643848576	
5E:FF	94	255	1	2581.1913707928616	24.22787214537355	16.621343026012624	
7F:EB	127	235	1	1443.156638298787	12.167327845376514	7.066234871508297	
FF:BA	255	186	1	2.9008454492606845	0.02139457736291463	5.617889994447092E-5	
CF:EF	207	239	1	1160.8105235177975	10.03620949570567	7.4365244883120925	
D6:FB	214	251	1	1229.5014959298378	11.263264553432835	8.587998816927172	
7D:EF	125	239	1	1528.4706720124143	13.204050783821485	7.838470036018703	
DF:E7	223	231	1	923.303417449636	7.705255255792394	5.01528883310024	
F9:EF	249	239	1	981.5409449327119	8.491525848925972	6.376942341445809	
97:FF	151	255	1	1809.5356104021712	17.013380465567984	13.131717010981836	
5F:FD	95	253	1	2091.613133812982	19.276159618399625	11.004574789929094	
F9:F7	249	247	1	933.5223237031157	8.47022086549297	5.759834618630436	
FD:FC	253	252	1	1072.6112390978856	9.80542763403127	7.701937013464993	
3F:FB	63	251	1	3714.669802662346	33.88883343442748	22.082306618432455	
FF:7C	255	124	1	626.4325877270028	5.5821374928370275	2.6318828445562636	
FB:BD	251	189	1	131.51330413920564	0.9841725587775938	0.11431795287853827	
FB:ED	251	237	1	963.549857485722	8.172769095346466	6.180981729124889	
DF:BE	223	190	1	411.9207514258437	3.126151361011084	0.9949958449798765	
AF:FB	175	251	1	1356.142382473625	12.414927900846285	8.494335278395923	
FB:EB	251	235	1	672.5941159364593	5.6722419960469015	3.002098361289428	
F9:FB	249	251	1	849.5604174759787	7.7791856431148405	4.764640901023143	
7F:ED	127	237	1	1549.1809592489635	13.122587658415569	8.145663553717897	
FD:F3	253	243	1	971.1604776969136	8.624191230586707	6.310873279357666	
F9:7F	249	127	1	910.8218579202535	8.609865873925523	5.483418658261857	
CF:DF	207	223	1	526.6302455864308	3.863828257627672	1.526162213636903	
F3:EF	243	239	1	990.4991370384987	8.568412824060944	6.3479559438282624	
CF:FB	207	251	1	1247.3083431905225	11.425389459254909	8.585849159455798	
7D:F7	125	247	1	1940.9332635995213	17.590785826917223	12.648856800528156	
D3:FF	211	255	1	1249.7016933689165	11.76002928956917	8.788995915540127	
FA:F9	250	249	1	962.8355431834111	8.658272375352622	6.142298593147247	
BF:DB	191	219	1	264.18825024604985	1.8875451024083343	0.3489801229074041	
DB:DF	219	223	1	489.2388279600319	3.5894392364502026	1.386862021452486	
3F:F7	63	247	1	3237.1384824878146	29.281048424329125	16.778423515199716	
DB:FE	219	254	1	1139.3349898569331	10.605566325528187	7.538350015341881	
BE:FD	190	253	1	818.5080591741919	7.548421515464381	3.3341778224236345	
FF:D7	255	215	1	338.63695396027543	2.384652320015699	0.7690471051818903	
EC:FF	236	255	1	1072.3784593485	10.092394465688487	7.234163643448609	
FF:B3	255	179	1	301.2555983974351	2.191146371164309	0.6081488403672369	
DB:FD	219	253	1	1125.0125697731764	10.3899499524148	7.350219815907268	
EF:ED	239	237	1	391.49569399681906	3.3119979315754087	0.9683867550733133	
F7:F1	247	241	1	635.6599286332105	5.5293671013984955	2.634349483837736	
7A:FD	122	253	1	1496.324892130874	13.797841680927624	7.355426860805563	
EB:EF	235	239	1	609.1319614812237	5.260694088957852	2.320841175035417	
5F:DF	95	223	1	1592.8615392871022	11.678784560829813	6.3932629610637255	
FE:F3	254	243	1	731.1744332593985	6.487166077759898	3.5749687354943145	
57:FF	87	255	1	2759.4482914348805	25.895067031701185	17.793992934757803	
D6:FF	214	255	1	1119.7419124700548	10.534255237709766	7.112001407951058	
F6:FD	246	253	1	977.9120204202243	9.03244864006208	6.228666658454091	
37:FF	55	255	1	3677.614490124299	34.44952032616461	19.025618019896598	
5F:BF	95	191	1	620.7564466843888	4.773168604479092	0.9696846472399863	
FE:7F	254	127	1	471.45220350123134	4.445902988878664	1.48107558312994	
C7:FB	199	251	1	1202.789386819229	11.015035581326194	7.7158732447472955	
F7:E7	247	231	1	687.874220868864	5.737498361134545	3.0890802795099375	
ED:F9	237	249	1	698.6086335668871	6.275075704435043	3.0724576818518083	
DF:FA	223	250	1	1084.6796997050276	9.828696697079975	6.920825367934476	
F7:FE	247	254	1	534.7644913410509	4.969477722271203	1.8602166969629361	
9F:FB	159	251	1	1414.9751801188515	12.94939222828844	8.358821848479618	
FC:F7	252	247	1	977.7031919657297	8.872710980398244	6.371238487976109	
BB:FB	187	251	1	535.692725587951	4.894976035390872	1.4106951674062407	
B7:F7	183	247	1	971.7615310567203	8.806165071399922	4.555946143276624	
EE:FD	238	253	1	952.370809810747	8.794657011495136	5.734304622283285	
E9:FF	233	255	1	1143.275273200625	10.761417462527838	8.160190023201952	
7E:FD	126	253	1	1945.995788010353	17.949272372186844	12.757837123726002	
DF:F6	223	246	1	525.5067727788247	4.707107072826177	1.616231629286185	
9F:F7	159	247	1	1292.7793087845523	11.717903809343285	6.974221128481267	
7F:F9	127	249	1	1860.7289509193577	16.711194930245345	11.750337332592421	
D7:7F	215	127	1	756.3831011995032	7.140481657544368	3.2514769016744274	
FF:CD	255	205	1	241.3881007324806	1.596159701238419	0.39067547413411596	
AE:FF	174	255	1	1182.9917846314008	11.120971306364979	6.421692663263905	
FD:F5	253	245	1	398.1916968743553	3.5378649657561168	1.0541276475678298	
CF:F7	207	247	1	431.1119420496422	3.9015265880814867	1.018608046706657	
BA:FF	186	255	1	1417.6627241594717	13.335971366012505	9.8940480327309	
EF:B7	239	183	1	112.52395621406325	0.8345227877340028	0.07994707476329599	
77:EF	119	239	1	1336.6976537353253	11.54324326245961	5.721796781820535	
EF:DE	239	222	1	282.33653218544737	2.055809189072363	0.5043519801968267	
FF:D5	255	213	1	120.80771213374764	0.8409188333030707	0.09764745629161345	
75:FF	117	255	1	1559.322207245593	14.647568210200115	7.687065201696879	
5F:FB	95	251	1	2411.0468363033715	22.03761223684211	14.640539085542972	
95:FF	149	255	1	937.3268400243588	8.803077276856603	3.476510345367792	
DD:BF	221	191	1	367.80115338788494	2.8292998300620686	0.7878201208256896	
5F:EF	95	239	1	1936.616112618012	16.72268561453707	9.450995655890601	
6F:FE	111	254	1	2091.187978708679	19.43396109508752	13.125059003792837	
EE:EF	238	239	1	437.83799598263727	3.778580569227779	1.2068992991119138	
E7:FD	231	253	1	941.2065305071909	8.690296467499428	5.456597187254017	
EF:BB	239	187	1	243.5770703872384	1.8243599434733595	0.3751014604568825	
FF:B5	255	181	1	40.66296406478366	0.2946052505951151	0.011046591050769177	
E7:BF	231	191	1	404.11793866599584	3.109569149324823	1.0038951917056511	
9E:7F	158	127	1	161.23408945671332	1.5170075334688151	0.10713802754686606	
3E:FF	62	255	1	2215.5844134207236	20.77980979692379	7.725936912312644	
FD:EE	253	238	1	291.4652228446958	2.485445055489925	0.5645401257919989	
ED:FE	237	254	1	904.9819293108084	8.421536393413858	5.163435648283707	
EA:FF	234	255	1	783.6125850493906	7.367402862190344	3.827784624786663	
DF:F5	223	245	1	599.3828690019665	5.32861830850202	2.10437624249413	
7F:DB	127	219	1	802.7705353243398	5.74162941639941	2.185794315134329	
9E:DF	158	223	1	131.58462821405638	0.9636721015049906	0.07161437773609727	
1F:FF	31	255	1	5101.72054374332	47.666694621149986	15.180689822832633	
7E:FB	126	251	1	992.9015831681701	9.0751819385834	3.3078771690906663	
8E:FF	142	255	1	200.834752589409	1.8821973725644485	0.15262686996622118	
7B:EF	123	239	1	343.67189694480027	2.9619137415299694	0.3893545037567384	
77:F7	119	247	1	1007.7752492964288	9.122562556645857	3.242916553784696	
F6:FF	246	255	1	724.1239554916496	6.807524920459483	3.4047319453456373	
D7:F7	215	247	1	1058.6533392796355	9.60169394798394	6.3835773923624775	
6F:EF	111	239	1	829.4975954297304	7.154999654922956	2.0578381650190884	
FA:EF	250	239	1	429.4525729238567	3.7066362345368398	1.2158283419479745	
7F:BB	127	187	1	167.245409910974	1.2515215042912335	0.0944941492558244	
DF:EB	223	235	1	643.6804624858212	5.425695977736672	2.4303945175623496	
9F:FD	159	253	1	1317.2735485592318	12.153350297277385	7.238544951428546	
3F:FE	63	254	1	842.8019225045482	7.816810122292361	1.1328774582735062	
EE:F7	238	247	1	635.9776538640486	5.7627594034253775	2.549725618755417	
AF:FD	175	253	1	631.118107682301	5.815720174451973	1.8301193225410695	
4F:FB	79	251	1	1081.819944764751	9.880182380392329	2.5061016191697365	
6F:7F	111	127	1	91.18172134131262	0.8575577109098299	0.024756650189245794	
EF:CF	239	207	1	182.57856490011042	1.2199655398311229	0.21093347353259134	
F7:EE	247	238	1	622.663089864417	5.3182666436571955	2.5284697861471015	
7E:EF	126	239	1	155.23178020498275	1.3371258033638738	0.08063731185895183	
7D:F5	125	245	1	22.65673750036138	0.2008408381405364	0.0017090186688747402	
5D:FF	93	255	1	589.2227493203728	5.524983244116273	0.8571966187520536	
BD:F7	189	247	1	551.3800064126101	4.991174570755077	1.5064960475477749	
D7:DF	215	223	1	257.8317766411017	1.889772938726626	0.3772173702156593	
6F:FD	111	253	1	1101.6225511059322	10.15114872155137	3.6295790218693207	
BD:FB	189	251	1	403.6182140898163	3.686402070703363	0.8061748361856255	
EF:F6	239	246	1	775.3937279200919	6.954290553602516	3.81049945800267	
6E:FF	110	255	1	293.1158964395208	2.7472704784761426	0.2541266826725604	
FF:F6	255	246	1	264.5906455011491	2.367603325445177	0.4672662406231873	
DF:E9	223	233	1	351.02915391002875	2.8966358527418286	0.7210296422611012	
99:FF	153	255	1	671.1449381474126	6.299557757507756	1.8255302475539967	
6F:FB	111	251	1	554.4496914724481	5.062204794855601	0.9177161632721375	
7A:FF	122	255	1	913.2488961680228	8.572480570906276	2.731912019465057	
BD:FE	189	254	1	690.5379258496134	6.4158875963728015	2.364101781486334	
79:FD	121	253	1	700.3952367849055	6.450535502855156	1.5994437292322057	
BF:FA	191	250	1	411.36678154841104	3.717293345033218	0.8437592962416449	
FB:FA	251	250	1	517.1688280374437	4.6785677370182475	1.7695545272987587	
BE:DF	190	223	1	118.83621789835264	0.87035546014387	0.07017739127080976	
DF:BD	223	189	1	306.3744798946503	2.294646023307963	0.5499464281877533	
FD:FA	253	250	1	635.7872367801244	5.755032292927372	2.693575557654668	
F3:F9	243	249	1	216.17247995045324	1.937285191774373	0.2996456326408241	
EF:FA	239	250	1	714.8148388141143	6.471387712306518	3.2356432421154775	
AD:FF	173	255	1	740.0682465444091	6.949845230619486	2.4989843953638378	
BE:BF	190	191	1	326.29638118944126	2.508590190133473	0.5293630042949311	
EF:DD	239	221	1	114.14143476610279	0.826907441769057	0.0822881613301039	
DB:D7	219	215	1	2.4358661733469895	0.01711836331803882	3.425163315140116E-5	
B8:FF	184	255	1	640.1677584165994	6.010870246189327	1.9910287359170424	
BB:F7	187	247	1	852.4889177012109	7.724217584370642	3.582133986759006	
EA:FD	234	253	1	554.5387622028036	5.112748169590137	1.913186032286121	
BF:F6	191	246	1	394.1090754870721	3.5269967194310547	0.7745008678447992	
EE:7F	238	127	1	249.52110633033462	2.3496875693338275	0.3907532276043907	
3B:FF	59	255	1	2000.9220170938154	18.76656642252314	6.079919509404431	
7F:FA	127	250	1	203.5638961910045	1.8373234044685145	0.13954462927493327	
73:FB	115	251	1	718.3631463195019	6.561309432535393	1.6063481131276254	
BF:FE	191	254	1	503.11498695868005	4.671554478791711	1.2623265919651752	
EB:FE	235	254	1	661.0801470136718	6.145991463207619	2.731670095474605	
FC:FE	252	254	1	310.02023392514275	2.8777575878240635	0.6355924968528268	
F7:7C	247	124	1	60.956631076800114	0.5413126579765718	0.024069569891860095	
75:FD	117	253	1	580.3003702382742	5.342775718676344	1.0608015095864138	
B7:FB	183	251	1	250.64260750082434	2.2876958919943537	0.3014791011484307	
DE:FB	222	251	1	173.0361610728622	1.5790951470311172	0.1739005821220937	
FE:F7	254	247	1	429.62601650828987	3.889779363792145	1.2296432148424872	
2F:FF	47	255	1	721.3808520034047	6.760699828528914	0.6379599988903396	
37:FD	55	253	1	15.513923494327008	0.14261633390696926	3.3820684015973076E-4	
FD:ED	253	237	1	193.67235382106253	1.636860831953074	0.24902686103572966	
93:FF	147	255	1	578.7279099827952	5.430353772149835	1.3113195242569147	
3F:EF	63	239	1	865.9963397729878	7.46453119343834	1.1986539062105719	
F9:FE	249	254	1	43.73350146303746	0.40530686627292684	0.012513417730485294	
EE:BF	238	191	1	73.86816567393251	0.5673678855269766	0.03429345759676078	
9B:F7	155	247	1	249.09086925205366	2.251657128026563	0.2531013468677844	
7F:EE	127	238	1	51.878110275822976	0.441673483533908	0.00906635417894446	
EF:9F	239	159	1	31.25743047816737	0.1995253308606538	0.006176356009138127	
7D:FA	125	250	1	187.13451894184809	1.688940324660062	0.11663846162989493	
7D:F6	125	246	1	359.5237927816868	3.215327275134204	0.4309401252559026	
D5:EF	213	239	1	125.04523820941664	1.07729887379221	0.08783771593865256	
F4:FD	244	253	1	18.211476863203373	0.16743016233590718	0.002126143691837248	
CF:FD	207	253	1	123.72787223418491	1.1381233971655735	0.08364786816093045	
8F:FF	143	255	1	310.4051284048417	2.9101465494573797	0.36686185044238573	
1E:FF	30	255	1	582.115880063462	5.45304207678493	0.19441138374068	
7F:7B	127	123	1	171.36172038659038	1.5843899442347733	0.09878901549112894	
5F:FC	95	252	1	132.90110475412658	1.209091276208532	0.044199313196928124	
FB:7D	251	125	1	81.34828386408215	0.745753278174252	0.04356828834498495	
DA:EF	218	239	1	48.44252784945321	0.417176654351009	0.013455672219398297	
FB:7B	251	123	1	24.845913058878686	0.22963867941422839	0.0040608752161020905	
F4:FB	244	251	1	209.57275263367308	1.9131197770257566	0.2821702114562727	
DF:7F	223	127	1	123.45458576439816	1.1616045201475014	0.08879360894154258	
76:FB	118	251	1	165.04721089334524	1.5054989342979468	0.08604336674002439	
77:ED	119	237	1	306.45597492621596	2.589283912372672	0.2994504855610722	
7E:BF	126	191	1	2.788244941856377	0.021406450097478682	2.6045653464798517E-5	
F7:F8	247	248	1	233.94771421533193	2.0745672021697423	0.35518239006525903	
DF:CF	223	207	1	24.030219763363647	0.16041519339816337	0.0033789603958467055	
DA:FD	218	253	1	62.87645179951309	0.5782021454995429	0.022644957300869923	
77:FA	119	250	1	73.06379258569012	0.6591796858520251	0.016982934176785952	
7F:FE	127	254	1	104.78201708389909	0.9711417334673615	0.036937850163104385	
DD:FC	221	252	1	131.86474585153135	1.2001602487554262	0.10072722913292997	
BF:EB	191	235	1	88.27958058827336	0.7421039394707737	0.03881107284428161	
9A:FF	154	255	1	305.3634567812762	2.8630301993688474	0.37823613190654376	
7D:EB	125	235	1	88.6514952903672	0.745126278250575	0.026198117306692314	
77:F3	119	243	1	186.77969728045434	1.6515412663007616	0.11107749880936266	
7B:DD	123	221	1	25.490999965715137	0.1845586559072844	0.0021447722144686543	
DC:FF	220	255	1	39.249774512326624	0.3676611189740351	0.008876431427154757	
DE:FC	222	252	1	65.21612933847437	0.5933449703076421	0.0246786684021542	
7D:7E	125	126	1	13.553535069954494	0.12355834623550625	6.112295495595772E-4	
DF:EE	223	238	1	61.74203316414224	0.5257469429705447	0.02223229830807182	
E7:EF	231	239	1	18.168190879757148	0.1564349874051701	0.002016949086110761	
FC:EF	252	239	1	85.90716220899375	0.740020986743645	0.04875099263913227	
FE:7E	254	126	1	26.312998679971336	0.2399085616342286	0.004591477943213853	
3F:FD	63	253	1	182.2703242974321	1.676001048744391	0.052966267405885774	
7A:FC	122	252	1	8.952585612488846	0.08142397027691217	2.6167523800092334E-4	
9F:FE	159	254	1	4.744407008683294	0.04395796961489875	9.315181060167707E-5	
6B:F7	107	247	1	34.06177124045125	0.30763833320433165	0.0033478574896710885	
FE:EA	254	234	1	7.493654500715878	0.06224955127457406	3.729103967928839E-4	
DE:3F	222	63	1	47.05386524366601	0.4701320176389798	0.012823171722406013	
1B:FF	27	255	1	55.53153954200235	0.5200735802228363	0.001504061988922977	
DF:AF	223	175	1	15.625684213853509	0.1066645438995771	0.0014281967646263718	
EF:F3	239	243	1	21.391454285204066	0.18906573433354618	0.002878108252597164	
77:DB	119	219	1	4.9788599101174835	0.035529362928113796	7.913908256101602E-5	
7D:DD	125	221	1	54.07591394225972	0.3915547677819212	0.00976910781506204	
E7:F9	231	249	1	26.612429407009465	0.2382219599182767	0.004324949573052994	
3D:FE	61	254	1	48.57887840014933	0.4501186335362039	0.0036703973602778763	
57:FB	87	251	1	115.91546738733071	1.0570859886012471	0.031220749230011963	
FE:DA	254	218	1	25.67207585669328	0.18194881062970392	0.004388270700096868	
9E:EF	158	239	1	15.881044564954186	0.13673563120239463	0.0010397967160109742	
7D:BE	125	190	1	27.936076706728763	0.21156685354625956	0.002605180863018588	
79:EF	121	239	1	55.26029711609693	0.4758439831457922	0.009941605826977794	
6F:F7	111	247	1	47.73599815916533	0.4311594685019766	0.006790806267721229	
5B:DF	91	223	1	10.835659894834432	0.07931708081803958	2.862535302102802E-4	
63:FF	99	255	1	47.18552438429863	0.44195400298623005	0.00602925960520168	
6C:FF	108	255	1	21.3436889580642	0.1998985931187614	0.0013214557743403395	
6B:FE	107	254	1	17.564849644759665	0.16274717990793325	8.897914183860161E-4	
7F:F5	127	245	1	31.101916783375625	0.27571114664422536	0.0032560062771244194	
4B:FF	75	255	1	11.512256023872318	0.10781626548016898	2.7351296042318717E-4	
AF:F3	175	243	1	38.783880386415355	0.3428009432797466	0.006888362063529954	
BB:BD	187	189	1	16.917971524435885	0.12650880397532652	0.0014062315130661416	
BA:FE	186	254	1	23.31101415094846	0.21600174327218305	0.002648067445457951	
B7:EF	183	239	1	32.05413966116929	0.27600983960157044	0.004928003072484718	
75:FE	117	254	1	9.758771229962687	0.09041814206744114	2.9927640903601574E-4	
FD:73	253	115	1	10.577988877928965	0.09525678634451117	7.405514994610764E-4	
5F:7D	95	125	1	3.5530898352941866	0.032555715669069916	3.157564768315792E-5	
5F:FE	95	254	1	8.009595372849649	0.07421068271181125	1.604280092782413E-4	
9F:EB	159	235	1	7.888060077880294	0.06628306777407998	2.5794711760591347E-4	
3D:FD	61	253	1	38.0032293599217	0.3493687544955648	0.00224655736369172	
DF:CD	223	205	1	4.601091121756525	0.030379551031300075	1.2387251283742774E-4	
77:F9	119	249	1	17.00576903284502	0.15221133125537345	9.199414846380756E-4	
7B:ED	123	237	1	23.439750712118187	0.19788016431015756	0.0018090701344506675	
BF:E7	191	231	1	1.3790968730188486	0.01146134780214043	9.466906537540363E-6	
F2:FF	242	255	1	4.6777136695805375	0.04380867386304759	1.3937468353133665E-4	
5F:ED	95	237	1	6.7431292274844585	0.05692261068997447	1.1389430827903201E-4	
BF:BD	191	189	1	3.0680290942435278	0.02294049645636968	4.6932034114225656E-5	
FF:E8	255	232	1	12.517395433880495	0.10193214239592573	0.0010445475566733609	
4F:EF	79	239	1	3.0287129955046623	0.026075660355250555	1.9616700690916435E-5	
FE:D9	254	217	1	4.84189650234055	0.033982859054135416	1.5608461143165142E-4	
F1:F7	241	247	1	10.985868192788221	0.09921915896545101	7.677125685918566E-4	
77:FE	119	254	1	10.102639128828647	0.09360432284006659	3.244507632041916E-4	
F7:ED	247	237	1	1.1916667697006704	0.010059449036571237	9.200434050879115E-6	
7B:F9	123	249	1	14.533515479014653	0.13008244126820956	6.947442945122316E-4	
7C:FD	124	253	1	6.415492820011042	0.05897628395623264	1.3597032168892074E-4	
39:FF	57	255	1	17.94864092846512	0.16809570827459908	4.776076357967217E-4	
3E:FB	62	251	1	18.245649567055857	0.1663516683309116	5.23405542390245E-4	
EF:F5	239	245	1	8.164063413621198	0.07236869152086844	4.19137559169403E-4	
F5:DB	245	219	1	5.450704894779199	0.03889721693729319	1.9191519650380205E-4	
4F:7F	79	127	1	9.987490754226613	0.09390934786759675	2.1297357438951174E-4	
6B:FB	107	251	1	11.864861100794151	0.10817649302864614	4.061111915670201E-4	
5B:7F	91	127	1	4.097583348970865	0.03852790026786825	4.076307297180444E-5	
7B:FC	123	252	1	10.530096380823526	0.09577197955369485	3.6459840450202605E-4	
7B:7D	123	125	1	7.606793383667274	0.06969949397203118	1.9023080418904275E-4	
FF:3E	255	62	1	8.500399125551349	0.08099312102212561	4.8034697432771084E-4	
3B:FB	59	251	1	6.840998075588127	0.06237052772486116	7.101453197021291E-5	
FB:DE	251	222	1	5.479412516959881	0.03983387228425481	1.982425057712347E-4	
F7:7D	247	125	1	9.397090903822127	0.08610669929795135	5.713446835883398E-4	
3F:F9	63	249	1	1.3636629889350216	0.012204932298535759	2.9656820358418406E-6	
BB:DF	187	223	1	8.11195057966833	0.05938031336717849	3.233903053338175E-4	
C9:FF	201	255	1	6.2994624381258415	0.05899723299122942	2.122532363273512E-4	
9D:FD	157	253	1	5.756871080081283	0.05292184081952892	1.3606815474836195E-4	
CD:FB	205	251	1	1.3574150826642408	0.012375744107004306	9.993220784333408E-6	
FA:F5	250	245	1	3.453309967894234	0.03061029588340601	7.821095001441865E-5	
AF:EF	175	239	1	8.538848911356453	0.07351748045512868	3.339780816281909E-4	
7E:7D	126	125	1	5.175069576693029	0.04741774271308403	8.945532198500126E-5	
2F:FE	47	254	1	3.4055017419994287	0.03155223353843931	1.4219622405632151E-5	
7B:77	123	119	1	3.374385163602044	0.0308691588247432	3.743486839133245E-5	
7D:DE	125	222	1	4.0790202925092425	0.029652727569128474	5.556743859967472E-5	
36:FF	54	255	1	3.216748647895065	0.03012538737706757	1.4325390882162715E-5	
CF:FE	207	254	1	1.7473880414548153	0.01618977008208169	1.6664044806987163E-5	
E8:FD	232	253	1	1.869211313253525	0.01718310310357286	2.1490337408859274E-5	
6F:F6	111	246	1	4.1559606179371	0.03712774523496411	5.1473475432981775E-5	
FB:EE	251	238	1	1.3357449608362364	0.01137024243446885	1.1750897039105754E-5	
8F:7F	143	127	1	3.850142705294106	0.03620148698143553	5.634656678524874E-5	
7E:7F	126	127	1	2.7498238607748156	0.025855449458241215	2.5244778334585047E-5	
D6:FD	214	253	1	1.752648074874024	0.01611154545399601	1.7256592632479117E-5	
27:FF	39	255	1	2.3310893979682143	0.021830997168049655	5.697980460501328E-6	
5B:EF	91	239	1	1.4686540839320266	0.012644319339982259	5.244994272126505E-6	
DA:BF	218	191	1	2.3862307910737908	0.018320109352696293	3.2696814798032206E-5	
CF:EB	207	235	1	6.192520497273936	0.05203557329495739	2.096555142471074E-4	
1E:DF	30	223	1	1.803571233594328	0.013201817136240824	1.8761931865066693E-6	
DB:DB	219	219	1	1.7421416493610589	0.012431927008810562	1.7516366328414434E-5	
F6:FC	246	252	1	1.3162923772837747	0.011971462348074129	1.117064217895636E-5	
72:FF	114	255	1	2.479442946139387	0.02322047020054108	1.893133245818801E-5	
7B:7E	123	126	1	1.6215825336136078	0.01478228169710407	8.645522661156838E-6	
5E:FB	94	251	1	2.1072733913727015	0.01921226675667485	1.1008726486017015E-5	
67:7F	103	127	1	2.39956613199503	0.022562065387275253	1.6001229730229097E-5	
3D:FB	61	251	1	1.8812783280879997	0.01715180312690101	5.506027631865448E-6	
BF:3D	191	61	1	2.5557185067733106	0.024838631829165916	3.2420471018355746E-5	
F9:F9	249	249	1	4.481375175460266	0.04010988034261818	1.314203443011732E-4	
E7:EB	231	235	1	1.4866911854177025	0.0124923158771977	1.3509008084424669E-5	
35:FF	53	255	1	1.9616650050585547	0.018371287598686985	5.280888710858193E-6	
DE:DF	222	223	1	1.1068088136163623	0.008101685117130867	7.129345458466821E-6	
FF:E5	255	229	1	2.0704620396193065	0.016696737388686732	2.8579376687011287E-5	
97:F7	151	247	1	7.081266124547086	0.0639519897837961	1.9919895168330534E-4	
DE:7E	222	126	1	2.934984526025254	0.02675551364279722	4.9952496838043524E-5	
FC:BF	252	191	1	1.1222383818916728	0.008615847756325365	8.327319712482493E-6	
7D:AF	125	175	1	1.7675895013482834	0.012064951019902868	1.0443701350367524E-5	
7B:EB	123	235	1	1.7010579533787429	0.01429353969108131	9.527446175307387E-6	
7D:F2	125	242	1	2.141041831028997	0.018712409440535867	1.5264076738438573E-5	
ED:F7	237	247	1	1.7425805594454142	0.01573723993936342	1.897754020069964E-5	
3C:FF	60	255	1	2.604252205804277	0.02438924490030698	1.0397484025780465E-5	
B7:BD	183	189	1	1.4306159106129044	0.010697018566569105	9.836425121477663E-6	
7E:FA	126	250	1	2.241977253118384	0.020222607997447805	1.6794246864063797E-5	
D3:EF	211	239	1	2.7323056313412066	0.02352395066715985	4.161467801683418E-5	
4F:F7	79	247	1	1.6584005210509019	0.01497690060577598	5.876512192429372E-6	
EB:FD	235	253	1	1.6533501309504	0.015198736902153332	1.697512709989185E-5	
E7:BE	231	190	1	2.4396541981970397	0.018474669543568613	3.6439135386264924E-5	
E9:FD	233	253	1	3.269058679131586	0.030051743064833443	6.597769945218664E-5	
CC:FF	204	255	1	4.6095845928014825	0.0431704064723212	1.1470399121580581E-4	
C7:DF	199	223	1	1.5267586811015599	0.01117567754259282	1.2352667166780116E-5	
3F:DF	63	223	1	1.9122340004217275	0.013997237245692599	5.850835167050163E-6	
96:F7	150	247	1	1.3682115046847312	0.01235624656879051	7.396441116525792E-6	
F9:AF	249	175	1	2.1408957590546462	0.014613128466342298	3.012141556721061E-5	
B7:F5	183	245	1	2.468311929011546	0.021878992960096585	2.9200091954853706E-5	
7F:E9	127	233	1	1.7829263908875288	0.014685120073327854	1.071190393237106E-5	
EC:EF	236	239	1	2.2788516912617	0.019619891420937497	3.236335695085968E-5	
77:E7	119	231	1	2.074567448098558	0.017241234759122075	1.3707370541249364E-5	
DE:CF	222	207	1	1.1560983493346448	0.007716584600921186	7.78855585587276E-6	
BA:FD	186	253	1	1.5105016395150892	0.013885534642660239	1.1118412889519173E-5	
CF:7F	207	127	1	2.6106908644627294	0.02454736396005927	3.718754542335089E-5	
EB:BB	235	187	1	1.3687259497484463	0.010236782213138802	1.1673790799792784E-5	
FB:F1	251	241	1	0.0	0.007257585050160632	4.614482738945776E-6	
FF:6E	255	110	1	1.1629613568933463	0.008223349267433297	9.034654309045874E-6	
39:F7	57	247	1	1.4696306415013063	0.013272114825740524	3.2041495106493653E-6	
57:FD	87	253	1	2.0656122768316285	0.018988431917554	9.909881906144159E-6	
EA:EF	234	239	1	2.2352300159240897	0.019244321526965875	3.094771836425595E-5	
FB:F3	251	243	1	1.0953794374629953	0.009680154256304066	7.897106723230075E-6	
EC:FD	236	253	1	2.3853863771381514	0.0219282199750024	3.5418483548267E-5	
D8:FF	216	255	1	1.6474697434107333	0.015428904419179634	1.543490536642632E-5	
5F:F9	95	249	1	1.8999909934983545	0.017005170070440022	9.032966479911287E-6	
F1:FF	241	255	1	1.472813825400134	0.013793214516932521	1.3787676125959955E-5	
76:FF	118	255	1	2.259207131350663	0.02115790784225138	1.6102946562817334E-5	
37:F7	55	247	1	2.417913021492365	0.021836002385361198	8.21785374686701E-6	
1F:FE	31	254	1	1.1470271400338974	0.010627256949584152	7.757641384448716E-7	
BF:77	191	119	1	2.3485059732368856	0.021484342545802698	2.7407875791558788E-5	
BB:7D	187	125	1	1.5046317067299833	0.01378639178996472	1.1084239351626387E-5	
1F:BF	31	191	1	1.795414146183256	0.013783984886937712	1.9067630153649732E-6	
F7:9B	247	155	1	2.1855739988629526	0.013741229853691759	3.108239744026781E-5	
AF:EB	175	235	1	0.0	0.008291950278268477	4.462221727552358E-6	
FF:DA	255	218	1	1.5531117995996269	0.011005809209753298	1.611293040606647E-5	
BC:FB	188	251	1	1.5896259142522198	0.014492849312480125	1.2409409261644904E-5	
97:FE	151	254	1	1.2115224816855505	0.01122485538052396	5.827866118920475E-6	
DF:9F	223	159	1	1.8676875289325385	0.01191979345230067	2.0419421604906415E-5	
EC:FE	236	254	1	2.324197021776041	0.021534083585923205	3.3619774755780226E-5	
D7:6F	215	111	1	2.2102641733898345	0.01594443837108872	2.766589741416655E-5	
F7:CB	247	203	1	1.6060415188502681	0.010451364756360196	1.677651508359845E-5	
B9:FB	185	251	1	2.0108924408648226	0.018333633083315547	1.9655367315984487E-5	
7F:6F	127	111	1	1.4210945015830265	0.010251434907714817	6.8192419161534755E-6	
FE:F5	254	245	1	1.5015131026104553	0.01330931195503953	1.4954083680286204E-5	
F6:EB	246	235	1	2.2069000934550185	0.018544157059321824	3.1444711269259344E-5	
E9:EF	233	239	1	1.8041130056221106	0.015532556985366333	2.011788429898918E-5	
B9:DF	185	223	1	1.4840641647565491	0.010863149966374006	1.0744267084016456E-5	
FD:AD	253	173	1	1.621847747079118	0.010809148065262779	1.7488954884715677E-5	
9F:ED	159	237	1	1.8458353511106895	0.015581608729877962	1.4122961442371224E-5	
37:EF	55	239	1	4.395644862705093	0.03784422933010556	2.718272758909271E-5	
7D:BF	125	191	1	1.990856901836217	0.015284548249549173	1.3226007664709416E-5	
77:EB	119	235	1	1.4551058658934664	0.012226857623433028	6.742280375969575E-6	
F7:F4	247	244	1	1.030198196682532	0.009033457225836629	6.87153236012044E-6	
B6:F7	182	247	1	1.4936900817594838	0.01348946011353579	1.0638905059916696E-5	
BE:BB	190	187	1	2.118389441388264	0.01584359098944377	2.2272245741942094E-5	
7C:FB	124	251	1	2.0286696886934967	0.018495654531777247	1.3597678488551292E-5	
CF:F3	207	243	1	2.193977773341436	0.019388846972094902	2.629310271640231E-5	
F6:DF	246	223	1	2.089220315121733	0.015292907191695394	2.8242002623009528E-5	
D9:BF	217	191	1	1.7258314213935049	0.013249891975349553	1.7063898778624075E-5	
B9:7F	185	127	1	1.8374984768962441	0.017277229352295566	1.6402459356337696E-5	
D2:FF	210	255	1	1.8427770980628118	0.01725801385650459	1.8823081216511458E-5	
B3:FB	179	251	1	2.151530229472482	0.019615857993015098	2.1838956419383073E-5	
FB:EA	251	234	1	2.1305744604895294	0.01769798597242663	2.9908918635074563E-5	
5F:BD	95	189	1	2.0658270374886945	0.015446600895950664	1.071034350284834E-5	
1F:F7	31	247	1	1.5800687186128601	0.014269454372544618	1.472789319987245E-6	
FF:AB	255	171	1	1.9477272780497943	0.013009725400640295	2.5361940357517653E-5	
7F:DD	127	221	1	1.828151607751395	0.013235067948084843	1.1284820210666598E-5	
7D:7B	125	123	1	2.128730812083293	0.019671765857713217	1.5073752657436563E-5	
7E:FC	126	252	1	2.125198382414272	0.019328302476835497	1.508799065829853E-5	
5D:FE	93	254	1	1.4948252453192181	0.01384966324702754	5.509679732659703E-6	
F3:D9	243	217	1	2.0817102229244724	0.014610212561577041	2.783334191487815E-5	
E6:FD	230	253	1	2.1141305632866754	0.019434599023655897	2.7164601640012962E-5	
F8:7F	248	127	1	1.5565555262503943	0.014635658034701144	1.578422948189579E-5	
3B:FD	59	253	1	1.8668840478721234	0.01716156106558773	5.2878100260871234E-6	
3E:FD	62	253	1	2.101348861317488	0.01931691674058285	6.9413351255387606E-6	
FB:77	251	119	1	2.080088058872639	0.0190288696037629	2.84601026021493E-5	
C7:FF	199	255	1	2.091106790870441	0.019583692205923087	2.3077486853874363E-5	
1F:FB	31	251	1	4.06698981730816	0.03707913443431434	9.75575328660804E-6	
7E:F5	126	245	1	2.0837690311411454	0.018470334512659444	1.4512208661065929E-5	
7A:FB	122	251	1	2.048781814246075	0.018679019217002057	1.3703286696100307E-5	
7F:E7	127	231	1	2.053917104160839	0.017069620009598784	1.4213514596550704E-5	
CF:5F	207	95	1	2.0393585729133403	0.014032130381568253	2.2807250036617215E-5	
BB:BF	187	191	1	2.037389321537787	0.015641847240896938	2.0384046842736192E-5	
DD:DE	221	222	1	2.034622022986687	0.014790802605636675	2.403988038391609E-5	
1F:FD	31	253	1	1.3479879712835703	0.01239151994490248	1.0715627482723855E-6	
F4:FF	244	255	1	2.0387717203932727	0.019093600900266863	2.6632719160392165E-5	
3F:ED	63	237	1	2.0331788660840306	0.017162992614069263	6.5994379751749835E-6	
FD:EA	253	234	1	2.0214203721608244	0.016791267888402205	2.707858199968129E-5	
5B:FE	91	254	1	2.0253539456825775	0.018765072797012644	9.961740759596109E-6	
DF:EC	223	236	1	2.021503555915093	0.016829568244756503	2.3828093751842592E-5	
6F:7E	111	126	1	2.024676060177207	0.018456879056842734	1.2211990482439167E-5	

