BMLVN	8	x2
metabolism	0.9970000
mutations	0.0010000
catastrofic	0.0010000
minWeight	0.1
start biomas	2.0	_
env.size	25000.0
feedSourceH	FF
C7
B5
23
11
feed port max	75000.0
timeQuant	0.01

key	suscepBits	activeBits	maxsize	popBiomas	currincome	currloss
FF:00	255	0	1	7014.136642673728	389.0936279296875	311.2529562790125	
C7:00	199	0	1	8165.966084950017	181.24826049804688	350.40974616196206	
B5:00	181	0	1	8830.98720663261	686.447265625	335.08203423388596	
23:00	35	0	1	17062.140925146596	327.0863037109375	306.51093851093094	
11:00	17	0	1	25000.0	717.8721923828125	57.551691178243814	
FF:FF	255	255	1	1291.2223576678177	13.332720430655598	10.707038446283114	
FF:FD	255	253	1	1257.485194838551	12.704185325284357	10.156090198085742	
FF:FE	255	254	1	1272.9538334729036	12.985857598113675	10.406972377528684	
F7:FF	247	255	1	1327.5929735391476	13.70772282535878	11.03761496866665	
7F:FF	127	255	1	2430.6128729782145	25.05024803996742	20.333547752244375	
FF:FB	255	251	1	1210.7878160270718	11.809468287081451	9.418068885400345	
FF:F7	255	247	1	1189.1052874506747	11.425215572331577	9.084807759090396	
FF:BF	255	191	1	1036.9842325872464	8.944024588389684	6.915709782970236	
FB:FF	251	255	1	1310.1330595725904	13.527566206342952	10.868156596197313	
BF:FF	191	255	1	1719.4276169988696	17.73900741968622	14.231159601669054	
FF:7F	255	127	1	1360.5020119192268	15.04592144013577	11.898391568716695	
EF:FF	239	255	1	1373.5887665547698	14.180977458000362	11.387632815007018	
FE:FF	254	255	1	1298.7025854475694	13.409972209659736	10.796307647732773	
FF:DF	255	223	1	925.164940824522	7.223907429947189	5.505299817871	
FF:EF	255	239	1	1123.0848508914692	10.314099614341865	8.106058236153379	
DF:FF	223	255	1	1498.4415713174815	15.465284281483104	12.419579300625493	
F7:F7	247	247	1	1220.430998481876	11.723932187466986	9.330133519787779	
FE:FD	254	253	1	1261.8745425195655	12.74845713676326	10.193620421986768	
FF:F5	255	245	1	1166.980574999055	10.997537808793188	8.751311631449228	
FD:FF	253	255	1	1300.513880380683	13.428545084584806	10.7946188129039	
BF:FE	191	254	1	1688.872616095051	17.214386750060427	13.730672760410572	
F9:FF	249	255	1	1309.9925293782137	13.525691031715757	10.79691863568118	
FF:BB	255	187	1	978.8345373054291	8.06261670760355	6.162941795600822	
F7:EF	247	239	1	1154.624506836881	10.603524492786928	8.35510299425994	
BF:DF	191	223	1	1228.3137814487127	9.587851592017588	7.278435897141557	
3F:FF	63	255	1	4918.008708069063	50.44776008488826	41.05276242346105	
6F:FF	111	255	1	2760.989638171082	28.43855722389585	23.08647038667616	
FF:7E	255	126	1	1311.4319471524059	14.068759784538331	11.056762888510486	
7F:FD	127	253	1	2369.8754668833376	23.90066667395862	19.33582385452733	
DF:FB	223	251	1	1399.4200912293318	13.643603339767965	10.836442806499468	
FF:F9	255	249	1	1186.6444662219467	11.352573461573883	9.047553259223664	
7F:F7	127	247	1	2239.76915205572	21.490002213285962	17.284073851815414	
FF:FA	255	250	1	1194.1774981104788	11.521064388364184	9.16190863957265	
FF:BD	255	189	1	988.8879883157208	8.233695123864694	6.289635826187011	
7D:FF	125	255	1	2454.4419665023893	25.294900382288734	20.48184406281941	
FF:F3	255	243	1	1150.0271786895858	10.746969137821797	8.498917167085313	
BF:BF	191	191	1	1369.1185081060232	11.78447186217418	9.021022167708233	
FF:F6	255	246	1	1173.0035414956565	11.147402497938666	8.840917264860833	
FD:FD	253	253	1	1266.6019741626276	12.795677967474687	10.23976339674508	
FB:7F	251	127	1	1382.225909033534	15.286735664292822	12.110086333550594	
F7:FB	247	251	1	1241.8020815912535	12.111470143879206	9.660451274596175	
7F:FB	127	251	1	2275.3703318567855	22.157500607710663	17.831350366145188	
FF:D7	255	215	1	839.9052060942121	6.065987901621918	4.538859383786084	
FF:E7	255	231	1	1055.7972908704785	9.214859150794796	7.16592060010817	
77:FF	119	255	1	2553.429840775066	26.31209983225717	21.376073804267037	
7F:FE	127	254	1	2397.277240049403	24.411070731251215	19.7828504316383	
FF:6F	255	111	1	925.2635259041136	7.490993080491134	5.508926692485318	
BB:FF	187	255	1	1746.973513209308	18.0221221281184	14.418196756042791	
FF:7B	255	123	1	1298.5130772836615	13.839314151659826	10.84030372557173	
FB:FD	251	253	1	1276.3286073279967	12.894194735016173	10.315881983662448	
F7:FD	247	253	1	1290.6196604921784	13.038387196181395	10.432455432142193	
FB:FB	251	251	1	1228.882925969719	11.984703299897014	9.564567007434672	
FA:FF	250	255	1	1312.0115210776405	13.5467899768124	10.862904293596475	
7F:EF	127	239	1	2124.1440785132613	19.487649485079686	15.557237721093628	
F7:FE	247	254	1	1302.6179967477008	13.287771297094794	10.626363349846848	
DF:F7	223	247	1	1375.5289589178228	13.211289257309806	10.471247950411916	
FD:F7	253	247	1	1175.7564185685326	11.29624434578851	8.825138807900407	
BF:F7	191	247	1	1581.1307448465043	15.181352404394486	12.041895373986282	
7F:BF	127	191	1	1945.6222578286418	16.787743203729665	13.083798496355515	
BF:FB	191	251	1	1606.331106178179	15.655545979646309	12.426148935671039	
EF:FE	239	254	1	1352.1431303045042	13.791532236189074	11.035473901484998	
FF:ED	255	237	1	1099.4194938632043	9.892439171333603	7.76917682970652	
DF:FD	223	253	1	1457.7812265122868	14.721300497234834	11.7563318863515	
FF:DE	255	222	1	820.955286327683	6.351222881363106	4.330725062847382	
F3:FF	243	255	1	1339.2535829562742	13.82742774774815	11.070414941815386	
5F:FF	95	255	1	3346.586021093436	34.42467288278266	27.964836732210628	
BD:FF	189	255	1	1736.3107775176397	17.91283554566565	14.39072507366376	
FF:AF	255	175	1	821.9091906231762	5.92731041264904	4.347098689602406	
7B:FF	123	255	1	2503.8099893958893	25.801815098010906	20.988605391534566	
EE:FF	238	255	1	1378.8340280358123	14.23503749710567	11.435141336676887	
EF:BF	239	191	1	1091.1295507307257	9.410461976308758	7.196433821486959	
7D:F7	125	247	1	2267.3790889639686	21.754390338056965	17.49805544383311	
7E:FF	126	255	1	2442.871168158767	25.176108240410876	20.4134112206863	
BE:FF	190	255	1	1719.2557595405133	17.736926456393043	14.166912883121155	
F7:F6	247	246	1	1200.4334134323265	11.405826155015871	9.027089989288918	
D7:FF	215	255	1	1536.450706251968	15.85648659666394	12.69200380771157	
FE:7F	254	127	1	1361.3899633476428	15.055606528579064	11.87458229903667	
F6:FF	246	255	1	1326.3845882636524	13.694974194252199	10.980054877221287	
FF:77	255	119	1	1244.5889682281295	12.846977946642845	9.959579272098118	
DF:BF	223	191	1	1184.3424812432388	10.213405170231633	7.77179613612551	
F7:BF	247	191	1	1047.8807258438	9.037564138708456	6.88549388140559	
FB:BF	251	191	1	1035.534276205582	8.930986532321336	6.798548245402368	
AF:FF	175	255	1	1874.3952171005421	19.33074851313374	15.397833008825483	
FD:FB	253	251	1	1218.1992981710125	11.881632828477532	9.474735882821353	
FE:BF	254	191	1	1004.6661235220253	8.664167584262094	6.467593717097827	
EF:7F	239	127	1	1443.2309018141086	15.962199480982218	12.587418526253822	
7F:7F	127	127	1	2553.012373264357	28.006864026099255	22.279141699010626	
DE:FF	222	255	1	1500.4058343266895	15.485337771516479	12.405583197709301	
FB:DF	251	223	1	929.7149514630435	7.259156121458314	5.481112478448867	
BF:EF	191	239	1	1485.6957107927387	13.636369646519102	10.635828368614494	
FF:7D	255	125	1	1298.1238322201064	13.925595272327678	10.831943426926976	
EF:FD	239	253	1	1342.2214340967148	13.55837875000009	10.875400441322602	
FF:FC	255	252	1	1238.3187237329455	12.360395515010744	9.849413337047778	
FD:EF	253	239	1	1126.3899108486316	10.344274369509609	8.103115642786065	
F5:FF	245	255	1	1330.563396341533	13.738059994685756	11.016526100824166	
FB:FE	251	254	1	1248.9472270259234	12.73925173559512	9.873143196797166	
FB:F7	251	247	1	1203.4533443568043	11.562698400781255	9.174463532208097	
B7:FF	183	255	1	1773.9385971584554	18.29986343488072	14.654080020416183	
F7:D7	247	215	1	811.9216486531298	5.862339920595321	4.13347504946518	
FF:DB	255	219	1	864.3718079927049	6.508765881935846	4.8052729483168335	
FD:BF	253	191	1	1016.5948752539089	8.767335376776863	6.603461189657633	
DF:F5	223	245	1	1341.4442401076772	12.636779887165778	9.959832474860002	
FB:EF	251	239	1	1135.9540328067849	10.431977314141372	8.176230245957326	
EB:FF	235	255	1	1377.7186999647085	14.222645629207026	11.285185727201121	
FE:FB	254	251	1	1215.05808570923	11.851057062432405	9.453563902439724	
FF:EE	255	238	1	1102.5626532593762	10.009975904118209	7.8125592912648445	
DF:DF	223	223	1	1028.9012939917486	8.026796495717075	5.859563826385559	
DF:FE	223	254	1	1471.8352383087356	15.00788437356671	11.98294441909292	
FF:B7	255	183	1	893.7186396614934	6.999603285811879	5.1372405403497385	
FF:3F	255	63	1	1538.530946506898	19.512767103963423	15.212714519897588	
FE:EF	254	239	1	1108.4940254166704	10.179540666103966	7.869421611322766	
B7:EF	183	239	1	1524.5654338873846	13.992383091407387	10.834519040982745	
BE:FD	190	253	1	1675.608349856553	16.91449841253182	13.459317119248631	
F7:F3	247	243	1	1143.1991191861237	10.680273405003796	8.185024233528525	
DB:FF	219	255	1	1517.060921019485	15.656680110081448	12.528591732429495	
7F:DD	127	221	1	1248.9353427139224	9.593144815539402	5.373822327318548	
FE:BD	254	189	1	942.723453427271	7.847893977008704	5.694308317788438	
FE:F7	254	247	1	1184.6101347189303	11.38171567146266	8.985918291163275	
3D:FF	61	255	1	4977.990028056693	51.060256957776346	40.895465458348085	
FE:ED	254	237	1	1064.758474795893	9.579481812555501	7.260226957800863	
BF:FA	191	250	1	1574.0951864947276	15.17509077606409	11.932478026131395	
7F:BB	127	187	1	63.92633673732228	0.524097852202553	0.013973700543028192	
FC:FD	252	253	1	1266.1406230562732	12.790791110015114	10.198102411776102	
FF:F4	255	244	1	1134.6248206791067	10.575579713149832	8.2717509642121	
FF:EB	255	235	1	1067.6185755490342	9.528076334966437	7.324987095740413	
FC:FF	252	255	1	1284.1317709082573	13.25864015901823	10.487463274016282	
EF:F5	239	245	1	1221.3036516511509	11.507533791412916	9.006972168192327	
FF:B5	255	181	1	753.6890987916875	5.759160908348078	3.6492803474363833	
5F:FD	95	253	1	3191.263352942285	32.1312594816671	25.436856317322857	
6F:F7	111	247	1	2497.0227021559763	23.948961549220034	18.90357452041389	
B7:FE	183	254	1	1647.620137737923	16.791194549494044	12.633922551649956	
3B:FF	59	255	1	5164.673241353613	52.95726249102253	42.64597551478125	
FF:DD	255	221	1	827.5388820046029	6.361285564723287	4.401250409702366	
F7:ED	247	237	1	1102.741725318187	9.921397769949163	7.620070380442824	
FD:FE	253	254	1	1275.280112542501	13.009265105946904	10.379816233003483	
EF:F7	239	247	1	1253.551253030891	12.04257296456581	9.488087431306926	
9F:FF	159	255	1	2086.352071892848	21.506252665805572	17.10150518600272	
77:BF	119	191	1	1805.2158981069554	15.569450634998825	10.717709920804667	
3F:BF	63	191	1	3388.9897641499333	29.043084878344555	19.4767068028131	
77:FB	119	251	1	2321.7703232017925	22.607026404514997	17.680845756821324	
FF:9F	255	159	1	299.38577119930494	2.016253663351479	0.5739949585956441	
E7:FF	231	255	1	1376.3625835179735	14.207914980013062	11.130739286872624	
BF:F5	191	245	1	1521.4439207447106	14.328013631052222	11.149731206735918	
FE:FE	254	254	1	1270.735865758666	12.962684489716105	10.335796073920445	
5F:F7	95	247	1	3044.4285912666687	29.172456746423123	23.1806523228172	
FF:D6	255	214	1	697.292620727677	4.999681798283653	3.1238730356982307	
CF:FF	207	255	1	1590.8046773449012	16.41485533964283	13.046293375140928	
F7:F5	247	245	1	1170.5767708265475	11.028667078652935	8.582545454755714	
FF:F1	255	241	1	659.8385415490975	5.998541037259629	2.7848591347767293	
F7:B7	247	183	1	841.1107409153163	6.585122853173154	4.43316697914481	
4F:FF	79	255	1	3849.135577990997	39.560900433255895	31.394993856619422	
EF:BD	239	189	1	888.8857779156909	7.396617105717693	4.768890181491696	
1F:FF	31	255	1	12421.152072209698	124.80046049596038	94.25399160072345	
FD:FA	253	250	1	1179.212240758395	11.375922975673973	8.876389457136115	
F3:F7	243	247	1	1214.4758733523465	11.665763960559646	9.104675805553482	
3F:FD	63	253	1	4709.491178479242	47.305692906557816	37.67648478623833	
FF:B3	255	179	1	135.96333899520982	1.0307735169858305	0.11796044826540882	
BF:EE	191	238	1	1411.2461868482974	12.80452006253105	9.593514922787175	
D9:FF	217	255	1	1518.6445892076506	15.672590353349456	12.465708112696158	
FF:76	255	118	1	1095.57404314342	10.93620016592053	7.709207761227012	
DD:FB	221	251	1	1262.1233124406253	12.301662424312195	8.742324297357676	
DD:F7	221	247	1	1314.3436459971176	12.621919715343106	9.488391012815994	
FD:BD	253	189	1	753.4293271409705	6.267154136104876	3.6187887474336335	
7E:FB	126	251	1	2230.664308854032	21.72191848896755	17.028228765595557	
BF:EB	191	235	1	1361.057398250686	12.139866213370723	8.923305887916204	
3F:7F	63	127	1	4997.522767143293	54.3393592439059	41.835272841085704	
7E:FD	126	253	1	2336.3770695381386	23.56263416080555	18.67411784815504	
F7:EE	247	238	1	1087.4875999592637	9.871665284297721	7.408251812660694	
BE:FE	190	254	1	1637.0704389105301	16.684735871868618	12.840311191655058	
2F:FF	47	255	1	6060.09818039511	62.056044650033535	47.50214514322972	
7F:77	127	119	1	2115.0233288092954	21.69917636885135	15.307792409878973	
FE:F5	254	245	1	1129.4000379374236	10.642148322390204	8.16634524270775	
6F:FE	111	254	1	2267.6057633943096	23.081373405429858	15.548589509498074	
7C:FF	124	255	1	2228.9665254170814	22.971688374368366	16.76907695903165	
77:F7	119	247	1	1729.7875464062113	16.5858173162985	9.788044925897307	
FE:DF	254	223	1	480.08451422532227	3.742073689036162	1.4705593700756106	
7F:DB	127	219	1	634.6199866606056	4.767974971056728	1.383329951473556	
F3:DF	243	223	1	331.05408537795677	2.578376393350462	0.6732188459769145	
BF:FD	191	253	1	1600.3749318254434	16.154132728631584	12.32429354347714	
FF:E6	255	230	1	704.5219162385016	5.936563057814429	3.1808080812402584	
BF:E7	191	231	1	1167.4641102078665	10.180463546527907	6.558947740216976	
DD:FF	221	255	1	1450.923632779186	14.9733126273666	11.557946740223114	
6D:FF	109	255	1	1584.0581501547306	16.312861685146938	7.387918312940057	
5D:FF	93	255	1	3191.32251509928	32.83420357848984	25.019658767792162	
FF:E5	255	229	1	691.4966456433293	5.772853523363292	3.064358760918894	
BF:F6	191	246	1	1438.472209057154	13.658965628737374	9.958881756363438	
FF:BE	255	190	1	878.8958025636374	7.457168010215092	4.960574918814141	
BE:F7	190	247	1	514.5474572334024	4.9281445105767645	1.2600412202614093	
EF:DF	239	223	1	111.05078616443974	0.8638689153074229	0.0739138448547883	
3F:EF	63	239	1	2889.9920496803184	26.478770100821603	14.215813784103766	
EF:F6	239	246	1	1059.4617187869694	10.062296939456875	6.766153494532818	
6F:F6	111	246	1	1920.83579470795	18.220863200757552	11.163089056192685	
EF:F9	239	249	1	1212.9229958415365	11.60114619004436	8.880010005572675	
F7:7E	247	126	1	837.8652818357822	8.967053760387858	4.376162415314897	
DF:7F	223	127	1	1527.1676789945734	16.888624441366684	12.916484026657617	
7D:FE	125	254	1	2319.659190580279	23.620374670461118	18.28871999200614	
7B:FD	123	253	1	2128.263054722112	21.462275864076858	15.148041600740996	
3F:FE	63	254	1	3841.327032262327	39.005503769677574	25.02827293552685	
DF:EB	223	235	1	739.6263844233525	6.589979794023589	3.015351150878693	
6F:DF	111	223	1	350.706990825767	2.7291159877400517	0.37111744020046833	
BB:EF	187	239	1	1259.0713208076147	11.551331048808292	7.48342451971227	
ED:FF	237	255	1	1326.9308159761972	13.697503805563729	10.552415672624265	
FF:B9	255	185	1	408.70882137781393	3.264390670092516	1.0682465213026173	
7F:EB	127	235	1	1695.2175074233767	15.1124609029278	9.894171596240549	
7F:ED	127	237	1	1631.892268565425	14.6644159546323	9.163686163343108	
F9:FD	249	253	1	1117.191443630868	11.281086906702226	7.840654924223649	
BB:DF	187	223	1	347.46290769618355	2.705211418578364	0.5677965080226334	
DF:BD	223	189	1	623.2170922921082	5.178947704485732	2.142048203292305	
7D:BF	125	191	1	932.0893910746835	8.02130247797392	2.947926392049849	
6F:7F	111	127	1	1809.397281812987	19.889766545574556	9.823895867481355	
CF:FD	207	253	1	1310.5434086281043	13.22682395908766	8.839209185873418	
7F:F6	127	246	1	1892.9392500128097	17.962924005382533	12.328199547793007	
F5:FB	245	251	1	1072.2779690897576	10.453086241472496	7.144699034657297	
F5:EF	245	239	1	890.6665763882096	8.172686229261307	4.926682613411362	
FD:77	253	119	1	1080.1647430257256	11.140777852216424	7.440704303817451	
DF:F3	223	243	1	1173.7759287263332	10.961542899688528	7.615958767789603	
BD:DF	189	223	1	516.7874231081067	4.026101980289282	1.270624070568392	
6E:FF	110	255	1	2337.4019984498655	24.079492689958144	16.40748355051785	
F7:7F	247	127	1	957.8383944131245	10.571543279796396	5.723069356138022	
FD:3F	253	63	1	627.5340549511444	7.917165244001712	2.487311928031049	
FF:BC	255	188	1	361.1668317372813	2.9519954420638284	0.8334182493495703	
7F:F9	127	249	1	1677.002351889517	16.016310319417	9.663299881234089	
EE:7F	238	127	1	1207.2983240147523	13.338412425666826	8.75475661122509	
7F:FC	127	252	1	1924.7798041706349	19.178989507895373	12.732143304192402	
BE:F3	190	243	1	279.96477935494266	2.605914948511627	0.3726038262465576	
3F:DF	63	223	1	1035.31286917852	8.06271005867432	1.8251224601427387	
FA:F7	250	247	1	729.3408593538607	6.996519781153915	3.342053361510969	
BF:BE	191	190	1	126.92397305184848	1.0726551394253618	0.07694627421851859	
7E:F7	126	247	1	1527.757351474998	14.651828479736078	7.964958955543028	
7D:EF	125	239	1	1727.7201789412845	15.845728625500257	10.146292067803865	
DE:F7	222	247	1	665.1635568309309	6.376355598576532	2.424525416978398	
D7:FB	215	251	1	1222.4366637082508	11.912887676677311	8.023140203758656	
7B:FB	123	251	1	1660.0462724070892	16.158116813515125	9.201848735959002	
BE:FB	190	251	1	646.5157328111968	6.288185509454796	1.9904844964183557	
FD:F9	253	249	1	1032.6259990545782	9.874275175572574	6.797277047357682	
FD:7E	253	126	1	980.1501563272624	10.498066696743242	6.114053686007169	
6F:FD	111	253	1	2515.47757299172	25.357740321490567	19.15710509617091	
5F:DF	95	223	1	457.23411552338456	3.5579521288620137	0.5206150444683317	
7B:EF	123	239	1	1671.7301345215897	15.330601614326072	9.350524674853697	
FA:FD	250	253	1	1067.0521191496823	10.773673119756348	7.170712316795568	
FF:6E	255	110	1	433.30193117518405	3.432347911585212	1.2015414483964495	
BD:F7	189	247	1	1487.505901370282	14.280388167781485	10.560651909827449	
BA:FF	186	255	1	1540.4656613537545	15.888233062164307	11.14596528659837	
FB:EB	251	235	1	839.7523252522565	7.488157570509245	4.456668657528991	
7E:EF	126	239	1	1829.1612915027292	16.77792520371949	11.44837997212621	
B6:FF	182	255	1	1432.1575230407866	14.76830732748691	9.487006659300382	
BB:FD	187	253	1	1272.9453534394306	12.842027279569594	7.633600561815299	
CF:FE	207	254	1	1208.7789900357493	12.315695290440475	7.512140595709274	
E3:FF	227	255	1	1137.6632970747542	11.736407430024308	7.467296077640528	
3F:F7	63	247	1	2816.958342104475	26.982200507345908	13.475899381194402	
B9:FF	185	255	1	786.946457212555	8.10375450629261	2.8830578467287356	
DB:F7	219	247	1	855.8828271742099	8.20957530236164	3.971749337850494	
F3:FB	243	251	1	997.103419489961	9.717179255405084	6.122491546512822	
7F:E7	127	231	1	974.1619356533125	8.483693483689672	3.256900112598168	
E7:F7	231	247	1	1012.7335116643982	9.720857850750939	6.014065623722477	
FD:FC	253	252	1	1109.1122721264774	11.066171163450685	7.840896932688865	
F5:FD	245	253	1	1115.5471590654774	11.263910953198387	7.730333757360965	
FD:F6	253	246	1	935.5022906665326	8.883789689344239	5.574253573248812	
7E:BF	126	191	1	285.7736594381154	2.454483379101739	0.27770790326722383	
3F:FB	63	251	1	2611.4655620579306	25.384641196163248	11.56707551201282	
FD:BB	253	187	1	87.53287273800316	0.7178684499864096	0.048502701289184026	
7B:FE	123	254	1	1752.8218694718423	17.844416931991496	10.255211622531283	
F9:EF	249	239	1	80.32231547450175	0.734245638130381	0.04018454664866176	
BE:7F	190	127	1	1060.4872928482027	11.697798311959424	5.368289867903375	
FF:67	255	103	1	236.47845706400665	1.7713675437115222	0.3573680250886831	
F7:FC	247	252	1	972.4953743102865	9.698465470357567	5.905786076920524	
B5:FF	181	255	1	919.6863405093941	9.47375274781333	3.884302104995797	
F6:F7	246	247	1	300.2876624541833	2.8748091716840833	0.5578309275758647	
DF:F9	223	249	1	968.1698980143265	9.25045989942703	5.169551616830529	
BB:FE	187	254	1	1071.0911705653748	10.905970081780831	5.395787960631778	
DF:7E	223	126	1	1063.556840678568	11.389024586615562	6.239308843797166	
EE:BF	238	191	1	222.52854638789495	1.91188661302232	0.29563437940646187	
FE:F3	254	243	1	596.997986465738	5.56785988590927	2.2695600613854996	
3E:FF	62	255	1	2296.4379722045383	23.622278274496264	8.822703943409342	
DF:BB	223	187	1	115.20520558469946	0.9448828312810404	0.0728649651336325	
F3:F6	243	246	1	661.8288650654479	6.2773928320962	2.689787417365776	
DF:FA	223	250	1	746.5077522176633	7.187641706235932	3.0670140172660894	
DB:7F	219	127	1	1168.593289917133	12.902494006295582	7.415780240436727	
EE:FE	238	254	1	815.2319614184321	8.302203221058427	3.9768748106989964	
BF:ED	191	237	1	757.6374937785274	6.802916420875528	2.752083705774748	
DE:FB	222	251	1	591.7381427951478	5.756365324441179	1.9169748871673051	
FF:3E	255	62	1	605.2762497175303	7.318823516771783	2.3302974383695125	
77:DF	119	223	1	223.1435620680111	1.7359366613362435	0.16247592069371658	
5E:FF	94	255	1	1347.4975560767691	13.866797640811265	4.475133300529243	
9F:FB	159	251	1	824.9034138332356	8.023005049462949	2.658726782594256	
BF:7E	191	126	1	1059.452035634513	11.33919541153253	5.384432910425428	
77:7F	119	127	1	702.4168257404374	7.723587138018515	1.599945343369534	
FB:7D	251	125	1	666.3277537602155	7.125198660454685	2.79311874449244	
77:EF	119	239	1	318.3910229176652	2.911885289919186	0.32999179573821036	
EF:E7	239	231	1	549.7341509339158	4.787722604659904	1.8153800321428053	
FF:BA	255	186	1	60.78522693786582	0.49052949462101786	0.023534159569923285	
BF:F3	191	243	1	216.74267947915243	2.0169195346879847	0.22417310396344514	
BD:BF	189	191	1	438.7633092075571	3.7714407843428424	0.9133420365321623	
BD:FD	189	253	1	616.0042833855557	6.204194214712304	1.7978180169210722	
FE:6F	254	111	1	218.1360414907949	1.7592683887339242	0.30266232640735713	
7D:F6	125	246	1	447.1186146326597	4.232524710623243	0.6747669219272491	
7D:DF	125	223	1	361.33543719276673	2.812232922255484	0.4420971329727515	
6B:FF	107	255	1	2008.4905271982468	20.687798858759365	11.695042116708063	
73:FF	115	255	1	1007.7746037437656	10.372752073593116	3.2132801079658275	
FB:FC	251	252	1	469.2167510400328	4.67000846574151	1.383129777717133	
5F:FB	95	251	1	1504.748239561879	14.633840319902147	5.634267806605897	
7F:FA	127	250	1	667.3260313891996	6.416394668679125	1.5225924266381332	
FF:E9	255	233	1	216.38435849109814	1.8844646976052999	0.29832993464788005	
BF:BB	191	187	1	306.3531493911717	2.5143089123725684	0.4490119577125817	
67:FF	103	255	1	1457.832313212871	15.009877197368885	6.01487168297472	
7F:7E	127	126	1	889.9873954845937	9.497654139679046	2.699381458875375	
7D:F5	125	245	1	573.0222730748685	5.380929241024608	1.1090894199986434	
7D:FB	125	251	1	1323.440789553505	12.879372356507796	5.932226098225715	
EF:F3	239	243	1	773.5148956183364	7.217863614249466	3.5979379943634013	
DD:BF	221	191	1	25.637072740665914	0.22001698240725293	0.0035776699742712413	
57:F7	87	247	1	260.53493257907513	2.491397895226271	0.15796903925070477	
F3:FD	243	253	1	656.6700329198785	6.619775331502225	2.6448561439445935	
F5:FE	245	254	1	135.4076955162491	1.3747215223070761	0.11277444685757261	
DF:FC	223	252	1	425.25806885180157	4.230298080541693	0.991893611151371	
F7:6F	247	111	1	29.252305392660748	0.23564598138009923	0.005313487229457692	
EE:FD	238	253	1	596.8909129675329	6.01512010106517	2.1279587770376853	
E5:FF	229	255	1	557.2746836157031	5.737650967699624	1.7975528246488457	
AF:DF	175	223	1	69.8868507529691	0.543465281304233	0.021273305675103948	
DB:FD	219	253	1	368.88024996766717	3.7127803829751596	0.7340071014747195	
5F:F6	95	246	1	273.344009618718	2.5856675505961406	0.1853923322785544	
37:FF	55	255	1	62.35168043649475	0.640240292291648	0.005904797316295051	
FF:F8	255	248	1	310.2796296483305	2.9262310184888705	0.6130992151138513	
DF:7B	223	123	1	289.13643503338466	3.064540869275694	0.4576049275368947	
3E:FD	62	253	1	216.91674733418006	2.18008609153696	0.07858381902513593	
57:FF	87	255	1	755.6099726698966	7.7693463945932875	1.3283892973945204	
76:FF	118	255	1	740.1321822349126	7.614324694976106	1.7707275124175705	
AF:EB	175	235	1	148.42811348241793	1.3189372819751288	0.0957848966234022	
DB:EF	219	239	1	225.64457247479967	2.06402607725942	0.27483935995769376	
5F:FE	95	254	1	343.601562492351	3.488329390607507	0.2925639291167143	
5F:F5	95	245	1	546.6491189800008	5.130784855509638	0.7421952613336843	
FE:77	254	119	1	293.91717194901986	3.018636412088097	0.5475187829148668	
77:FD	119	253	1	502.8524600073977	5.059429865816994	0.8221569946913287	
5B:FF	91	255	1	894.0762497521563	9.195326328577986	1.9141206312111476	
7F:F5	127	245	1	191.37564973875038	1.7951984477262548	0.12500366620202022	
BF:BD	191	189	1	30.60635863129101	0.25361675662035027	0.004473046288191017	
7A:FF	122	255	1	382.7882652931154	3.9347117386312385	0.48298082340820225	
BF:DB	191	219	1	71.20489425833354	0.5341231454836732	0.02425713082936874	
FD:ED	253	237	1	56.11714343951405	0.5025733595962939	0.019897261092057552	
BF:D7	191	215	1	97.34599143914008	0.7005228877344862	0.045374551174790216	
BD:FE	189	254	1	173.9492396709496	1.7659802357532894	0.1428904095695328	
D7:DF	215	223	1	9.734518078148735	0.07568044189956784	5.056588330595208E-4	
F8:FF	248	255	1	180.4902119542202	1.855117725381492	0.20196738579607162	
79:FF	121	255	1	80.30002977190065	0.8246730807710901	0.021094863339712465	
BF:FC	191	252	1	405.29739779004257	4.030362838913792	0.7838952862440924	
FB:F6	251	246	1	201.82030268927107	1.9101670303861447	0.25544261513581584	
AE:FF	174	255	1	375.1646903500283	3.857580006230757	0.6085214707404352	
BB:F7	187	247	1	154.3431961418593	1.4761142539043657	0.1114654580027181	
F1:FF	241	255	1	60.14692943049259	0.6177650004785601	0.021909396762837218	
FF:7C	255	124	1	159.69743805775997	1.650921572217138	0.16189344655493643	
EE:F7	238	247	1	128.85137286404122	1.232372567368945	0.09882333813311439	
F7:D5	247	213	1	9.832618751866963	0.06997372287376226	6.013332690683621E-4	
E7:FE	231	254	1	169.26289636009327	1.7186716325484765	0.1665094026636838	
FB:DE	251	222	1	22.12683168873512	0.1705148700413452	0.0030756839025977488	
D9:FE	217	254	1	56.717556598797636	0.5755319562660741	0.017183223162013327	
F4:FF	244	255	1	55.5916703724617	0.5709650802067725	0.01892497312188482	
37:FE	55	254	1	92.914173803178	0.9426803796052347	0.013115769446707006	
B3:FF	179	255	1	117.17741444922186	1.2037082423405387	0.062059546804048425	
D7:FD	215	253	1	64.79289033931627	0.6511859759430142	0.02230968855338608	
A7:FF	167	255	1	49.07118397861358	0.5039286100958223	0.010101831632167765	
CF:7F	207	127	1	223.54852699291644	2.4568601291742556	0.254642247731467	
EB:FD	235	253	1	178.7713296681814	1.797894796055436	0.18797226393069588	
7F:D7	127	215	1	27.643558735054054	0.19885761101334495	0.00261765107595232	
B7:F7	183	247	1	36.52310568382144	0.34911736694608847	0.006147364425657693	
EF:EE	239	238	1	22.800038691639998	0.2059818458968213	0.0031050748351493474	
BE:EE	190	238	1	3.645138363516372	0.03292731276051166	6.307167350394537E-5	
ED:BF	237	191	1	72.77919822457896	0.6247688772825513	0.03147831358919832	
F7:75	247	117	1	47.36865197881709	0.4709069204708115	0.013882870503818182	
9F:FE	159	254	1	250.42692035896187	2.542726156646399	0.24405946335090226	
7F:F3	127	243	1	53.00629357092851	0.4928616146082508	0.009584876169219263	
DA:FF	218	255	1	130.58547157173408	1.3416606966270763	0.09141854852430932	
3D:F7	61	247	1	128.80519827561665	1.2312734252905302	0.02728798736930136	
EF:7B	239	123	1	66.27527221458493	0.7016415447784495	0.02616792054186256	
B7:FB	183	251	1	54.5950972761261	0.5297713339509753	0.013733799485075788	
9F:FD	159	253	1	108.87935827617052	1.0943468138023023	0.04610914282046255	
AB:FF	171	255	1	50.232115560235115	0.5158545688566472	0.010736345647360108	
BB:7F	187	127	1	72.654300406423	0.7978669793102683	0.02461804533834458	
FA:FB	250	251	1	40.63115169784604	0.39427120075687616	0.010297067897549361	
3B:FD	59	253	1	84.36113255479741	0.8476771735821134	0.011331300327339585	
6F:BF	111	191	1	1.5966292397687687	0.013700417717692561	7.666816677067775E-6	
EF:7E	239	126	1	35.31153619342401	0.37620753441760635	0.007424930492464062	
9F:F5	159	245	1	33.33481826234349	0.31254208332233	0.004326225384048558	
F1:FB	241	251	1	72.76957533762292	0.7062601029489429	0.03211073559460332	
F7:FA	247	250	1	25.24631469003733	0.24231421557439004	0.003945227830791817	
5F:EB	95	235	1	10.765031644220901	0.09560210493639407	2.876537999484209E-4	
BA:FE	186	254	1	3.8975074624710175	0.03953824342160444	7.061522390070085E-5	
FC:F7	252	247	1	5.876864779596826	0.056168554926502405	2.171256571227056E-4	
FB:FA	251	250	1	58.89842779006346	0.5654244291739429	0.02171771605954992	
F8:FD	248	253	1	35.59866304193313	0.35773322888897446	0.007848937279407749	
3D:FD	61	253	1	6.714339258902952	0.06745886357601892	7.406311192091741E-5	
39:FF	57	255	1	66.53420640933345	0.6831930075959766	0.0068681131031913525	
4F:FD	79	253	1	17.64531245037759	0.1772867751223923	6.552484134427586E-4	
DE:EF	222	239	1	17.696218923262872	0.1617018671516208	0.0017080715553306682	
2F:FD	47	253	1	67.5622797715296	0.678847969484075	0.005895024339424063	
6D:F7	109	247	1	2.2576588572942677	0.021577084494385394	1.494375131232999E-5	
FB:F3	251	243	1	13.821000660510228	0.12849817714584055	0.001196059963575272	
FE:7E	254	126	1	5.291938246669951	0.05637017457883991	1.7676190970100934E-4	
F3:EF	243	239	1	19.821921436880615	0.18113019177616674	0.002399327070445059	
7F:BD	127	189	1	24.116861418140513	0.19982976090967838	0.0019879682674785407	
7F:7D	127	125	1	9.533475941511375	0.10155349907777465	3.091339987146984E-4	
FD:F3	253	243	1	1.0752563419483068	0.009996203626330075	7.295924064642E-6	
7F:F4	127	244	1	29.775531603576173	0.2761350118824139	0.003024281441918619	
59:FF	89	255	1	9.955373226137803	0.10221674426989429	2.3300847108520043E-4	
4F:FE	79	254	1	70.72005962500918	0.7175110944057846	0.010524260567209657	
BD:7F	189	127	1	41.91499469754769	0.46023292025270995	0.008275653370919256	
FD:F5	253	245	1	14.517319906654151	0.136107056119837	0.001329903847858286	
75:FF	117	255	1	18.013941346749814	0.18496434113809307	0.0010391536428180038	
79:FB	121	251	1	9.59952945151289	0.09313027212120924	3.0172382549634755E-4	
3B:EF	59	239	1	16.2946931359795	0.14888479948705016	4.23505034766902E-4	
7D:FD	125	253	1	19.026089766364315	0.19116487981703145	0.0012179075989624082	
1D:FF	29	255	1	29.679196956314357	0.30472922660450635	5.238939429732271E-4	
0F:FF	15	255	1	13.23948298918861	0.1359332753333911	1.1291927945605671E-5	
65:FF	101	255	1	5.675404309508457	0.05827174318135425	8.94802030994739E-5	
97:FF	151	255	1	32.64938988719645	0.3352602778481815	0.004001048904697651	
CF:F7	207	247	1	5.364459158404602	0.05127071232680404	1.4675226249516985E-4	
7E:FE	126	254	1	15.399674240533065	0.1562271819613552	8.02565759092356E-4	
57:FD	87	253	1	23.74416826118418	0.23856772939368032	0.0013100701222780958	
7C:FE	124	254	1	4.560550859185188	0.046264351149993006	6.952743480554307E-5	
3B:7F	59	127	1	7.247417215976547	0.07956300640496204	8.346499058450289E-5	
FE:B5	254	181	1	5.729321241582511	0.043607218237425624	2.084606068202006E-4	
B7:7E	183	126	1	20.478251971057908	0.2181492757000036	0.0019282077614544062	
1F:F7	31	247	1	5.193550154846264	0.049636061842641015	1.6888675209609183E-5	
E3:FE	227	254	1	8.395941285547652	0.08517510843303777	4.026696054956607E-4	
B7:F5	183	245	1	5.429517541054999	0.050901049583124795	1.3587692974130591E-4	
1B:FF	27	255	1	13.64456323719625	0.14009314738501225	9.07779980638085E-5	
DF:9F	223	159	1	1.5174803128223648	0.01020160017270743	1.2666242881237824E-5	
3F:3F	63	63	1	5.220053879992649	0.06560659515330158	4.578951180135978E-5	
FE:7D	254	125	1	7.4866228063977065	0.07975098028003758	3.537869199848406E-4	
4E:FF	78	255	1	7.351188390903067	0.07547768365115506	1.12656709138234E-4	
7E:F9	126	249	1	8.492878310269505	0.08082457669606587	2.444014300534865E-4	
FA:BF	250	191	1	5.485886914722368	0.047074891613540164	1.8806947972603179E-4	
1F:7F	31	127	1	23.04084575927559	0.25294582511529934	3.3141273439313057E-4	
FB:DD	251	221	1	2.836777044322213	0.021718295255122862	5.054866952791198E-5	
7E:FC	126	252	1	16.062232405173333	0.15945760773983156	8.73496526797078E-4	
3F:7D	63	125	1	1.7323576160114127	0.018453062279895696	5.06270364157751E-6	
CF:BF	207	191	1	9.48307014082141	0.08137622854125763	4.595167948304452E-4	
7F:BE	127	190	1	3.8210913120763164	0.03227453440915987	4.9882500388251154E-5	
3B:BF	59	191	1	3.7165861957170825	0.03189146185238555	2.2056024715168568E-5	
1E:FF	30	255	1	5.315617132431816	0.05457697776665265	1.726294202945077E-5	
7F:6F	127	111	1	3.7072462088507665	0.029859221692287146	4.699082115716744E-5	
5D:FB	93	251	1	5.861728758747019	0.05686686021911302	8.382326676896434E-5	
3F:BD	63	189	1	8.546892935144497	0.07081386232478805	1.238213583132379E-4	
3F:7B	63	123	1	8.689018699378744	0.09195407787932895	1.273817739264214E-4	
EF:FA	239	250	1	1.6628777201217206	0.015957993233808712	1.649467924821719E-5	
F5:BF	245	191	1	4.118283729645738	0.03533905192990415	1.0451159031150083E-4	
7A:EF	122	239	1	1.3650196307266265	0.012471933671561358	6.145650753266824E-6	
7B:F6	123	246	1	1.944116077182117	0.018378558486948183	1.253654023373963E-5	
3F:F3	63	243	1	6.239300741747373	0.058004358646985846	6.585222631494726E-5	
5F:7F	95	127	1	2.2562167036773433	0.024768868802415772	1.258204206866253E-5	
7F:73	127	115	1	7.570663584190082	0.07496063831371497	1.9523976568904734E-4	
AD:FF	173	255	1	6.295459012726484	0.06463883033879089	1.704020455888679E-4	
FF:F0	255	240	1	1.5227569753643884	0.013646281260282658	1.4733355950957102E-5	
D9:BF	217	191	1	2.789299837346403	0.0239347732839741	4.167124649561749E-5	
DF:F6	223	246	1	6.993364296938424	0.06611334791996853	2.675531085065549E-4	
F3:ED	243	237	1	2.1215170502351772	0.0189934901290273	2.7490070746146255E-5	
DE:7F	222	127	1	1.4205283795422536	0.01559467062421245	1.0964139678015333E-5	
33:FF	51	255	1	2.7965466665496623	0.028712973835863916	1.1103533357785116E-5	
D7:7E	215	126	1	8.02685819824481	0.0855035559791699	3.4182661238887555E-4	
3F:77	63	119	1	6.866852838085998	0.07039940199414939	7.961091036036953E-5	
2F:BF	47	191	1	3.4176025083805857	0.029325884211676805	1.512815824555684E-5	
BB:FA	187	250	1	3.1833762835347796	0.03054977966085	4.736386876122114E-5	
7F:5F	127	95	1	1.7547544900982581	0.01402159793118519	1.0529227227005058E-5	
3F:7E	63	126	1	2.1965955562503647	0.023397629629888603	8.139683200250804E-6	
DD:7F	221	127	1	1.737050295345805	0.019069504853141673	1.634170068669826E-5	
7F:7C	127	124	1	1.8037198355036659	0.018628144635788355	1.1072832500096581E-5	
35:FF	53	255	1	4.617059901008355	0.04740485792359355	3.1530696186606226E-5	
E7:DF	231	223	1	1.313150751722517	0.010208564866620506	1.0054215727968372E-5	
3F:BB	63	187	1	1.6252009134480045	0.013321301885718268	4.477845748327311E-6	
5F:DD	95	221	1	3.401569340546312	0.0260420883969121	2.8790907167776114E-5	
F7:B9	247	185	1	2.5023796651890584	0.019939838764124477	3.8878333372345886E-5	
F5:7E	245	126	1	2.6251993758646774	0.027963364515807568	4.2290192673941157E-5	
1F:FD	31	253	1	4.802143150637925	0.04824667311950428	1.4424577301118317E-5	
B7:AF	183	175	1	3.876201522782718	0.027836111972603307	6.955782608210268E-5	
7E:EB	126	235	1	4.864885477285702	0.04320364181967576	8.029499278583473E-5	
E7:F3	231	243	1	1.2848707053415769	0.0119449078753622	9.596387314523602E-6	
B6:FE	182	254	1	1.2764709324833523	0.012948994285884599	7.465738545369604E-6	
BB:ED	187	237	1	5.32137148414397	0.04764167131915635	1.325220818296246E-4	
CE:FD	206	253	1	3.022823289248007	0.030370389860443575	4.63675308043528E-5	
DB:FB	219	251	1	1.5910579953888846	0.015435370715421268	1.3623351266368016E-5	
6E:FE	110	254	1	4.209781153929281	0.04270586478704554	5.27768268303586E-5	
3E:FB	62	251	1	2.3676066464609145	0.02296881611021068	9.366100974987081E-6	
7E:FA	126	250	1	2.1197718840070783	0.02034257399172444	1.5222617532729724E-5	
6F:FB	111	251	1	3.838450101751489	0.037238161461054096	4.421219985693398E-5	
3F:5F	63	95	1	1.2939587615285664	0.010339509501700116	2.839725966911789E-6	
7E:F5	126	245	1	1.729025750280667	0.016209091525528928	1.0132283502019517E-5	
B6:EF	182	239	1	1.8012246083218746	0.01645752022273422	1.4895990844084844E-5	
D7:7F	215	127	1	2.7397634421865815	0.030077539418805112	3.9795387567959816E-5	
37:F7	55	247	1	1.2946396975437693	0.01237318057010297	2.5492130424920425E-6	
BE:BF	190	191	1	2.113544907232972	0.0181360822059864	2.1223577605470347E-5	
BF:B6	191	182	1	1.427966135397312	0.010978194642069101	9.746710211662854E-6	
CD:F7	205	247	1	1.2735527147254573	0.01217170156461073	8.210466990342054E-6	
DB:ED	219	237	1	1.6760520356538549	0.015005278105124493	1.5140554352409768E-5	
EF:76	239	118	1	1.1588352285676427	0.011497301697549287	8.005366071232023E-6	
2F:FB	47	251	1	1.979773381437726	0.019206310091016913	5.065191787031811E-6	
DD:FD	221	253	1	4.871060396880796	0.04894021981004233	1.287491722218384E-4	
77:BD	119	189	1	1.9025917989781407	0.015763478791735733	1.178619222989713E-5	
6B:FB	107	251	1	1.7110880443175653	0.016599761165855296	8.438397313767338E-6	
D6:FF	214	255	1	2.5784631358530663	0.026474100562278235	3.516433768005798E-5	
77:BB	119	187	1	1.4847721072928857	0.012170272823198994	7.179234423618254E-6	
7C:F7	124	247	1	2.596942048939501	0.024819761194463847	2.2571275536125513E-5	
F7:BD	247	189	1	1.4249851870109465	0.011806412189830832	1.2599119012080389E-5	
FD:76	253	118	1	1.3610657903648473	0.013503740378506312	1.1675356856027468E-5	
7D:B7	125	183	1	1.017461935817818	0.00793261149925532	3.498518915096815E-6	
E7:BF	231	191	1	2.029305111336936	0.01741326115980834	2.397246115445682E-5	
BE:BE	190	190	1	1.9335760017615735	0.01633172814976385	1.7767858840994048E-5	
99:FF	153	255	1	0.0	0.008853420884756456	2.8104785735119413E-6	
7F:9B	127	155	1	1.1283599473004566	0.007364667303453585	4.366532405407629E-6	
7F:75	127	117	1	1.1330918955057863	0.011261200436442548	4.373113125685416E-6	
6D:FB	109	251	1	1.899568734037415	0.01842827865768597	1.0576120455656996E-5	
8F:FE	143	254	1	1.7082648737375423	0.0173292761025684	1.0390285401581019E-5	
D9:7F	217	127	1	1.536618777452012	0.016869127948032615	1.2585706270867638E-5	
DE:FD	222	253	1	1.0991328827832167	0.011042915816963967	6.576394774891127E-6	
BA:7F	186	127	1	1.9281471843703795	0.021167375153120397	1.7253253015189196E-5	
6B:FD	107	253	1	1.0950982354061207	0.01100234895467339	3.453967588142657E-6	
FB:B7	251	183	1	0.0	0.00766078075941533	6.06283963945451E-6	
DF:DE	223	222	1	2.338628050798425	0.01801979808994805	3.0024052821773186E-5	
9F:E7	159	231	1	2.3599139968689506	0.02049642975078123	2.1708739639955206E-5	
1F:FB	31	251	1	2.380163916399791	0.023090580980413087	3.546118154013785E-6	
FD:7D	253	125	1	1.4911402383614167	0.0158837186446759	1.3992980440999186E-5	
3F:F6	63	246	1	2.3211487849882007	0.021942754307892	9.110962131024874E-6	
FF:71	255	113	1	2.360427040990549	0.02217430802720024	3.5371102683980816E-5	
3D:EF	61	239	1	1.4364879070117893	0.013124898219194357	3.3962015353396597E-6	
1F:DF	31	223	1	4.074797963666431	0.03167772462220651	1.043349885210656E-5	
FD:75	253	117	1	1.2256757410290988	0.012181389208450057	9.467765390528017E-6	
9E:FB	158	251	1	1.7804850964882029	0.01727303586755516	1.2275018365775294E-5	
FF:3B	255	59	1	2.147894738970441	0.026492519796922492	2.911514395506073E-5	
9D:DF	157	223	1	1.269933196376107	0.009872560339695245	6.246659508156963E-6	
7C:BF	124	191	1	1.7182194863365599	0.014743778098098731	9.900141452431103E-6	
DF:D7	223	215	1	2.281676145295853	0.01641220350431606	2.8608942927999873E-5	
BF:AF	191	175	1	3.086911794845188	0.02216792670278778	4.559503941682536E-5	
BB:F5	187	245	1	2.2389001167287743	0.02098910529480463	2.34386186228161E-5	
F5:7D	245	125	1	1.3386344955484304	0.014259201354753386	1.0995947749034231E-5	
BE:E7	190	231	1	1.1179158656458033	0.009709334867068677	5.9363654069539096E-6	
FE:FC	254	252	1	1.6767443885327205	0.01664513516170462	1.777085449686716E-5	
2F:DF	47	223	1	3.90155690314342	0.030331013965615	1.9748231858579968E-5	
F9:FE	249	254	1	1.2658270898828672	0.012841044968142189	9.95192371955517E-6	
DF:DB	223	219	1	1.3103258512205846	0.009825827583042507	9.429359795594238E-6	
FD:9F	253	159	1	1.2598952984872354	0.008469924423111693	1.0068698773956074E-5	
E7:ED	231	237	1	0.0	0.008243933265194734	4.932271144045339E-6	
BA:EF	186	239	1	1.2440537220576207	0.0113667050223252	7.209016112020691E-6	
BE:F6	190	246	1	1.646680448918757	0.015566793750964333	1.2860303624091517E-5	
6D:FD	109	253	1	2.3341721731041654	0.023451294283285705	1.5958070966986897E-5	
CD:FE	205	254	1	1.0509618221914137	0.01066134060096173	5.584620108676494E-6	
EE:FC	238	252	1	2.2343763173415883	0.022180837550175126	2.965846965629612E-5	
FB:AF	251	175	1	1.6980515736344932	0.01219410603037598	1.81288565220027E-5	
6B:F6	107	246	1	1.2762042979960446	0.012064470280090918	4.696474055225873E-6	
EF:BE	239	190	1	2.092371339728971	0.01767303332334655	2.617630019655392E-5	
BD:FA	189	250	1	2.007750854516767	0.019267598647607666	1.9034276041734248E-5	
7E:ED	126	237	1	2.2163840749667427	0.019842706850202965	1.666343189575578E-5	
9F:EE	159	238	1	1.8037072441658228	0.016293105732317625	1.2672692277557033E-5	
7D:F9	125	249	1	2.169195955490968	0.020643248871251796	1.584690696342736E-5	
3F:DD	63	221	1	1.9347756180519806	0.014812380078570454	6.353173521673766E-6	
FC:FC	252	252	1	2.230888063095091	0.022146225693699107	3.126337101386152E-5	
FA:ED	250	237	1	1.5529271145068388	0.013902980424804538	1.5058558661443214E-5	
2F:F7	47	247	1	2.157639102710467	0.020621088702378065	6.017953335431097E-6	
FE:3F	254	63	1	2.2190292534304006	0.027889311812025877	3.095933741333419E-5	
FF:D3	255	211	1	1.2437804659536946	0.008703073603186102	9.868281461251142E-6	
6E:FB	110	251	1	2.1361057501408207	0.020723010778730736	1.3600475518142442E-5	
63:FF	99	255	1	2.179222407356338	0.022374766783703245	1.296751452901483E-5	
FF:9B	255	155	1	1.8286283302013615	0.011935326179813084	2.135099887956534E-5	
5D:EF	93	239	1	1.7237525323344431	0.015749605718350185	7.256913777665546E-6	
3F:FC	63	252	1	2.151210749067861	0.02135504099994176	7.818251316937124E-6	
FD:7F	253	127	1	0.0	0.008856006190211773	4.092700845526643E-6	
7B:E7	123	231	1	1.7233207036875409	0.014967409642300422	9.865900076511326E-6	
7E:DF	126	223	1	2.0855883573952867	0.016213562689118565	1.4789752428968575E-5	
75:BF	117	191	1	1.3824919100308533	0.011862935608597735	6.140911535375001E-6	
BF:F4	191	244	1	2.1013031853125126	0.019485488919956995	2.103865601593136E-5	
76:FB	118	251	1	2.107050871403662	0.020441149348675962	1.4323010695325627E-5	
FE:DD	254	221	1	1.9483819438942345	0.014916683323406666	2.410507185353747E-5	
BE:F9	190	249	1	2.0923195621974773	0.019911703204885254	2.0760355042481435E-5	
5F:F3	95	243	1	2.0891277650702476	0.01942170654609779	1.0824132257126342E-5	
D7:DB	215	219	1	2.029968393167648	0.015222314153870029	2.199993929537483E-5	
DF:F1	223	241	1	2.0732733270086054	0.018782597213853367	2.3532991160590425E-5	
4F:FB	79	251	1	2.028541880608689	0.01967945992111229	8.665709353730061E-6	
FE:76	254	118	1	1.6915272611987657	0.016782431285169423	1.8085832568879067E-5	
FA:B7	250	183	1	2.0481632355840804	0.015968592558218156	2.625565094394419E-5	
5B:FE	91	254	1	2.0161132591433395	0.020452179191183625	9.714369641569761E-6	
FA:F3	250	243	1	2.0504335157929137	0.01906212764888397	2.6234585824212765E-5	
3C:FF	60	255	1	2.029143977122754	0.020833808785819957	6.677991195910046E-6	
BF:5E	191	94	1	2.0188188502338655	0.015533257074019296	1.9481209311777084E-5	
1E:FD	30	253	1	2.0282495358113226	0.020377593398011786	2.514466680099269E-6	
FF:EA	255	234	1	2.0115784477165803	0.017657104576993966	2.5720376220422828E-5	
6F:7E	111	126	1	2.0153909563239214	0.021467529834685466	1.2165004451661553E-5	
B6:FB	182	251	1	2.0134560261912746	0.01953320435010923	1.8591950533485363E-5	

