BMLVN	8	x2
metabolism	0.9970000
mutations	0.0010000
catastrofic	0.0010000
minWeight	0.1
start biomas	2.0	_
env.size	25000.0
feedSourceH	FF
C7
B5
23
11
feed port max	75000.0
timeQuant	0.01

key	suscepBits	activeBits	maxsize	popBiomas	currincome	currloss
FF:00	255	0	1	7235.75707796565	212.7137451171875	368.34198998218955	
C7:00	199	0	1	8314.447362009936	596.7627563476562	345.7191525868239	
B5:00	181	0	1	8548.736376245235	310.29412841796875	351.05605330297175	
23:00	35	0	1	18990.83664875939	423.81097412109375	375.86473980258836	
11:00	17	0	1	25000.0	491.9755554199219	55.891348932798046	
FF:FF	255	255	1	1229.2829701460264	13.016287335606718	10.111895615812646	
FF:FD	255	253	1	1194.0886692468837	12.365856003837036	9.542157398661713	
FE:FF	254	255	1	1231.9424586841287	13.044308046409485	10.12151807090097	
FF:EF	255	239	1	1090.4620336080668	10.440163217070994	7.962398970320025	
EF:FF	239	255	1	1170.074978096478	12.383408070698641	8.64868207781066	
FD:FF	253	255	1	1235.1121139454744	13.077868840447774	10.150878451407337	
7F:FF	127	255	1	2319.9144689765344	24.52373195807386	19.30584011740568	
FF:FB	255	251	1	1168.9253408993413	11.802862964175139	9.146660445202667	
FF:DF	255	223	1	866.1755692033108	6.85403291295223	5.028664694022502	
FF:BF	255	191	1	944.4886954240892	8.256161687262454	5.9761355121413215	
F7:FF	247	255	1	1261.5717629297385	13.357420848822686	10.363422695331904	
FB:FF	251	255	1	1249.052130787694	13.225305176717532	10.291553004804818	
BF:FF	191	255	1	1664.6765799772095	17.611068010367067	13.646712910321352	
FE:FD	254	253	1	1200.0464679428578	12.427554171331048	9.605546945924893	
F7:FD	247	253	1	1230.205139225316	12.73937050420408	9.856052822668003	
EF:FD	239	253	1	1265.3599898053403	13.102658388275986	10.129652104827272	
FF:F7	255	247	1	1151.2052552405628	11.497181672850225	8.872061678840337	
7F:FD	127	253	1	2256.6905134594185	23.334452498895104	18.272870449246536	
EF:F7	239	247	1	1215.548379908101	12.138610518564409	9.35069127164504	
BF:FD	191	253	1	1621.808945636204	16.781604337459793	12.955521470090893	
ED:FF	237	255	1	1308.3717924828738	13.852091814220541	10.765210329523144	
F6:FF	246	255	1	1267.303426791623	13.418072658120693	10.422121591369887	
FD:7F	253	127	1	1293.6741638476583	14.575626758638476	11.146029156433896	
7F:EF	127	239	1	2060.4517889484714	19.708948761440325	15.253297656625607	
FF:FC	255	252	1	1177.0872784858693	12.044532230530317	9.273035857153769	
EF:FB	239	251	1	1234.3435848807042	12.462102517317339	9.641336023024412	
7E:FF	126	255	1	2285.8726683644622	24.163264534297014	18.618724922316233	
FD:EF	253	239	1	1097.88575376503	10.511239133704642	8.02624525080546	
EF:7F	239	127	1	1360.2095452836934	15.326593579471297	11.71653458930929	
FF:F5	255	245	1	1121.2675255734061	10.970053784707401	8.417441435732304	
EB:FF	235	255	1	1317.8345980076758	13.951854513576908	10.821521654999632	
7F:DF	127	223	1	1633.4126751195406	12.921049825407106	9.601868131334216	
FF:BD	255	189	1	911.4102664658132	7.687002070664738	5.566260184637704	
FE:EF	254	239	1	1091.6766790236086	10.451664998722482	7.953223267605102	
7F:FE	127	254	1	2281.882916772731	23.834835195326647	18.680389235770438	
EE:FF	238	255	1	1304.6220675957682	13.812384360185757	10.728751694849334	
F7:7F	247	127	1	1322.0628483928886	14.896015902314296	11.392292597536969	
6F:FF	111	255	1	2594.9576018953753	27.42029798085453	21.538797435369617	
FF:ED	255	237	1	1065.4951637171716	9.984739746919855	7.6031031561250435	
FF:CF	255	207	1	769.6282886205688	5.4784331802814386	3.9725698955523328	
FD:FD	253	253	1	1201.8215809385274	12.445450957020212	9.611828120245296	
7B:FF	123	255	1	2383.1618983340745	25.189956324220933	19.819790297026895	
EF:EF	239	239	1	1154.6471044729674	11.050715567572992	8.436489848310613	
FD:BF	253	191	1	954.8429951099928	8.346866212386775	6.074200689632651	
FF:EE	255	238	1	1076.846001092222	10.19017982359472	7.765429307636835	
3F:FF	63	255	1	4908.220196221132	51.62671671254602	40.54744072750497	
FD:FB	253	251	1	1173.192742364368	11.845791929408913	9.161876906174822	
5F:FF	95	255	1	3126.5877198033	33.00239885653573	25.92782628473734	
EF:FE	239	254	1	1278.8307431253324	13.377474915802486	10.345568609075576	
FE:DF	254	223	1	866.609065819925	6.857386733579954	5.016725594588602	
FD:F7	253	247	1	1155.6249729127874	11.541181992568449	8.890192406661297	
FC:FF	252	255	1	1237.2405887123316	13.100244447629317	10.15140051336514	
E7:FF	231	255	1	1331.7898145040529	14.099117180666909	10.902672620749332	
FF:F9	255	249	1	1133.8652557761993	11.216389344366585	8.606600290638115	
6F:F7	111	247	1	2427.343501173736	24.2052486847994	18.866690017804387	
FE:7F	254	127	1	1287.9562067555144	14.510876643040977	11.072043401578288	
F7:EF	247	239	1	1119.6597988907265	10.719308239375218	8.168803654980108	
FB:F7	251	247	1	1165.571951926321	11.640302293692258	8.965418563809228	
FF:7F	255	127	1	1286.3176284833623	14.49251758099882	11.08118769249193	
BF:EF	191	239	1	1479.06566693658	14.152239162681411	10.784337862786849	
FF:9F	255	159	1	649.8649298951578	4.371823151257307	2.8315558218984878	
FE:F7	254	247	1	1149.6646276459335	11.481542125729192	8.818178954486235	
F3:FF	243	255	1	1280.7104744039214	13.559668909463142	10.524834903178053	
77:FF	119	255	1	2438.910318294736	25.777301502058695	20.23453476028105	
FF:AF	255	175	1	766.5466487946667	5.770378118764178	3.9383415249395233	
FB:FB	251	251	1	1179.8683116031166	11.912001457958851	9.184839891677541	
F7:F7	247	247	1	1178.5040407470988	11.767487670511565	9.045720563610358	
FB:FD	251	253	1	1210.029884312801	12.530550532655962	9.659213034972655	
F7:DF	247	223	1	890.8923002723025	7.049511897182508	5.176924353896838	
FF:FE	255	254	1	1215.1355840936453	12.712771308389428	9.881579599846729	
FA:FF	250	255	1	1145.2117437912223	12.121757881953075	8.612078798635123	
FD:FE	253	254	1	1217.1384389651587	12.733448979622418	9.858278472506909	
F7:FB	247	251	1	1196.9375843671414	12.084998851713467	9.331970461705748	
F9:FF	249	255	1	1254.1674359385372	13.279289382288482	10.3171275983188	
BF:7F	191	127	1	1737.811683329653	19.5877531547756	14.909490782345616	
FF:DB	255	219	1	831.1648805740666	6.358172300748199	4.631121351877324	
DF:DF	223	223	1	995.2405756906128	7.86985478161561	5.756212900427134	
FB:FE	251	254	1	1227.0131281590425	12.836456404545157	9.931852997762563	
DB:FF	219	255	1	1434.4271320363598	15.182128469706038	11.750659017416488	
F5:FF	245	255	1	1266.9377699317874	13.414061795891016	10.391882966258	
FE:BF	254	191	1	866.2544255535415	7.569684213234653	5.005571837592239	
BF:FB	191	251	1	1580.1470961006623	15.942476074677543	12.301657881282466	
7F:FB	127	251	1	2196.7171995638955	22.149006669905177	17.320334498919593	
FB:DF	251	223	1	822.4127101726718	6.506326697627998	4.4662040078540945	
AF:FF	175	255	1	1820.4734813181142	19.253905919409966	14.958549292866943	
BB:FF	187	255	1	1693.3419238504719	17.913349248326135	13.857779355847564	
BF:F7	191	247	1	1556.1046100967817	15.52959634425772	11.931831555557721	
FE:FE	254	254	1	1212.5089298658852	12.68473372498019	9.805003783834923	
FE:7D	254	125	1	1232.5967990361178	13.456285222082302	10.141197097004534	
7F:7F	127	127	1	2421.1611004013307	27.085596294562322	20.89595980988088	
FF:DD	255	221	1	846.2161831181268	6.595123132025197	4.799722423009134	
D7:FF	215	255	1	1455.897246826977	15.408926005018452	11.928318035250015	
BE:FF	190	255	1	1666.5582244093027	17.630672387970982	13.617330006281017	
EF:BF	239	191	1	999.5840861486557	8.737772128511912	6.328599479327915	
FB:BF	251	191	1	957.3024258654558	8.368124530811247	6.052256891546993	
F6:FD	246	253	1	1233.1018910330233	12.769241036803567	9.868452184056958	
FB:EF	251	239	1	1099.1708874390556	10.523096295946644	7.974545914243455	
FB:7F	251	127	1	1302.665610187811	14.67688498571345	11.203528560530675	
FF:BB	255	187	1	894.4593686231227	7.502969017197753	5.3606578170556105	
BF:DF	191	223	1	1152.323147369423	9.114822911361776	6.553137448888329	
FD:EB	253	235	1	1058.0882814195065	9.860110062528586	7.455732849294029	
FF:F3	255	243	1	1112.631861140215	10.831776904282677	8.288467469745582	
CF:FF	207	255	1	1501.462007448011	15.889894411671238	12.276804524123374	
FD:F3	253	243	1	1114.7944325955975	10.852635011382887	8.27388931059222	
DF:FF	223	255	1	1411.391718676987	14.938887119264812	11.562629377953657	
7F:BF	127	191	1	1731.7514904938441	15.14141690583259	10.793917095292674	
F5:FD	245	253	1	1234.2292175004852	12.780365474590393	9.863203514923107	
FF:BE	255	190	1	905.8813718810177	7.794837765862666	5.496631898064262	
FF:FA	255	250	1	1149.784258528732	11.480259642388024	8.84978300132427	
FE:D7	254	215	1	776.1702449936505	5.752497014816163	4.02445089567177	
EF:DF	239	223	1	899.092205554971	7.11382099843481	5.121395839850958	
FF:E7	255	231	1	1025.3928040047483	9.400267073906125	7.041675224793585	
EF:F6	239	246	1	1196.014206262197	11.80968274439927	9.05288268335584	
3D:FF	61	255	1	4961.25421708474	52.18179386924534	40.22451748451764	
F7:AF	247	175	1	596.9524554582001	4.4897804777555	2.3192968428361977	
DF:F5	223	245	1	1273.4098161664476	12.454379248506665	9.417073062850566	
BD:FF	189	255	1	1671.8221098047366	17.686325717157978	13.662529976460535	
FF:F4	255	244	1	1099.0348874576812	10.632142662301025	8.086807234666285	
EF:7B	239	123	1	1309.1119174159983	14.323135339943875	10.854031773633986	
FF:EB	255	235	1	1040.8710243413802	9.699326562350748	7.254636909875593	
9F:FF	159	255	1	2011.3962461697488	21.263575325519817	16.36643303012839	
BF:FC	191	252	1	1592.818443445856	16.285502588671775	12.497200452992669	
DE:FF	222	255	1	1415.3467822727944	14.98058369211942	11.583247217017728	
EF:ED	239	237	1	1115.5970130348921	10.450287013092057	7.875775798584992	
EE:EF	238	239	1	1148.7466171385788	10.993903974773938	8.32033979489896	
6F:FB	111	251	1	2458.0818249018976	24.776361580388855	19.34021079677694	
FB:FC	251	252	1	1183.253842774241	12.106917404286053	9.236168425608717	
5F:FD	95	253	1	3020.920640932774	31.19546344535941	24.21395510184739	
DD:FF	221	255	1	1416.9491775442034	14.997459877637336	11.57980914430885	
FE:FC	254	252	1	1180.2093999375209	12.076172561561288	9.29078428153667	
7E:FE	126	254	1	2289.8003005279693	23.91555150094478	18.68752857688676	
7F:ED	127	237	1	1980.2304133140308	18.540832090885424	14.089723671358612	
AF:F7	175	247	1	1680.5376082489493	16.767360397340738	12.754015098612113	
DF:EF	223	239	1	1217.5598976066	11.652855802527363	8.609043720457707	
F7:7D	247	125	1	1264.089286504742	13.800799069436676	10.415425433637061	
7F:FC	127	252	1	2179.358735258097	22.267408559432734	17.040540024851243	
FE:F5	254	245	1	1119.6751187780094	10.954235186368212	8.364954481539455	
EF:AF	239	175	1	659.3098203719214	4.959258140833496	2.749395175460275	
5F:7F	95	127	1	3167.46694728975	35.341809298693796	26.386884884971167	
BF:BF	191	191	1	1190.2657602632146	10.385623105017645	6.971305741282603	
FC:EF	252	239	1	1081.6921027049148	10.355482111400123	7.763312886022697	
FE:FB	254	251	1	1165.8201364146207	11.771190284290428	9.066959775678148	
BE:FD	190	253	1	1613.172217006726	16.691745333075087	12.760464226129502	
3F:FD	63	253	1	4703.440538598163	48.42522578097052	37.266719946540036	
DE:FD	222	253	1	1367.7973800163545	14.159341297987686	10.818727339031996	
9F:FD	159	253	1	1918.2690476729126	19.8353201985323	14.886325049081554	
F5:ED	245	237	1	991.2939672243056	9.285438121800587	6.359805890418896	
EB:DF	235	223	1	600.5076516375744	4.74562147671506	2.2432433297636094	
7F:EE	127	238	1	1834.3146994926176	17.33966128541345	12.077364845717106	
FF:7D	255	125	1	1220.2170032058712	13.320509745072702	9.970737033912462	
7B:FD	123	253	1	2294.424296646185	23.7225424793887	18.374351059461176	
1F:FF	31	255	1	10964.657197219078	113.66634455697026	74.66094239362207	
3F:DF	63	223	1	322.54112153035845	2.5423007509733258	0.1753286693114795	
7F:FA	127	250	1	2144.5307440341994	21.38324526314026	16.507429224549206	
7F:F7	127	247	1	2129.4926080113078	21.240297148086952	16.278091812517083	
F2:FF	242	255	1	1210.0231323768423	12.808448470991532	9.355116381292204	
F7:FC	247	252	1	1192.8787950818717	12.204946082937076	9.265735156394676	
F7:F5	247	245	1	1108.0326419646328	10.837267192624825	7.993710706601698	
F6:F7	246	247	1	1146.1020982470532	11.442717355189385	8.522541849500998	
FE:ED	254	237	1	1040.6407602504275	9.750861835380267	7.225961663540013	
FD:ED	253	237	1	1060.0636189988734	9.933126157143493	7.482524636883759	
FF:F8	255	248	1	1092.4978996250452	10.686240701391656	7.988235726800103	
FE:E7	254	231	1	966.7670101998749	8.860837751844224	6.234199242893148	
6F:7F	111	127	1	2227.2353589055388	24.931935383865415	15.74357888521588	
E7:EF	231	239	1	1167.678950564499	11.174322345549186	8.383108278783954	
7E:FD	126	253	1	2243.8158855000142	23.200787061176534	17.946726838239424	
3F:F7	63	247	1	4293.180643921354	42.70033266231048	31.106553107988	
BF:F5	191	245	1	1493.0787120389598	14.597191125204313	10.984634160420876	
7F:DD	127	221	1	1330.690219618319	10.363406153229953	6.363366044212978	
7F:F9	127	249	1	2028.0469359338995	20.034709830315933	14.75757861200496	
3B:FF	59	255	1	5150.469693202786	54.15251029008582	41.85388211297037	
BF:ED	191	237	1	419.49776994651705	3.917557265041093	0.8608542938192235	
AD:FF	173	255	1	1782.2074292517018	18.84828397539477	14.231604894924228	
EF:FA	239	250	1	890.0125258796684	8.876276542903778	4.995849032749637	
F7:F9	247	249	1	1094.5627271163246	10.824786092590791	7.79870542355307	
EE:FD	238	253	1	1220.3403419290075	12.634680329067075	9.383816865288953	
FF:AD	255	173	1	365.91090291043764	2.67961516389161	0.8935334337995321	
73:FF	115	255	1	2370.258743341775	25.04929546884945	18.554190622283983	
F3:FD	243	253	1	1169.9872116505956	12.112683625787572	8.777759097775519	
FF:CD	255	205	1	524.8585899262857	3.687127863828815	1.8426932733542085	
4F:FF	79	255	1	3600.7463540884746	37.982396096691076	29.518528162062154	
C7:FF	199	255	1	1530.7744631898815	16.19840888970441	12.350192290236249	
EF:E7	239	231	1	924.8631592537395	8.471943224512236	5.404960205486239	
FC:DF	252	223	1	272.06690160721445	2.146859643978924	0.48840242591266897	
7B:7F	123	127	1	2272.6002310123813	25.435889314673787	17.898467151633124	
AE:FF	174	255	1	1693.1672973783416	17.905221524675582	12.874149232432133	
FD:BD	253	189	1	383.1109333203555	3.222872468849092	0.9720183168342853	
FD:7D	253	125	1	1162.8508795201312	12.689973226141445	8.99746849433151	
F7:EE	247	238	1	640.3644620118109	6.048666700738226	2.6588061316705347	
BF:E7	191	231	1	1274.7046025399595	11.677547093935619	8.005298893814556	
3F:BF	63	191	1	1969.9186204155606	17.149573756603885	6.525549557539697	
77:FB	119	251	1	2164.3884309734317	21.81926447711857	15.935058332854005	
EF:B7	239	183	1	666.2863319226132	5.388713568756262	2.805349473506302	
BD:FB	189	251	1	1442.165310214803	14.547083221124174	10.160464781224778	
6B:FF	107	255	1	2595.8577461778664	27.425689127331136	20.73644064999105	
F6:FB	246	251	1	1141.92985818028	11.527508517382872	8.459479664999641	
6F:E7	111	231	1	1958.9172975547147	17.927975875119163	12.27869851062319	
6F:FE	111	254	1	2186.7330307281222	22.831688664228665	15.273457380239934	
EB:FD	235	253	1	1250.3357070143413	12.945518533016605	9.739518365778409	
9B:FF	155	255	1	286.83143733698773	3.0224018761473497	0.32301272741399745	
DE:EF	222	239	1	946.9082738333855	9.055282128846809	5.173893336404744	
77:BF	119	191	1	117.63661625579145	1.0235065681274464	0.04675507360472403	
F9:FD	249	253	1	1155.2864741387625	11.960948112847806	8.748979797164091	
3F:FE	63	254	1	4575.237804411623	47.587971347771045	35.239595150811034	
6F:F6	111	246	1	2173.6851410221802	21.432715853733004	15.116666990755087	
F6:EF	246	239	1	1027.6526929617273	9.835333412021953	6.850758519953223	
76:FF	118	255	1	2340.644485112042	24.738128267112693	18.50148374864728	
FF:CE	255	206	1	256.89354593984973	1.811534512377328	0.4400586177827174	
ED:EF	237	239	1	1109.7913900199817	10.61994862013067	7.744075717311385	
FC:7F	252	127	1	1024.4332326051067	11.526198544912383	6.942814287714586	
EF:FC	239	252	1	1192.348926235075	12.19766237604733	8.98996063043643	
ED:F7	237	247	1	651.7956979999803	6.495497762856946	2.657146694206946	
7F:CF	127	207	1	760.2221679941343	5.402571934882249	2.0733114037207705	
7F:F6	127	246	1	2014.8653887068738	19.87184663326434	14.56815079441133	
57:FF	87	255	1	3130.0165196214084	33.03545842752192	24.214674581874117	
A7:FF	167	255	1	1826.1831289991203	19.312065910119834	14.539303451266264	
EF:F3	239	243	1	1121.258885343203	10.913068177616505	7.9528890029075425	
FF:EA	255	234	1	760.3012182015354	6.994011842661628	3.8594467725864443	
EF:DD	239	221	1	646.4231997890976	5.033050879899948	2.640914795103119	
B7:FD	183	253	1	1524.7376426813719	15.772753197774877	11.03651212968198	
7B:FE	123	254	1	2004.1263429502358	20.929460102911076	13.995393422226575	
6F:BF	111	191	1	1087.446365634478	9.488353671244942	3.7791220582515583	
E7:7F	231	127	1	1225.2983514895695	13.795660995393105	9.222580722706311	
E5:FF	229	255	1	1307.1039338916446	13.83652113346304	10.435956554211256	
3F:FB	63	251	1	3884.6790840340886	39.05339012046054	25.422584939476756	
FB:F9	251	249	1	1074.0258327266913	10.621006345663654	7.605440109816644	
BF:EE	191	238	1	1171.8177951959685	11.076181634614189	6.7548258057297055	
FC:FB	252	251	1	1049.9978894148703	10.597493996472464	7.3038656149965275	
BA:FF	186	255	1	1438.8654154460492	15.215741968561836	9.942460430842152	
FF:B7	255	183	1	76.24827257607386	0.6147395870145123	0.03860911367525258	
BF:DD	191	221	1	577.2256228316818	4.489968824162061	1.6372666701682714	
5F:F7	95	247	1	2751.6938733010193	27.419942985578615	20.10057325344932	
F5:BF	245	191	1	452.1591890749359	3.9429075014133126	1.3175297447097367	
D6:FF	214	255	1	1370.677563915144	14.504186972278433	10.52313607467984	
DD:EF	221	239	1	1104.6267445154158	10.568542596989637	7.033335562641094	
7D:F7	125	247	1	1752.5381147688868	17.474805881119078	10.887323639887107	
ED:FD	237	253	1	1183.0637990604346	12.246897365769271	8.794502068291644	
EF:DE	239	222	1	429.3842405143962	3.3625404306070035	1.1624190076327725	
FF:F1	255	241	1	795.1698381611687	7.564463840168454	4.220323371400163	
F5:EF	245	239	1	1073.3776484607874	10.27444160127175	7.460346802346467	
6D:FF	109	255	1	2415.1318978771596	25.51880210080843	18.301568945267356	
FE:EE	254	238	1	709.9091969361687	6.7081744468338185	3.3497217614045405	
3F:EF	63	239	1	3578.057072221697	34.170932219834185	21.635481231139277	
BF:F9	191	249	1	1092.4678455771423	10.790010125992712	5.861216468848684	
7A:FF	122	255	1	1961.1003840065607	20.725499911449532	13.305149960452741	
67:FF	103	255	1	2353.1604906430807	24.860316262669432	16.557203503003834	
F7:7B	247	123	1	243.43327647026445	2.6481816726065186	0.38158243826214894	
DE:FE	222	254	1	1247.5462641194233	13.042111528988267	8.987771035718726	
F7:77	247	119	1	807.2621474469612	8.621351240386174	4.225997428272738	
D7:EF	215	239	1	945.4667278938831	9.04052636452007	5.018917544453055	
E3:FF	227	255	1	1279.6221611258097	13.543908383143023	9.904213610148922	
DB:F7	219	247	1	940.9191019145594	9.383508233706234	5.040070276012863	
3F:7F	63	127	1	628.2097842454167	7.031138375985841	0.6594409959431115	
DD:FB	221	251	1	1127.4401942694644	11.373774287578163	7.319471051172549	
5B:FF	91	255	1	2882.8011595444905	30.432463567651464	21.24054491596306	
5F:DF	95	223	1	766.5692206451122	6.048095840143472	1.555240002587733	
EE:F7	238	247	1	800.1439145780614	7.978896102180821	4.019955626504489	
FD:FA	253	250	1	1012.5689796764324	10.105365627198916	6.814412701338649	
7F:F5	127	245	1	1566.1178776101483	15.296805794714937	8.78297040641531	
5F:FB	95	251	1	2260.786952225417	22.770946028777583	13.53822046528087	
BF:7D	191	125	1	890.5952112042461	9.694130215910372	3.8877099257957575	
77:DF	119	223	1	921.7504900236893	7.280545711903108	2.8876940363542785	
F9:FE	249	254	1	851.2512347662469	8.893528381619234	4.73360484408701	
FB:F5	251	245	1	825.8252928195992	8.070381116050903	4.48581434299534	
BF:7C	191	124	1	498.4671632790629	5.251616659565151	1.214274019070978	
E7:FD	231	253	1	999.9975527675451	10.345047251415526	6.129626843282467	
BD:EF	189	239	1	1099.8768568938165	10.515637362257138	5.902200754711789	
ED:FB	237	251	1	1091.093547484525	11.010901731739713	7.477658663317867	
B6:FF	182	255	1	1560.1336147084082	16.50002014410708	11.499474089248707	
FE:DB	254	219	1	485.93999327053194	3.71171433081281	1.5714924585671817	
F7:DB	247	219	1	239.18913611362902	1.8245050341188578	0.37071126937232585	
AF:7F	175	127	1	1376.0558612309214	15.484557364637338	8.538450262854825	
EF:CF	239	207	1	217.46509490318135	1.543676313066603	0.29791548055920425	
EE:FE	238	254	1	1095.933625334951	11.457696928705918	7.5565124156980925	
ED:BF	237	191	1	80.54103369925137	0.7008235498229748	0.040438606095749556	
77:F7	119	247	1	1426.778156482019	14.21584927054813	6.9001566420314635	
6F:F5	111	245	1	927.9431224786567	9.050749541467871	2.7400649443672895	
DF:F9	223	249	1	373.97224272755983	3.6862145448851	0.8052259559227752	
FD:7E	253	126	1	381.3726671933757	4.148828240350143	0.9586493462370914	
E7:FB	231	251	1	1067.1112728934024	10.766903445179494	6.988495217554635	
7B:DF	123	223	1	458.49487570981984	3.6172286626380976	0.7310724291261044	
ED:FE	237	254	1	1031.0539861693032	10.777156035649387	6.668101766988315	
67:F7	103	247	1	1641.026612182595	16.34787270887094	8.038961788964388	
FA:7F	250	127	1	116.49460319016812	1.3038071507753783	0.0880339305722498	
F6:FE	246	254	1	1146.1305778325516	11.986150766244672	8.515456663554424	
F7:BF	247	191	1	424.65087184197546	3.7025337503384805	1.1684282085721334	
FF:7B	255	123	1	56.525016733030995	0.6141959426865559	0.02109470092815852	
FF:AB	255	171	1	18.54743150489907	0.13457888852008673	0.0022867058721068737	
BB:7F	187	127	1	1065.4779329930743	11.974113308956222	5.465442910058365	
7F:E7	127	231	1	996.1459129210551	9.111660636962943	3.5484136213630304	
FD:F5	253	245	1	735.2565612938099	7.182727182509573	3.5835425601231794	
2F:F7	47	247	1	773.6685555773755	7.690185611100793	0.7784078521314561	
9F:EF	159	239	1	1152.3982195715125	11.011559782993551	5.359314600736584	
F3:FE	243	254	1	963.0920306590307	10.06530581457725	5.9335525762823735	
6E:FF	110	255	1	1324.8459399568542	13.988006982913532	5.5440870108949305	
FC:FD	252	253	1	974.5530164136248	10.084235950840668	6.283140949699004	
E6:FF	230	255	1	735.3399992375433	7.769233901823613	3.292184003143351	
B7:FF	183	255	1	954.7218257225645	10.08496517180287	4.30736552320833	
EF:77	239	119	1	288.462912013241	3.0715119979743988	0.5210351718296021	
37:FF	55	255	1	2730.666080875374	28.791624809291523	11.148345434560495	
AF:FE	175	254	1	1550.1646232879964	16.195485544231815	10.829777780337176	
FB:DD	251	221	1	108.37724401096362	0.8415491389440201	0.07696633071294885	
FB:7E	251	126	1	157.04872388010733	1.7060925250442296	0.16072377189097004	
EF:5F	239	95	1	187.43521059584975	1.5026335198003862	0.2209016685336057	
DB:FE	219	254	1	1190.9312608760756	12.447933728621058	8.084194374043506	
FF:DC	255	220	1	77.3274989064078	0.5953464089152427	0.039738261434249675	
B7:EF	183	239	1	467.8020084268368	4.463406474976581	1.0328293986233779	
FA:EF	250	239	1	531.1631372111483	5.0733289533390735	1.8443519453535984	
77:FD	119	253	1	1637.950045516085	16.926755984302563	9.0977194748301	
F7:FE	247	254	1	682.3571704831	7.123660028666819	3.013935698097404	
F3:EF	243	239	1	390.62354671632244	3.7280947471892816	0.9720801850977818	
FD:FC	253	252	1	603.6766564038732	6.162999054191836	2.409953521444637	
BB:FD	187	253	1	978.9690497117828	10.116426321236652	4.610047578433265	
FA:FE	250	254	1	922.8144734194428	9.643884325542516	5.579936871964406	
D5:FF	213	255	1	1227.2710655563433	12.982255873689454	8.403568158557746	
FC:F7	252	247	1	639.7588427232836	6.376343227658416	2.7000321640823115	
EE:7F	238	127	1	839.4171203520718	9.43332753542985	4.419474806996494	
FF:6E	255	110	1	4.380846251294531	0.03648631543652381	1.2727740629584478E-4	
DF:FE	223	254	1	875.4865813424216	9.14269930193905	4.428204717472059	
FF:7E	255	126	1	854.5712990642772	9.322120136097391	4.868431573757123	
77:FE	119	254	1	377.4391333823122	3.930348459513506	0.48015945151772965	
AF:EF	175	239	1	374.6820607154993	3.573260782407485	0.6288743668797949	
FF:75	255	117	1	548.9558379329112	5.669189412530563	2.003860860525123	
CD:FF	205	255	1	760.657988290499	8.03390687816985	3.110158812124241	
7B:EF	123	239	1	1146.4364666660363	10.95105405086906	4.571056368326411	
F7:E7	247	231	1	142.0669159236033	1.2968167074697867	0.13024057591412633	
6F:DF	111	223	1	265.8998437740134	2.096407773712124	0.22519272780220986	
2F:FF	47	255	1	2327.1894186009645	24.533925045402402	7.0350929162164615	
7D:FE	125	254	1	909.5708976639487	9.485019620828776	2.9167895466774745	
7C:FF	124	255	1	1328.5180117890488	14.031295608721978	6.192990839763542	
BF:BC	191	188	1	216.80192217180647	1.7934904532613416	0.23001263961409243	
B7:F7	183	247	1	162.6190983781799	1.6161779115730808	0.12442270257066156	
BB:FB	187	251	1	714.7731548984566	7.196778219037256	2.4540071135704875	
9F:FB	159	251	1	294.3356497726922	2.958432291278609	0.3474485283266981	
F9:DF	249	223	1	3.024548396996421	0.02382734112386909	5.952232558021228E-5	
6F:EF	111	239	1	748.7378850957647	7.143693475512212	1.78264699460492	
7D:DF	125	223	1	242.8034690005483	1.914330239209414	0.20826755502041866	
F5:7F	245	127	1	715.3420754197113	8.034337047206062	3.2922324546162893	
77:EF	119	239	1	189.12129393935209	1.8020047549152387	0.12067038360776078	
6F:FD	111	253	1	984.5859104612634	10.162915423754452	3.0813161463085703	
F9:7F	249	127	1	545.2217167158632	6.117969912130635	1.933759962346663	
EF:7E	239	126	1	33.30595847560535	0.36152980765544507	0.006922372318538042	
7D:EF	125	239	1	506.6563863112066	4.832395142495383	0.9050267585662266	
7F:77	127	119	1	133.816719357211	1.423002832981706	0.06351406996120983	
BF:9F	191	159	1	43.60639958482521	0.2923268924600084	0.00932402247470812	
B7:FC	183	252	1	41.9743925046461	0.42714342335772043	0.008278522067102636	
EB:F7	235	247	1	215.8788161406861	2.1466339458298505	0.28754037445977154	
5F:FE	95	254	1	474.4196563126785	4.939985507675304	0.5922936059172529	
BF:DB	191	219	1	32.48756704483777	0.24749174565988827	0.005165553779611658	
7D:FF	125	255	1	793.7485997989589	8.374593365459706	2.219386748566597	
FF:EC	255	236	1	70.46196859400908	0.6487183061975725	0.03289235849061651	
7E:EF	126	239	1	175.63241656407425	1.6734522817110846	0.109012096589683	
FD:E7	253	231	1	469.478694648347	4.293530305448644	1.4587292510905714	
E7:FE	231	254	1	110.69662231831536	1.152111400130348	0.07443748771403533	
FF:5F	255	95	1	9.739089799375712	0.07799134776630787	6.294788462012399E-4	
7F:7B	127	123	1	497.6225042378906	5.412785982213741	0.8787804498099143	
77:7F	119	127	1	577.8318056269279	6.471996028195921	1.1231790655618614	
DF:7F	223	127	1	557.2865853213656	6.251581938811711	1.7877013904204597	
9D:FF	157	255	1	395.4212236402419	4.168203540280206	0.6219247330938124	
FC:BF	252	191	1	152.1160665505676	1.3242574269275305	0.15223047918160146	
FB:EB	251	235	1	128.38795412191038	1.1911098749740272	0.10770507750938196	
DB:BF	219	191	1	176.2356417971727	1.5342270682517658	0.17605326239083277	
7F:6F	127	111	1	87.5831004278826	0.7442584202295282	0.027321716920377926	
76:FD	118	253	1	17.225406311513844	0.17736822271629318	9.919320276178297E-4	
F8:FF	248	255	1	288.8903800114811	3.046208933223204	0.5399328000712539	
FB:BB	251	187	1	13.779339136316828	0.11503636166582769	0.001241414222376949	
6F:F9	111	249	1	79.29049519795471	0.7802248217307968	0.0199254867976296	
EF:BD	239	189	1	41.13161918070937	0.34530033722265413	0.010610641095762895	
EF:DB	239	219	1	77.86482317156538	0.5933679376977427	0.03809896051258158	
BF:AF	191	175	1	25.489424280923274	0.19108660107930608	0.003180328517229239	
DB:FB	219	251	1	21.9907652732103	0.22081919065238154	0.0027296378516445644	
BF:5F	191	95	1	20.588945281258766	0.16488372546888233	0.002072933346996734	
F2:FD	242	253	1	89.60002080098819	0.923059573736433	0.050726814696088494	
FF:BC	255	188	1	61.65430106637783	0.5097451303974718	0.025229117641254444	
FF:3B	255	59	1	81.48635730848936	1.012934601039033	0.04371626743001393	
EF:F9	239	249	1	240.7550777219901	2.371829100209776	0.3632044757617264	
7E:BF	126	191	1	51.81853307502762	0.4507561233664977	0.009499447661797285	
F6:ED	246	237	1	110.13184413446702	1.0272925072200123	0.07794325467288388	
6F:77	111	119	1	283.7451180345534	3.0183993285139143	0.2548411847487494	
D7:FB	215	251	1	145.54916461386853	1.4624861669359683	0.11796200244118661	
FE:77	254	119	1	63.549959371119996	0.6757651110304028	0.026589470500409728	
8F:FF	143	255	1	345.5517521649813	3.6416153528404953	0.4421745873026299	
F1:FD	241	253	1	1.4815992676730547	0.015255143151864953	1.3825544642444958E-5	
6E:F7	110	247	1	78.77533316839971	0.7825204657339782	0.01952386673276965	
BF:F3	191	243	1	208.16864354555952	2.0174537767196163	0.2114833478811821	
FE:6D	254	109	1	24.609842488424906	0.19967102815095797	0.004005855292911819	
DE:DF	222	223	1	2.3846435552526852	0.018786069405117834	3.263424956015948E-5	
BE:BF	190	191	1	9.233192684358285	0.08030614027112144	4.144419807206253E-4	
BE:EF	190	239	1	74.0702163391591	0.7055787733327142	0.026640480680620325	
D3:FF	211	255	1	134.10086200342528	1.4125691231088897	0.09837527728487407	
A5:FF	165	255	1	124.93966554598707	1.3158173640599236	0.06684552809395283	
7F:7D	127	125	1	118.86315613270408	1.288963890724749	0.05008750677781834	
F6:F9	246	249	1	6.801859271672652	0.06691724510427013	2.9667381136211574E-4	
C5:FF	197	255	1	84.88554183357245	0.8939030246317984	0.03727751669832992	
EB:BF	235	191	1	58.73397598406405	0.5110014872777834	0.0213042803127038	
D7:DF	215	223	1	14.087471466542732	0.11098735119911313	0.0011086003241337554	
3B:7F	59	127	1	32.88073681623207	0.36774591903220616	0.0016961388567423956	
AB:FF	171	255	1	215.63286452914892	2.2718226937267025	0.20392947955406365	
FE:F4	254	244	1	109.85419054461103	1.057743586374459	0.07964898887760019	
E7:F7	231	247	1	21.761159929355777	0.21614179177595866	0.0028768642666584915	
3F:FA	63	250	1	19.896273461915584	0.19755843572369305	6.637048591477565E-4	
FF:7C	255	124	1	13.53899292917937	0.14231551710716078	0.0012104525141509604	
BF:FA	191	250	1	23.769953209423868	0.23604110087128144	0.0027522240183631007	
9E:FF	158	255	1	52.89040614299962	0.556848587594478	0.011140748104910449	
EF:EE	239	238	1	66.33000160415179	0.6245856014399855	0.027543115124230855	
F7:F6	247	246	1	7.3645529274340715	0.07232717272488182	3.489966166630513E-4	
AF:F6	175	246	1	3.4947348178671134	0.03432065753084371	5.454834132441372E-5	
DD:F5	221	245	1	50.58542950735456	0.4923349401080491	0.01459979624802013	
BE:FC	190	252	1	154.8455115259398	1.5765829510437537	0.11634025128854802	
DF:7D	223	125	1	1.5722308035403596	0.017042758603120038	1.4155167069973594E-5	
6F:E6	111	230	1	9.425303494694914	0.08322772076051917	2.820370723988392E-4	
EB:FC	235	252	1	19.676817502891627	0.20022199934927368	0.0023829769177489356	
6E:FE	110	254	1	14.114692413190424	0.1468137590226597	6.260268411670704E-4	
BF:FE	191	254	1	50.486414801182335	0.5252376936304834	0.01240644729283831	
DE:F5	222	245	1	48.93762918159203	0.4762933223970008	0.013698708025969562	
0F:FF	15	255	1	61.34555842265445	0.6457356346358292	2.1202392973958037E-4	
9F:7F	159	127	1	62.11692013774533	0.6948669935449211	0.015421190519642318	
DD:FE	221	254	1	13.462983745547518	0.14003952028325375	0.001032392396213275	
7F:F2	127	242	1	1.1088465416158484	0.01061378163107258	4.3686647897057735E-6	
D7:F7	215	247	1	24.774125086789528	0.24606928584220722	0.0034147031753981294	
FF:E3	255	227	1	28.533217388890314	0.24896343826882747	0.005396420931912104	
7B:FB	123	251	1	25.89010722165425	0.2599652869498411	0.0023153428188454565	
6F:B7	111	183	1	15.898003403150897	0.1281179469721788	8.037124783658627E-4	
CB:FF	203	255	1	27.585808962383975	0.29041471449783185	0.004023374606574521	
FC:7D	252	125	1	5.16383867726955	0.05597665898981597	1.7438116388500795E-4	
87:FF	135	255	1	4.049605872306338	0.04262742540404483	5.815773370064718E-5	
53:FF	83	255	1	4.361418748155161	0.045909479418940975	4.485711970334362E-5	
6F:FC	111	252	1	10.630780220743931	0.10816441776920659	3.5782647398682657E-4	
5F:77	95	119	1	26.065760534210042	0.2770768844603101	0.0017845776822540782	
6D:F7	109	247	1	16.916488246584112	0.16800905586485043	8.902000723925147E-4	
BF:BB	191	187	1	31.275550470769648	0.26111884248441974	0.004780049304600333	
FB:BE	251	190	1	10.490296775488384	0.08983048871000308	7.191706273841722E-4	
EF:3F	239	63	1	20.671543004825338	0.2590248178411849	0.0026572393991547306	
1F:7F	31	127	1	6.29039121133066	0.07034992841767194	2.5028406018831774E-5	
7F:7E	127	126	1	9.787973989565707	0.10622830030329876	3.395313711856843E-4	
7E:FA	126	250	1	19.641738853573155	0.19503801356705888	0.0013611641876451247	
EB:F3	235	243	1	2.9246826220443407	0.028317573710102954	5.268969549813396E-5	
BB:DF	187	223	1	4.017153254040315	0.031647052751096125	7.745814581530642E-5	
6F:7B	111	123	1	6.102076954783086	0.06628139686112064	1.1772857702414326E-4	
3F:7D	63	125	1	7.700914208961104	0.08347713625644537	9.924393481112793E-5	
F3:7F	243	127	1	2.895666443746115	0.03238476475471	5.3022761821347544E-5	
73:FB	115	251	1	3.6694599815911846	0.03684260762659219	4.404986639281616E-5	
77:F9	119	249	1	4.027763842973703	0.03962428370507591	5.4647540751625525E-5	
F4:FE	244	254	1	1.5104093425826277	0.015709957800463147	1.4528035226264177E-5	
5F:F5	95	245	1	13.38519482636323	0.13024218131074533	4.7145074788310277E-4	
DF:FD	223	253	1	6.141253378456552	0.0632344481050388	2.162165974854215E-4	
3F:F6	63	246	1	12.102191474817468	0.11885225009373304	2.4561291499634294E-4	
7B:EE	123	238	1	1.469227297729646	0.01382918333946949	7.464922897843168E-6	
3D:EF	61	239	1	4.783135685510734	0.04554753291059006	3.728785928278477E-5	
77:DB	119	219	1	9.039925839543008	0.06885782868487618	2.765195430875805E-4	
FE:F6	254	246	1	9.411868731668475	0.09243517722909075	5.837818907498904E-4	
DD:DF	221	223	1	6.003077793893175	0.04729283509928003	2.062933964715837E-4	
AE:7F	174	127	1	1.8618830760382539	0.02082285462801012	1.53763309703699E-5	
EF:F8	239	248	1	10.500724994768147	0.10216794328927507	6.894675186116971E-4	
FD:E9	253	233	1	6.233898363056041	0.05654727299551501	2.559081431680459E-4	
DF:6F	223	111	1	4.5416029814519625	0.03858284235468874	1.1867654360850452E-4	
4B:FF	75	255	1	7.623440437583544	0.08024690256374707	1.25796122164884E-4	
5F:ED	95	237	1	5.08897336566393	0.0474371622282248	6.820133272658479E-5	
7F:F4	127	244	1	5.141811655042356	0.04947458438731224	9.392982167565598E-5	
37:F7	55	247	1	9.279046217373365	0.09215291893254174	1.2863330036128008E-4	
EB:7D	235	125	1	7.769317677712396	0.08422155078252531	3.709766082375705E-4	
66:FF	102	255	1	5.624004468318346	0.05920016882942735	9.30458523481461E-5	
EE:FC	238	252	1	5.78963668662409	0.05890764085184621	2.086623183154474E-4	
BE:7D	190	125	1	3.26263706767414	0.035366761750420285	5.1524144435060046E-5	
76:EF	118	239	1	8.2111026535485	0.07819196941725556	2.257388578743668E-4	
9F:AF	159	175	1	4.135523871629965	0.03099948333910823	6.882989117421663E-5	
73:FE	115	254	1	6.173835507397627	0.06421551560882102	1.2460618153954585E-4	
F6:EE	246	238	1	3.0038631759948893	0.02827442842518191	5.7908029735381226E-5	
FE:BE	254	190	1	1.1687797230769996	0.010007886669357978	9.024541015495321E-6	
B4:FF	180	255	1	2.865537462753863	0.03016351675568007	3.8085300800674054E-5	
76:F7	118	247	1	4.720007960391086	0.046875868732123085	7.452858404731741E-5	
3F:EE	63	238	1	2.7783024021812284	0.02615091437789359	1.295486996606514E-5	
76:FE	118	254	1	1.8789294961329592	0.019542917288848993	1.1798909940473305E-5	
57:FE	87	254	1	2.7326115544313607	0.028422154164638943	1.8303232705123357E-5	
BD:F5	189	245	1	3.457807155183569	0.03364493987485069	5.782881087224935E-5	
6F:7E	111	126	1	4.434370640720402	0.04812497485874813	6.217229005864461E-5	
BD:EB	189	235	1	2.5014622714106993	0.02318862111050281	3.029214563964053E-5	
9F:E7	159	231	1	3.044318230504067	0.02776503517209234	3.717717977804353E-5	
3F:EB	63	235	1	2.5696982650002154	0.023820985550389476	1.1085694924575293E-5	
7E:DF	126	223	1	4.450728146644794	0.03506262439499751	7.01736221184372E-5	
3F:DD	63	221	1	1.4462957688802864	0.011222791761653455	3.522342805584082E-6	
BF:DC	191	220	1	1.5820065821996876	0.012173894057184024	1.2244036302631186E-5	
EC:7F	236	127	1	2.029430483522591	0.022696761407637402	2.543542049663726E-5	
6D:FE	109	254	1	5.377608857252075	0.05593358172523867	8.986954179385518E-5	
FD:F4	253	244	1	1.1463210850110328	0.011029799885485176	8.643131688893783E-6	
B5:EF	181	239	1	2.851257666549781	0.02715132386925725	3.7953287350256044E-5	
EB:FE	235	254	1	2.644985064984921	0.027511005017575457	4.303130303959784E-5	
39:FF	57	255	1	5.9850987446483375	0.06300070765809708	5.5015922144285066E-5	
FB:E5	251	229	1	2.571652077280959	0.022498665930450218	4.3199542351005256E-5	
2B:FF	43	255	1	11.004031083592706	0.11583176221772305	1.457595821808239E-4	
3B:FE	59	254	1	2.8228248521778285	0.029360405112536802	1.2521424929532697E-5	
C7:FD	199	253	1	3.7636648143807108	0.0387526059386337	7.376970671737407E-5	
DF:F7	223	247	1	2.8572473103599956	0.028376229903916382	4.683572686866029E-5	
EB:F6	235	246	1	2.925592500445604	0.028731364337766695	5.270779867234281E-5	
5E:FD	94	253	1	3.7678988216417615	0.038795823507305864	3.700425765165587E-5	
7B:F5	123	245	1	2.8317413390343464	0.027553042898016435	2.7712758825870742E-5	
73:DF	115	223	1	1.5448068613259633	0.012169785308243072	7.841059739366559E-6	
7B:DB	123	219	1	1.2351026198016088	0.009407627859994057	5.294457114452937E-6	
F5:FC	245	252	1	2.5230760508451606	0.02567095679729404	4.0698192624646135E-5	
AE:77	174	119	1	1.867364336536406	0.01984875126008251	1.548429722861658E-5	
F4:EF	244	239	1	1.057228696251408	0.010067477008686827	7.130532419855258E-6	
2F:FE	47	254	1	2.2717320537746946	0.02362841413475315	6.69978268326877E-6	
FA:EE	250	238	1	1.2706720570124173	0.0119603090433672	1.0496971543444642E-5	
A7:FD	167	253	1	5.741077106682496	0.059113350877358695	1.4212330821109314E-4	
3E:FD	62	253	1	1.3066008836419394	0.013453193116750974	2.823001460447156E-6	
5F:F9	95	249	1	2.7439261591266506	0.026993991048118976	1.980713830555457E-5	
BF:F1	191	241	1	2.3526320655167066	0.022285163177418178	2.6981497713222952E-5	
FF:B9	255	185	1	1.137696130633356	0.009233927646841543	8.587277673884771E-6	
E4:FF	228	255	1	1.7195533649234673	0.018100487137391517	1.7766921833592017E-5	
FA:DF	250	223	1	1.2162398772399534	0.009581405083050784	9.64663732756297E-6	
75:FF	117	255	1	5.50511246586559	0.05794877371463192	1.0082954197949937E-4	
5B:F7	91	247	1	1.0271298369459878	0.010200612320090787	2.677302271895008E-6	
7E:F7	126	247	1	4.580511818981323	0.04549050597205545	7.401926903987318E-5	
FF:E8	255	232	1	1.1868591157280308	0.01063942948778882	9.329548457638736E-6	
F9:FC	249	252	1	2.7270323637309066	0.027746146117042784	4.8164912425366566E-5	
D6:DF	214	223	1	1.0081010680498792	0.007941691862776688	5.654333177537024E-6	
FF:3F	255	63	1	1.7048059021331503	0.021359577268532673	1.911152833474635E-5	
FE:F8	254	248	1	1.1809012029642154	0.011489045268317608	9.191096807555572E-6	
B7:7D	183	125	1	2.7812708338369343	0.030148702363322087	3.62886550929088E-5	
EE:77	238	119	1	2.6621496254895187	0.028296985152760214	4.407539383226351E-5	
5F:7D	95	125	1	1.4070993247303574	0.01525267607845061	5.198119196532702E-6	
ED:77	237	119	1	2.012808870746231	0.02139481240563114	2.5136868179104716E-5	
7B:DD	123	221	1	1.5045745663515637	0.01167504895871014	7.854505433033166E-6	
AF:ED	175	237	1	4.628952060339191	0.04314935992713436	9.579824413228972E-5	
7F:F8	127	248	1	1.7086537225354856	0.0166235468057038	1.0369977705693829E-5	
EF:A7	239	167	1	1.111563512129181	0.008062162852506632	7.763633798863539E-6	
7D:D7	125	215	1	1.2005590737243186	0.008861689538088574	5.090013139528227E-6	
AB:FD	171	253	1	1.149363266986519	0.011834256740749926	5.788613938786656E-6	
9B:F7	155	247	1	1.1013081682746195	0.010937309458603876	4.760300023415018E-6	
B7:7F	183	127	1	1.086686628935147	0.012153204786312606	5.535861733595804E-6	
CF:7F	207	127	1	1.7287897963173267	0.019334390985505292	1.6049108646004094E-5	
1D:FF	29	255	1	1.9522184346293738	0.02054939565540075	2.3090947130771446E-6	
5F:BD	95	189	1	3.2765148651843248	0.027499595417279903	2.832483750669032E-5	
3F:F9	63	249	1	1.2144144089353692	0.011947013340823827	2.473058627151405E-6	
D5:EF	213	239	1	1.1016752162725625	0.010490712891034357	6.713011524169248E-6	
9E:DF	158	223	1	1.9312434407606618	0.015214122066779847	1.4928876171992186E-5	
FF:AA	255	170	1	1.6005260080753492	0.011422840287683188	1.7028857319815654E-5	
7F:5F	127	95	1	1.9412615603865502	0.015544871935732079	1.3432018413986581E-5	
77:EB	119	235	1	2.5306691669023116	0.02345928624668285	2.1597680335841994E-5	
77:EE	119	238	1	2.5807347045543874	0.02429139598922305	2.2454245266260903E-5	
7F:F3	127	243	1	2.9998232664696847	0.029044892972270465	3.196723264073602E-5	
FA:FC	250	252	1	1.640837331473717	0.016694555980888013	1.747686481244655E-5	
6B:F7	107	247	1	3.2280339190381966	0.03205842025910328	3.177617351805105E-5	
FD:D5	253	213	1	1.4302027202352787	0.010434619025424993	1.3517199788485914E-5	
3D:DF	61	223	1	1.4062998560337714	0.011078614685147311	3.2339448544808224E-6	
FE:7B	254	123	1	1.0909262863234652	0.011849612538443098	7.826000716382148E-6	
F7:FA	247	250	1	2.35459200200113	0.023379308974035996	3.566500556407246E-5	
DD:F3	221	243	1	1.4132758785144865	0.01368358629945586	1.1391947543698645E-5	
AB:F7	171	247	1	1.5898575747423112	0.01578923202061863	1.1084015844593001E-5	
BB:7C	187	124	1	1.2100353483574895	0.01271826294632796	6.990637157808978E-6	
E7:FC	231	252	1	6.547794589954477	0.06662189295202058	2.6029683512911606E-4	
F4:7F	244	127	1	1.9800984012718434	0.022145042105715683	2.4929248196173318E-5	
4F:FE	79	254	1	1.9127537167323414	0.019894687217921578	8.260600607870901E-6	
67:EF	103	239	1	4.366468750484032	0.04158002525680498	5.6614370492015705E-5	
DF:75	223	117	1	1.6848273202709998	0.017340296196071886	1.6273210545313932E-5	
77:FC	119	252	1	2.3425105113110494	0.023833602692923023	1.8471736031304854E-5	
3D:FD	61	253	1	1.6209843948871114	0.0166901972473181	4.2758214600379735E-6	
D6:EF	214	239	1	2.059817202451336	0.019614733354505354	2.3528715283577098E-5	
DB:F5	219	245	1	2.294998481365318	0.02233056766646623	2.9743022546151103E-5	
FE:57	254	87	1	1.7532659067655394	0.012673316555626165	2.0362151847926115E-5	
F5:DF	245	223	1	1.9528087836020658	0.015384085242292627	2.4492798035562853E-5	
FE:DC	254	220	1	0.0	0.0018347757617449272	3.7621954138180036E-7	
97:FD	151	253	1	2.102988780974828	0.02165319337781884	1.7031797219973183E-5	
7F:BA	127	186	1	1.9801417272739443	0.01627159491146346	1.3969631282623186E-5	
F7:E9	247	233	1	1.766035110163794	0.016019112810359153	2.0098223416816334E-5	
F8:EF	248	239	1	1.7202270573355232	0.01638096078449751	1.9125355221408624E-5	
DB:EF	219	239	1	1.7593813851034477	0.01675379043695534	1.7487176798159853E-5	
6F:7D	111	125	1	1.9267550113659155	0.020885689972359286	1.1738021941444186E-5	
AC:FF	172	255	1	1.5602238215091024	0.016423284477372322	1.0736214291690441E-5	
7B:FA	123	250	1	1.6951634462179015	0.016831528804737785	9.927021583143242E-6	
BF:BD	191	189	1	1.926532336479912	0.016169284176828023	1.8132246750866435E-5	
E7:AF	231	175	1	1.0814410077613446	0.008106295286605695	7.1384124647092135E-6	
B9:FD	185	253	1	1.950707608424921	0.02008527000106267	1.8041390676254435E-5	
2F:EF	47	239	1	2.2186631078099914	0.02112717330509327	6.401731537340315E-6	
77:D7	119	215	1	2.130188553106508	0.015723612368037106	1.5361055165686483E-5	
BB:F5	187	245	1	1.3709610250033608	0.013339504520735929	8.987798506237523E-6	
9F:DD	159	221	1	2.0813316691006114	0.01615056236628475	1.7424641935522643E-5	
9D:FD	157	253	1	1.6797634229739733	0.01729547527147082	1.1204036801786997E-5	
E5:7F	229	127	1	1.5481654393684803	0.017314330044639396	1.443463340878047E-5	
67:D7	103	215	1	1.1854879388265125	0.008750438790431428	4.191078208543592E-6	
BB:5F	187	95	1	1.3182214294056194	0.010555801291835976	8.338460436786577E-6	
2D:F7	45	247	1	1.0402354381953824	0.010330753059646368	1.3619902256679666E-6	
BE:E7	190	231	1	1.687098083209926	0.01538674562406867	1.3824538763086726E-5	
FD:DC	253	220	1	2.1033477289705997	0.016185829792710563	2.9212482452289057E-5	
F7:BE	247	190	1	1.323702539735746	0.011334450393174293	1.1302688966461159E-5	
75:EF	117	239	1	0.0	0.007269201693213375	1.942665255446739E-6	
0F:F7	15	247	1	2.1420217754781183	0.02127275324630787	2.5881180546261425E-7	
BB:FE	187	254	1	2.0449093019164364	0.021269362281736502	1.9969454298836517E-5	
FE:DE	254	222	1	2.0859624920603275	0.016296421965924308	2.8789369357811082E-5	
3F:F5	63	245	1	2.1231749939269267	0.02065851426214763	7.5607888433126195E-6	
57:EF	87	239	1	2.0829505979765224	0.01983489783457306	1.065364365400447E-5	
5F:EB	95	235	1	2.038211243733374	0.018894144987529022	1.0941354938507594E-5	
FB:AF	251	175	1	1.995437396795154	0.014957550961815403	2.6074887336640605E-5	
FF:A7	255	167	1	1.504601733387322	0.010912899279678355	1.504531978390498E-5	
DF:AF	223	175	1	1.9839568501192075	0.014871470066786092	2.269189894070911E-5	
66:F7	102	247	1	2.112416797962471	0.020978869126237476	1.3142553257209788E-5	
3D:F7	61	247	1	2.0980104830131627	0.02083573865404465	7.167988692516776E-6	
1F:FB	31	251	1	1.3483256992189505	0.013537491405760051	1.152609133725108E-6	
7B:FC	123	252	1	1.5833222315107356	0.01610929039812993	8.656050020651547E-6	
F7:75	247	117	1	2.0901124268157147	0.021511584326882934	2.80823003726396E-5	
EE:FA	238	250	1	1.75780782448499	0.017453622664389434	1.924336728377543E-5	
6B:FE	107	254	1	2.089680153331922	0.021734955997005607	1.3303677905734814E-5	
FC:DB	252	219	1	2.054444449881516	0.01564859986098214	2.778070279947737E-5	
FE:F9	254	249	1	2.055199657226193	0.02021861653218272	2.7832826938388422E-5	
4F:EF	79	239	1	1.2846692084627087	0.012233236077935755	3.7328784728872383E-6	
DD:BF	221	191	1	1.9939343385659323	0.01734176393975329	2.2721106843186836E-5	
DE:FC	222	252	1	2.0435174378639083	0.0207916106777468	2.385479006116045E-5	
F2:FB	242	251	1	2.0427268988528544	0.020509680883174633	2.635576795374913E-5	
77:DD	119	221	1	1.9659455634341774	0.01525517173651084	1.3073668176795384E-5	
EF:F1	239	241	1	2.0260157765169398	0.019191333443069933	2.5677210763301778E-5	
4F:F7	79	247	1	2.0139315742806976	0.02000075774282213	9.166306706188213E-6	
FD:D3	253	211	1	2.0083545837846963	0.01442448037848109	2.6660871515231265E-5	
FE:6E	254	110	1	2.0106688731208804	0.016745793503472023	2.6720852187990905E-5	
FF:3E	255	62	1	2.0181171079161766	0.02421652999975011	2.6810455751526527E-5	

