BMLVN	8	x2
metabolism	0.9970000
mutations	0.0010000
catastrofic	0.0010000
minWeight	0.1
start biomas	2.0	_
env.size	25000.0
feedSourceH	FF
C7
B5
23
11
feed port max	75000.0
timeQuant	0.01

key	suscepBits	activeBits	maxsize	popBiomas	currincome	currloss
FF:00	255	0	1	7489.368449364633	461.13507080078125	365.76653650909844	
C7:00	199	0	1	7342.133067103238	223.2825469970703	290.492222101005	
B5:00	181	0	1	8404.372666835816	102.54983520507812	361.90355005664486	
23:00	35	0	1	17114.514176570032	525.5066528320312	295.69616965209906	
11:00	17	0	1	25000.0	128.0016326904297	46.67807048597078	
FF:FF	255	255	1	1173.7983920982085	11.635094239954405	9.152411155941866	
FF:FE	255	254	1	1158.5185247613008	11.36319635132347	8.916157794149573	
FF:7F	255	127	1	1143.4516039205425	11.308654430821178	8.694996948887486	
FF:F7	255	247	1	1109.7466461651766	10.450394317434682	8.183949520617876	
F7:FF	247	255	1	1197.446266497943	11.868775834440182	9.284220000499806	
FF:EF	255	239	1	1051.0185199490847	9.454883556697451	7.342746948358884	
FF:DF	255	223	1	878.4419016353804	6.906598841489029	5.13194542357861	
BF:FF	191	255	1	1554.8189760514344	15.400699554372979	12.071139569950764	
FE:FF	254	255	1	1175.0653661939825	11.647538749999027	9.145932568814876	
FF:BF	255	191	1	879.5113938054652	7.071128670360738	5.144052637239248	
FB:FF	251	255	1	1186.9611015380226	11.765098017208084	9.224282227511273	
DF:FF	223	255	1	1346.0344042192987	13.337712078616512	10.472197766594672	
FD:FF	253	255	1	1178.685547659222	11.68323840177421	9.16104269143068	
EF:FF	239	255	1	1247.296000231586	12.362282923393431	9.750778041662308	
FF:FB	255	251	1	1123.8874730562031	10.665958871248495	8.39355107655752	
FF:FD	255	253	1	1147.1243945457963	11.168443556905002	8.741918403325089	
7F:FF	127	255	1	2296.402539317806	22.71905386378789	18.098695154379	
7D:FF	125	255	1	2331.999500297565	23.069932707354205	18.396445684162664	
FF:F6	255	246	1	1092.0969368626556	10.183024595684852	7.925719617782327	
7F:BF	127	191	1	1730.7945759079985	13.919341062355148	10.321152131597211	
F7:F7	247	247	1	1134.8297416611908	10.684625087730703	8.340695526537319	
F7:7F	247	127	1	1169.195729920166	11.563618154578004	8.862486783609512	
F7:BF	247	191	1	906.7460244810975	7.29024436178854	5.330366636474032	
F7:DF	247	223	1	900.7407606057942	7.0818155605513065	5.2599926769010885	
F7:FB	247	251	1	1144.7845330048954	10.86361554045158	8.488444759422558	
F7:FE	247	254	1	1188.5852783634614	11.657624515048317	9.148491764777702	
FC:FF	252	255	1	1184.478606898183	11.740693806541348	9.22513199033612	
7F:FE	127	254	1	2266.5937915126833	22.190541076213194	17.634266754077583	
EF:DF	239	223	1	928.7974592832668	7.302134255097105	5.413318854969115	
FF:FC	255	252	1	1133.1362649156451	10.91715708352574	8.530551545119073	
EF:F7	239	247	1	1172.5289012384876	11.040428441523963	8.619736625247134	
FE:DF	254	223	1	880.9753757886803	6.926512856927241	5.14695734921735	
EF:FE	239	254	1	1224.1180113744429	12.005145298011506	9.391626884020052	
77:FF	119	255	1	2416.004610719161	23.89849117970415	19.033262529784757	
BF:F7	191	247	1	1469.6749660521546	13.831420223873284	10.791043303363415	
FF:7E	255	126	1	1101.7861481875898	10.572817780930652	8.07364934798248	
DE:FF	222	255	1	1349.201290614278	13.36899887050321	10.487960618432028	
DF:FE	223	254	1	1328.0016650237633	13.021128139746901	10.194099996078323	
ED:FF	237	255	1	1249.2031203666472	12.380745516985304	9.70485213306028	
FF:6F	255	111	1	809.6873813331509	5.947074680473509	4.364993936886983	
EE:FF	238	255	1	1244.8531061029178	12.337829556541362	9.68309032407275	
5F:FF	95	255	1	3103.554254416495	30.655637502583478	24.317393399410317	
FE:BF	254	191	1	885.2726483063794	7.1175489278352275	5.197097728754103	
FF:B7	255	183	1	826.4565139516748	6.2469464804665735	4.5440649155853166	
FF:AF	255	175	1	748.815859352917	5.226620946805131	3.731581892299546	
FB:FB	251	251	1	1120.726830831758	10.63437532817564	8.224344767075548	
FF:ED	255	237	1	1028.9364487603714	9.097354405178544	7.038047751709997	
FB:F7	251	247	1	1122.5127555468434	10.570250345177234	8.25303815831827	
7F:EF	127	239	1	2059.0596918415513	18.50236569239454	14.574861135605001	
BF:FB	191	251	1	1482.6961267611264	14.061791057677263	10.981565614868204	
BF:FE	191	254	1	1536.2576217151704	15.057610871347487	11.785736605973065	
FB:FE	251	254	1	1174.4703009030911	11.51930373559816	9.031948762530527	
FF:EB	255	235	1	1017.8046700909379	8.911776816062384	6.887057057266517	
F3:FF	243	255	1	1220.5197211170387	12.097284548205305	9.504638391509808	
FE:7F	254	127	1	1146.3727417502432	11.3376003209566	8.714749744963495	
FE:FB	254	251	1	1122.4374255152914	10.652016938015452	8.347718212831317	
F9:FF	249	255	1	1176.0481506648996	11.656113503494478	8.9865968148651	
FB:BF	251	191	1	894.329163493567	7.190300889366969	5.24289452167013	
DF:F7	223	247	1	1268.4548879308757	11.941293089025027	9.303666569007632	
FA:FF	250	255	1	1192.0531451636382	11.815578400410821	9.2770250078596	
FF:F5	255	245	1	1086.586377754789	10.065215436109284	7.8465109404244595	
FB:FD	251	253	1	1131.15136263045	11.011592982893323	8.375378683476285	
BE:FF	190	255	1	1561.5050510339865	15.466852079818134	12.130844482052217	
FD:EF	253	239	1	1057.2092244006205	9.510429678682764	7.375185285152041	
9F:FF	159	255	1	1873.3664679623134	18.544315256974755	14.502498694337367	
FF:BE	255	190	1	868.4568419988478	6.887624328666393	5.016056592519618	
7F:F7	127	247	1	2167.692891701739	20.3824286473664	16.140977909302443	
FF:77	255	119	1	1086.6266322825504	10.306716037373468	7.853885654273464	
FF:D7	255	215	1	821.2820311907881	6.063420207574902	4.487535389681411	
FE:F7	254	247	1	1033.33586259505	9.728397615418908	7.069430921524681	
7B:FF	123	255	1	2363.760669701396	23.382879984030556	18.63066712867238	
BF:DF	191	223	1	1162.1634899722067	9.13470135237026	6.755644469214807	
FD:7F	253	127	1	1150.5942345167568	11.37933712997714	8.739841829733912	
FB:EF	251	239	1	1066.7163531526164	9.595919868714383	7.4554158303867055	
CF:FF	207	255	1	1434.1922445211405	14.209072540538624	11.133119195343285	
FF:EE	255	238	1	1030.8583160484604	9.178546862917976	7.063555586141607	
DD:FF	221	255	1	1353.652105549298	13.412847550876387	10.503798208809325	
FF:E7	255	231	1	1004.5842583264993	8.720448313181567	6.709591855740447	
BF:EF	191	239	1	1393.5259361443354	12.52986344977124	9.705965339095101	
FF:9F	255	159	1	691.1170280022649	4.735234668668919	3.177678365811526	
FB:DF	251	223	1	889.0118270241821	6.989569247737487	5.180826572382164	
D7:FF	215	255	1	1381.4194744389476	13.687502225857557	10.716894168557522	
BF:7F	191	127	1	1514.60809357149	14.98567936500651	11.484678617513895	
EF:BF	239	191	1	933.2984875136565	7.503552586736705	5.465965472125152	
FE:FE	254	254	1	1157.9757763064201	11.357508987858434	8.881949201241625	
7F:DF	127	223	1	1719.7897466437757	13.515256649971787	10.18059444363296	
DF:DF	223	223	1	1005.3307084482414	7.898649048626678	5.84555188557997	
EB:FF	235	255	1	1261.728968886544	12.504795809761644	9.827094745432772	
E7:FF	231	255	1	1274.4603705728484	12.630729147741453	9.909966744834158	
3F:FF	63	255	1	4732.875496347294	46.60309472551166	37.08850572367486	
F7:EF	247	239	1	1074.3307558310235	9.664222860619766	7.478592803992958	
B7:FF	183	255	1	1608.0975502894707	15.927339591855647	12.490959951549783	
FD:FE	253	254	1	1166.459169270163	11.4408955051153	8.972769114366475	
BF:BF	191	191	1	1167.5403461379144	9.372092865541363	6.805801322839339	
F5:FF	245	255	1	1214.11926248322	12.034098118753018	9.474141575548682	
DB:FF	219	255	1	1364.9317884781779	13.52438516924467	10.5944754932845	
DF:FD	223	253	1	1294.7738647607289	12.601258887478135	9.688952333913285	
EF:EF	239	239	1	1109.0695040280937	9.97334361734303	7.7113669515325425	
FF:3F	255	63	1	1127.890271322519	11.552442285832797	8.458138409324603	
FD:BF	253	191	1	885.7351216622314	7.121148131605075	5.179101712740774	
FF:BB	255	187	1	795.1095066705011	6.167056015992848	4.202551660581995	
EF:7F	239	127	1	1207.7842272347184	11.945743661091074	9.154708672303162	
FD:FB	253	251	1	1129.9446097080854	10.72322823025072	8.42214773490323	
FE:EF	254	239	1	1054.0458615681268	9.48209711277504	7.364159338300997	
FF:FA	255	250	1	1100.652609663678	10.343653677363978	8.049614865713446	
FF:DE	255	222	1	867.3039624985385	6.764535272021557	5.0026794386172195	
FD:DF	253	223	1	878.4138461441922	6.906179261196168	5.093844861357839	
BD:FF	189	255	1	1573.2371899854318	15.582781259937324	12.238774269446486	
F7:B7	247	183	1	835.8686772307665	6.317233273633122	4.530105742064981	
FF:DB	255	219	1	839.6182814286835	6.391151071667624	4.6888115128675505	
FF:DD	255	221	1	850.8273852176354	6.602363622701416	4.813935608303272	
FF:CF	255	207	1	741.2914855119996	5.211824445572472	3.655439261295349	
FF:F3	255	243	1	1073.7047100882153	9.870900568361051	7.661716002998149	
FD:F7	253	247	1	1114.6792265523104	10.496611015667186	8.196325018676612	
F6:FF	246	255	1	1204.8219937533725	11.94196212305097	9.37208780187366	
9F:FE	159	254	1	1838.4615544283101	18.00861634761125	13.967697250539079	
6D:FF	109	255	1	2651.9197550540243	26.219264589884055	20.79408403490115	
7F:F6	127	246	1	2041.9774053888584	19.01241199921621	14.317879674219416	
FE:FD	254	253	1	1126.3556033757134	10.965424126971149	8.402104244832072	
DF:FB	223	251	1	1280.7340207155012	12.150409111992602	9.483747030049429	
5D:FF	93	255	1	3154.046840731863	31.15188114512975	24.659981885761226	
6F:FF	111	255	1	2586.3744752103917	25.57546225170826	20.3174550372464	
BF:FD	191	253	1	1517.9657192965701	14.768791459049522	11.507089756946687	
FF:E6	255	230	1	976.3067093108522	8.32511285072321	6.337192347558991	
7D:FB	125	251	1	2217.1310027391337	21.00481517375563	16.63846649963501	
F3:F7	243	247	1	1149.1122892767928	10.818714013711633	8.426422151538446	
EF:F5	239	245	1	1143.3936425637678	10.590221015612801	8.196972885476347	
8F:FF	143	255	1	2026.7630409402802	20.058305719322714	15.611925910282114	
7D:FD	125	253	1	2262.7597308809295	21.98702411580016	17.320294499713416	
FF:B6	255	182	1	745.7940407561725	5.5660020714208915	3.6976024337610873	
FD:FD	253	253	1	1151.673302589907	11.21206138670928	8.746319671823255	
7D:BF	125	191	1	1680.848423256322	13.515557886640124	9.59088906556248	
7C:FF	124	255	1	2329.167516585872	23.041704645179287	18.24642736888983	
EE:FE	238	254	1	1227.1516407111876	12.034597360697338	9.409837846357455	
F7:EE	247	238	1	1037.4464809783256	9.23639399743996	6.97248427979306	
ED:FE	237	254	1	1232.965752724406	12.091707936119562	9.45475890200271	
BF:B7	191	183	1	722.7256941619423	5.4525031508534925	2.6027391223657212	
BF:E7	191	231	1	1275.8365526550442	11.069456639572833	8.134678652147436	
7D:FE	125	254	1	2278.8255885001035	22.30922942236318	17.567676470536856	
FF:EA	255	234	1	986.2384542729255	8.545646653491179	6.465457717852735	
F7:DE	247	222	1	863.6689213035756	6.735487967014684	4.834623574659032	
EF:FD	239	253	1	1187.722371049752	11.561584603315094	8.839577606528307	
7E:FF	126	255	1	2288.1927234709806	22.637640989342174	17.867204675880277	
AF:FF	175	255	1	1670.080413118314	16.537741115651066	12.771323092879664	
F7:DD	247	221	1	780.1378765192712	6.051698448768937	3.94141265328564	
F7:DB	247	219	1	812.2080166020979	6.181349308684265	4.274965067947954	
BD:F7	189	247	1	1471.8437421502642	13.851297266154468	10.71659516626096	
7F:FB	127	251	1	2179.5487723685583	20.64972062117805	16.312683328769968	
F7:FD	247	253	1	1161.3848187900023	11.306343683602943	8.73341145810205	
7D:DF	125	223	1	1520.0626113858586	11.942052947161198	7.830211340280794	
EE:7F	238	127	1	1137.5855650626988	11.247573130883413	8.090499196318135	
BF:EB	191	235	1	1331.1677730951005	11.650021757994871	8.857408576142234	
6B:FF	107	255	1	2665.444543433306	26.351801695067536	20.668984637318264	
3D:FF	61	255	1	4773.336592050362	46.998495002883104	36.428080589039254	
9F:BF	159	191	1	374.4525726763762	3.000428294812814	0.5763425597688405	
67:FF	103	255	1	2449.573454357848	24.220202478952086	17.02958694088375	
F7:F3	247	243	1	1098.577492183572	10.097814343907011	7.817200780092979	
FC:FD	252	253	1	1147.306376466547	11.169263624352881	8.654608739128976	
5F:FE	95	254	1	3001.1685055935473	29.339672398319973	22.740587611917583	
BF:FC	191	252	1	1393.2225186103947	13.411874734579472	9.686469287501573	
FF:7D	255	125	1	1068.6884673673653	10.307668936587278	7.592108829418555	
97:FF	151	255	1	1908.9984346703725	18.89550002454896	14.526230308555048	
7F:FD	127	253	1	2202.2268271587645	21.402807253827277	16.6454197208469	
F3:FE	243	254	1	1193.2307315288267	11.70243928713828	9.0838012557456	
EF:FC	239	252	1	1189.4169833690553	11.457818294601132	8.866904347043004	
9F:F7	159	247	1	1745.188794814712	16.415769949067116	12.592572537914915	
DE:FE	222	254	1	1318.2795282405384	12.925089465295484	10.011867717362401	
77:BF	119	191	1	1459.3639355140926	11.727364482015949	6.959003599435442	
FB:FA	251	250	1	1115.2118281720348	10.479467062806414	8.144724308541601	
B7:FE	183	254	1	1533.911254114948	15.032631207143709	11.361542580231088	
F7:FC	247	252	1	1151.2276996445416	11.090678511584414	8.582251133803963	
F9:FB	249	251	1	1141.2085812901753	10.82892277675967	8.465743723533318	
CE:FF	206	255	1	1303.9371992179408	12.915343962007686	9.161398035036896	
3F:F7	63	247	1	3766.5560542509743	35.33658821631917	23.53655522029518	
F6:FE	246	254	1	1171.877396747062	11.492867404650195	8.865224359489485	
7F:BE	127	190	1	1504.8254389243828	11.9323485442872	7.793177218539993	
EE:EF	238	239	1	1086.512232550088	9.769862918682245	7.376928374146191	
E5:FF	229	255	1	1269.2814251802265	12.578704026698484	9.74737669241849	
DB:F7	219	247	1	1201.2340774562574	11.305936255253268	8.202742374192923	
ED:7F	237	127	1	1164.8236854849565	11.518129737559269	8.44495858161571	
5E:FF	94	255	1	3041.512784910719	30.045187734159892	23.184970931601892	
EF:ED	239	237	1	1062.409376321325	9.389347034873154	7.0752077980967885	
BF:BE	191	190	1	962.0566958162688	7.617094692762437	4.615632845936854	
BB:FE	187	254	1	1477.3736138461013	14.478134794640651	10.688305373307342	
7F:ED	127	237	1	1832.6444580204516	16.184692774496426	11.537359228397843	
BF:F6	191	246	1	1439.4644320470138	13.414008654063982	10.35169849577509	
6F:FE	111	254	1	2526.4820967767823	24.723873602818742	19.3885839537447	
FB:ED	251	237	1	555.2485778345023	4.899780249965119	2.00944311853983	
BB:F7	187	247	1	1458.9471420988161	13.72917463987172	10.431883481544592	
5F:FB	95	251	1	2721.662420480704	25.756653956562364	18.705718649576255	
EB:FE	235	254	1	1219.5891532319738	11.959673166377819	9.179808161687985	
DF:EF	223	239	1	923.0140768088695	8.294876576523805	4.915145978515304	
CF:FE	207	254	1	1395.1706346405726	13.677222235047232	10.534464092990532	
E9:FF	233	255	1	1253.8206241730568	12.425678243556211	9.627186921634834	
7D:EF	125	239	1	1992.9983420412022	17.90744105246035	13.452789890255735	
F9:F7	249	247	1	1092.9499744318232	10.290589769314902	7.763064608446922	
FF:DC	255	220	1	733.9393537937631	5.64749947990017	3.577866244246339	
73:FF	115	255	1	2419.383495327129	23.92983166248658	18.511655581220822	
1F:FF	31	255	1	10017.439546547463	97.4308420617332	62.71423709792842	
7F:7F	127	127	1	1790.5184055438915	17.609576850671335	10.932214526725383	
DB:FB	219	251	1	1240.00149938081	11.761113185035512	8.741021112794988	
FB:D7	251	215	1	656.9245522274327	4.8466220550209504	2.8245100951915973	
F7:E7	247	231	1	973.4772678365604	8.447726733498966	6.137150625669721	
FB:FC	251	252	1	1093.1045527228218	10.529444689146741	7.8199159673972805	
FC:BF	252	191	1	799.463658904861	6.425196150253661	4.203049874725501	
6E:FF	110	255	1	2452.5355297429983	24.253484548533176	18.14645112450911	
7E:FE	126	254	1	2226.896959154614	21.800436627954124	16.921260607295324	
6F:F7	111	247	1	2355.6220209726557	22.142291369280855	16.8659202917415	
DB:FE	219	254	1	1281.0965827786538	12.55902701066416	9.328055433822968	
5F:F7	95	247	1	2835.5899281284214	26.633953733938558	20.323236677668536	
FF:E5	255	229	1	724.7737516047343	6.127421758759278	3.483139889765602	
7F:CF	127	207	1	654.3513907375302	4.5918918076450685	1.468171697687641	
FF:EC	255	236	1	941.7921100141064	8.216347817643069	5.892091875673392	
5F:EF	95	239	1	2614.3944941912187	23.47523341288132	17.29289042503409	
F2:FF	242	255	1	1195.0338381994388	11.843713764387521	9.082358512375903	
F9:DF	249	223	1	572.8295809064906	4.497894563922215	2.1275689278649783	
F6:FB	246	251	1	840.0092520718081	7.963314234934925	4.5422365661520026	
F3:BF	243	191	1	864.298165923852	6.947419195000667	4.769224947209453	
F6:BF	246	191	1	639.9749798454433	5.1394661254465035	2.6396355375809977	
DF:F6	223	246	1	1171.9265391458885	10.922222361486108	7.936013702692524	
FD:BE	253	190	1	660.6571119620908	5.23473089497701	2.874614404983497	
EB:DF	235	223	1	648.5211390335902	5.093115973646831	2.5916209239789625	
EF:EE	239	238	1	977.2911117365616	8.695940936575573	5.980981498745566	
F5:7F	245	127	1	651.1593679092522	6.422799906492439	2.711590039510572	
FF:E3	255	227	1	816.718946273703	6.852711661501565	4.428143447885486	
F3:FB	243	251	1	1011.671271605473	9.59537552630583	6.521273147674816	
FC:7F	252	127	1	956.2614982813519	9.44819675654032	6.005411571969675	
FB:B7	251	183	1	561.8089380930475	4.241282658092965	2.0632649699731402	
FB:F5	251	245	1	973.5248031762775	9.014017826924764	6.199658131651396	
EC:FF	236	255	1	1234.204358033632	12.231471559157473	9.443031531297875	
DF:DE	223	222	1	860.4391802751014	6.7045809141643975	4.27712317338936	
7F:BB	127	187	1	617.5260487974012	4.778608460445425	1.3057384160589278	
BF:BB	191	187	1	762.5191566640026	5.904298891340066	2.896736036887522	
FF:CD	255	205	1	65.05102284733837	0.45095002699462533	0.02793930956071082	
BD:EF	189	239	1	1160.7769502722783	10.431987469730496	6.656231812986237	
BF:F5	191	245	1	1315.8007773513207	12.178991639529167	8.642408627204974	
BF:FA	191	250	1	1287.2225686922036	12.086094314648586	8.266149314571619	
FF:AE	255	174	1	236.42628042698638	1.6253318421080334	0.36984857268154664	
BB:FF	187	255	1	1498.0803690188284	14.836366167657092	10.989145662759316	
FB:F6	251	246	1	960.6748200295971	8.953188932413486	6.035432832646807	
FC:EF	252	239	1	138.19801728791762	1.2379513625790193	0.12441170970379134	
CF:F7	207	247	1	1256.5386945107416	11.825406140389495	8.542680307649897	
FF:F4	255	244	1	983.4074643431597	9.017615839934722	6.421021743327737	
CF:DF	207	223	1	597.0229359977819	4.685073646377056	1.923154909434587	
BA:FF	186	255	1	1469.611056649154	14.55365502065969	10.533746776239358	
7B:7F	123	127	1	1666.0520129966828	16.389618407048644	9.191981697770737	
ED:F7	237	247	1	982.3201805177274	9.243910192079712	5.991419719975757	
77:EF	119	239	1	1875.7961911321497	16.851834894348226	11.477962144646087	
DF:FC	223	252	1	1186.6167249073756	11.42585869558913	8.131528459855621	
FA:BF	250	191	1	713.2592213183801	5.730087232677428	3.3183419351035885	
DF:F5	223	245	1	1031.6709041844708	9.548681427413014	6.142952794684575	
DE:7F	222	127	1	1150.595113860582	11.372654125512064	7.627711693542705	
EA:FF	234	255	1	1070.6975598654587	10.60588554991305	7.041596987197213	
F9:FE	249	254	1	1129.4113047300186	11.07550342701794	8.285703816307082	
6D:7F	109	127	1	1748.8225820371458	17.19912133773994	8.977299596969369	
F5:FB	245	251	1	943.5295598725023	8.947835684858287	5.710569438690903	
B7:FB	183	251	1	1148.439258024823	10.884050192220782	6.355192804575638	
AF:FE	175	254	1	1291.2158044583787	12.646421699626858	7.616253636571608	
7F:EB	127	235	1	1569.5513527954065	13.724319358648847	8.453439396789083	
DF:7F	223	127	1	1055.6204636882635	10.429398347080651	6.434519189527386	
9D:FF	157	255	1	900.579679301665	8.90290952818047	3.297867544065221	
CF:FB	207	251	1	1277.8933480250919	12.119832142463915	8.835199310951513	
F7:F6	247	246	1	1075.376317445778	10.024173874782992	7.486438346020501	
DF:FA	223	250	1	1085.9313265757046	10.197933817375256	6.80724948971008	
7F:DE	127	222	1	894.8872355078438	6.966741413026045	2.744654076318105	
7B:EF	123	239	1	731.906621573676	6.5640658513805015	1.777377924848254	
7F:F5	127	245	1	737.1630464854356	6.807118801931718	1.8545935340877444	
BE:F7	190	247	1	1405.8908192653212	13.229685349444527	9.833429723752138	
EF:EB	239	235	1	684.5222161294333	5.984199619674784	2.92662032491288	
F7:D7	247	215	1	122.74032066392552	0.9030578101520075	0.09694040470301855	
75:FF	117	255	1	2078.145848125339	20.55644078364412	13.848814382769724	
F7:BE	247	190	1	314.54458599909816	2.487799032983145	0.6373355438092118	
7F:E7	127	231	1	1742.2782391283113	15.10869013909003	10.429030640547905	
7F:EE	127	238	1	1793.3761320317994	15.948497686087295	11.044129415714844	
BF:DB	191	219	1	166.6721567688874	1.2642777201045072	0.13790766399217882	
B6:FF	182	255	1	1462.652512017385	14.483915259218946	10.283754872458253	
FD:7B	253	123	1	631.1131431520763	6.053542904133094	2.6146213288093416	
EF:7E	239	126	1	740.0371051369605	7.086896299920256	3.420504489410844	
77:FB	119	251	1	1272.4402272889786	12.04661074244339	5.259136154466261	
D7:BF	215	191	1	433.9666997716009	3.4804595857764067	1.0531324327013492	
7F:B7	127	183	1	884.7032470211539	6.676352639899274	2.68571449445952	
9F:FD	159	253	1	1596.2922951749147	15.51928320365524	10.517109969501105	
7E:F7	126	247	1	1714.850551496001	16.120923445525232	10.022821958112734	
BB:FB	187	251	1	1292.687760575981	12.254058812163459	8.176456961720579	
BE:BF	190	191	1	220.33281080906258	1.764937199611796	0.23995066948758245	
ED:FD	237	253	1	900.9850987917052	8.762189296401552	5.0324517923244665	
7F:77	127	119	1	803.6598310706736	7.5882574743567925	2.1999558548272704	
DE:FB	222	251	1	411.9039295425359	3.896451945660001	0.9700693862285692	
6F:FB	111	251	1	1782.5723364111473	16.880849997101137	9.632064910083784	
BF:F3	191	243	1	1212.9427307401452	11.140623463005458	7.339475809901491	
57:FF	87	255	1	1477.2913665141216	14.59571635371109	5.130091138586213	
C7:FF	199	255	1	880.5346154702089	8.71139058650362	4.05125655497311	
DE:F7	222	247	1	1066.6292595521022	10.036201422201097	6.545170676784102	
EE:FB	238	251	1	835.3358752120508	7.917797241139071	4.345915495269911	
BE:FE	190	254	1	1017.8865930742262	9.966756833484233	5.1345179813443025	
F7:BB	247	187	1	546.4939934541177	4.233590120333858	1.9295527430490746	
37:FF	55	255	1	3983.4345457555814	39.28275871772775	23.506823042717453	
7A:FF	122	255	1	772.2853802793912	7.628732472118655	1.9636125022153057	
7F:7E	127	126	1	1450.011055802235	13.847655002952182	7.1688307892859875	
FD:F6	253	246	1	628.7499492963425	5.852196263310464	2.5945567276634436	
77:7F	119	127	1	1158.8594206449454	11.40636031491849	4.344401347997305	
BF:EE	191	238	1	975.630240763437	8.675263515792695	4.742828407049132	
7D:F7	125	247	1	1009.8028688759274	9.483726751488254	3.433343991054186	
77:FE	119	254	1	1299.6628621796206	12.715344959410753	5.483093189678174	
F5:EF	245	239	1	876.8475899585542	7.882292906575897	4.933903138454089	
7B:FE	123	254	1	1533.2473011026573	15.005391039770027	7.812246651434153	
F9:FD	249	253	1	900.4751515140147	8.758861689688294	5.254876746555244	
7B:FD	123	253	1	1434.8967964830445	13.938544064317975	6.840474373943718	
DA:FF	218	255	1	928.1339786353763	9.186197905531799	4.863633245965921	
DD:FD	221	253	1	848.4862844667744	8.247333111277174	4.109400909745906	
9E:FF	158	255	1	1539.3206293003577	15.233929053532556	9.734008700897256	
FB:E7	251	231	1	746.1364951003137	6.47037218103781	3.637442412301347	
EF:FA	239	250	1	871.1300852585464	8.178357068792423	4.743220043008251	
DC:FF	220	255	1	1022.6775552376176	10.125128491848667	5.957976956727836	
D5:FF	213	255	1	1233.6857670837974	12.219515604771171	8.463548494185403	
B3:FF	179	255	1	1063.1544888873846	10.51928710589467	5.33421283474721	
B9:FF	185	255	1	1363.0587882373527	13.495859579246785	9.000168847611365	
F5:FE	245	254	1	794.287743393182	7.779812000093084	4.037886813355079	
FA:EF	250	239	1	642.1133077535094	5.7670456370516945	2.6812403349040657	
D3:FF	211	255	1	614.6257195678685	6.076088490352522	2.0722333224594784	
B7:BF	183	191	1	275.2572620895511	2.2053049887445964	0.36372396208574503	
CF:FD	207	253	1	771.5288096046731	7.496020338426258	3.20508714206062	
F7:3F	247	63	1	318.13519359958906	3.24238501213021	0.6492629857451457	
BD:FE	189	254	1	1136.0101753001602	11.126355722125204	6.361853823975779	
3F:EF	63	239	1	1723.3508771535362	15.45618915808245	4.9205530631206065	
B3:FE	179	254	1	621.3757677195415	6.076432625679181	1.8168661070304655	
ED:BF	237	191	1	220.7030356861312	1.768442223629078	0.30099254367672107	
7B:DF	123	223	1	394.6686243357404	3.093006347146848	0.5172364560608671	
5F:7F	95	127	1	1328.831101177971	13.072606528936028	4.422957901129836	
FB:77	251	119	1	390.07499079001417	3.6856867507677915	0.9891528435438823	
FF:CB	255	203	1	175.63483730466345	1.197516897615771	0.20397382553969332	
BC:FF	188	255	1	408.93032951421856	4.038311045979552	0.8167087501876961	
EF:77	239	119	1	247.60425795242017	2.337380400649828	0.38085303405041376	
EE:F7	238	247	1	371.1630919595881	3.483945038320317	0.8541269453313678	
F1:FF	241	255	1	853.3057271866536	8.447423280534768	4.592770754638289	
9F:DF	159	223	1	285.59280707593564	2.237828110942473	0.33527292199943337	
BF:DE	191	222	1	120.60376329620028	0.9370630485523748	0.0721535467202135	
EB:FD	235	253	1	928.637356976094	9.031876111491178	5.307648331338821	
D7:FE	215	254	1	490.85214415542976	4.799659196143062	1.3427612081512839	
FF:F9	255	249	1	238.74143935786117	2.2206243371839482	0.3752363441348877	
FE:DE	254	222	1	29.656211877575224	0.23033283297919085	0.005778314335498332	
FB:DB	251	219	1	157.32806363639548	1.1936181109315012	0.16103555833978409	
4F:FF	79	255	1	729.6298100087982	7.20176090063687	1.1435237173766943	
F5:BF	245	191	1	111.95265157997959	0.8965114735856713	0.07993790141923854	
7F:F3	127	243	1	239.2750361231814	2.1900265204453793	0.19496196812075	
6F:7F	111	127	1	417.1937787735242	4.103395191722889	0.5238546837715696	
BF:7E	191	126	1	684.9363220778765	6.552866945626621	2.331644422155283	
77:F7	119	247	1	136.19095127123992	1.2762431798705753	0.05995922419951783	
AE:FF	174	255	1	1194.5619327318245	11.820945892519681	6.489569380115715	
B7:FD	183	253	1	406.55386643046205	3.9436456890494185	0.7917170539769361	
2F:FF	47	255	1	382.9688506383515	3.7768306750271616	0.187008186816883	
73:F7	115	247	1	189.23569488777503	1.773572914524923	0.11234464956721336	
E7:FE	231	254	1	416.09641608323915	4.068100682448103	1.0477085261420547	
F8:FF	248	255	1	546.6645877432292	5.405210262026212	1.9232121983856594	
FC:FB	252	251	1	662.4426574826356	6.275845440991539	2.871798050046836	
D7:DF	215	223	1	61.35256133432374	0.4803962831809613	0.020980131065542796	
BB:FD	187	253	1	156.18620029636222	1.5134825664039873	0.11831364759610884	
DB:7F	219	127	1	592.6523504691407	5.8417480987191235	1.9855673125361848	
3E:FF	62	255	1	1559.1916289691474	15.394518903031281	3.972774483625937	
6C:FF	108	255	1	963.868352860365	9.522164172554907	2.713814876854764	
9B:FF	155	255	1	346.07105264449063	3.4157612297762934	0.4806576898475045	
EF:DE	239	222	1	31.004044803782374	0.24080063500616797	0.0059763838648469484	
F3:FD	243	253	1	606.2328862849713	5.889473973549571	2.3308518588732325	
F7:EB	247	235	1	239.11337887264364	2.086226894788835	0.36735350593638755	
5B:FF	91	255	1	456.93031303036577	4.50866399825763	0.5044710345697003	
CB:FE	203	254	1	123.7161795167135	1.2075837890382126	0.08056222192446744	
3F:BF	63	191	1	198.64075487306343	1.59008175458739	0.06528578347203583	
EF:9F	239	159	1	25.707485868380115	0.17548207542025135	0.00411647040096126	
FC:DF	252	223	1	107.48405891235552	0.8419011666883504	0.07540340285679833	
FB:9F	251	159	1	23.372977552093843	0.15954519861599817	0.003554439364867644	
FE:F3	254	243	1	335.31576175691936	3.072880059559884	0.7391054554000461	
DD:7F	221	127	1	279.42421781185	2.749798981000064	0.4434716335389799	
77:DF	119	223	1	75.2958012158804	0.5895180332520004	0.01838099353643691	
DD:EF	221	239	1	10.957734361101524	0.09807834654452045	6.812683541872744E-4	
DE:EF	222	239	1	46.29054413851541	0.4144105756262495	0.012223350410053353	
BE:FD	190	253	1	244.25064015632287	2.3678005757093405	0.293982157226789	
F6:7F	246	127	1	97.75308598015273	0.9610908658565342	0.06099522268621708	
BB:EF	187	239	1	142.421918914372	1.2755330615707416	0.09851783078112689	
6D:EF	109	239	1	377.34701285743114	3.3806249104325174	0.4183230492891038	
6D:FB	109	251	1	338.1243037375024	3.1947117499762063	0.33553488712658375	
3F:FE	63	254	1	187.07873668190325	1.8254479671718271	0.05771220930126626	
FC:F7	252	247	1	180.39039529147703	1.6916100725202448	0.21189007030927062	
EE:FD	238	253	1	235.8911335326365	2.2873171514630877	0.34430207939921664	
FE:EB	254	235	1	192.95852062366782	1.6831328154305776	0.24459181616386072	
F3:DF	243	223	1	37.8901477232607	0.2966546401486725	0.009086092759149253	
7F:FA	127	250	1	275.06674014368724	2.573698800573027	0.25757661111671465	
B7:F3	183	243	1	149.76085961427907	1.3706106579017994	0.10734747142949544	
E7:F5	231	245	1	125.35487100584987	1.1559693200294114	0.0949241006221225	
DB:FD	219	253	1	381.88328420842305	3.705054037848086	0.8223513460034682	
BE:DF	190	223	1	70.41100798873734	0.5513287700565108	0.02449075816951502	
FB:EE	251	238	1	206.99269369198987	1.8360872230344585	0.27817891352437646	
FF:F8	255	248	1	215.74152223964893	1.9870836490556518	0.30639954762210486	
CD:FF	205	255	1	752.1159961151648	7.438344080093278	3.017681510354231	
5F:BF	95	191	1	32.59807895373024	0.26088394053136793	0.0026708275941077857	
E7:DF	231	223	1	66.92162429431883	0.5240357739351558	0.027114839006872733	
DF:EB	223	235	1	76.18326353405398	0.6640142866805196	0.033238035239672864	
9F:BE	159	190	1	108.63802777107611	0.8579925938467403	0.048458421162487296	
F6:DF	246	223	1	21.167050577815957	0.16570696227160708	0.0028688390464013678	
CF:F6	207	246	1	66.31305455448864	0.6152986904987925	0.023557447782210184	
7F:9F	127	159	1	27.498141492854216	0.18769306208716593	0.0025844563467899194	
FB:3F	251	63	1	39.968513378135434	0.40664252316313765	0.0103265183752696	
FD:77	253	119	1	62.43579154592808	0.5887499019747896	0.02542299409877245	
ED:FB	237	251	1	79.70228812181037	0.7527274200212938	0.03907964369068151	
6F:EF	111	239	1	388.6867652157353	3.4824080158632094	0.45587413975435154	
7F:D7	127	215	1	79.42077505161294	0.5840480088679746	0.02154172627240661	
EF:F6	239	246	1	77.89744519837427	0.7228762920406251	0.037629698181909796	
FE:DD	254	221	1	30.080434177465516	0.23245700378010242	0.005945308557519794	
3F:FB	63	251	1	228.129365003533	2.15424358097577	0.0858803244585738	
1D:FF	29	255	1	219.47882340020024	2.1637994057185863	0.028863727142153562	
E7:BF	231	191	1	69.85265230427049	0.55922061487973	0.029533214831399524	
78:FF	120	255	1	202.9922130899609	2.0022651849665105	0.13333292726857704	
9F:77	159	119	1	192.94237288316228	1.8200864522200226	0.152535468128481	
EE:DF	238	223	1	1.576671696458266	0.012341488764000418	1.540297422422931E-5	
6D:FD	109	253	1	71.15021331710983	0.6891030262610918	0.014835132091902637	
FF:76	255	118	1	4.739015658607707	0.04325846140572839	1.475270562954488E-4	
FF:F1	255	241	1	37.06812271412951	0.33343991315808363	0.009031589668856704	
AF:F5	175	245	1	11.327368662446231	0.10438527592488571	5.817428064003362E-4	
BE:FB	190	251	1	90.17659434938346	0.8516098775228508	0.040045226889821046	
7F:DD	127	221	1	31.046925648388644	0.23990420040146895	0.0032885512618812543	
DF:F3	223	243	1	84.35098754753542	0.7718133364487796	0.04071428563612458	
7C:FE	124	254	1	18.526171431465308	0.1807297156411233	0.0011429280837534491	
F7:F5	247	245	1	80.74881915798338	0.7444635498936683	0.041780042992201664	
3B:FF	59	255	1	95.26458236422378	0.9392150800001453	0.014047617906105507	
B7:F7	183	247	1	29.35513611297341	0.2750080664597754	0.004119018950260725	
FF:3D	255	61	1	86.19036543183542	0.8536475675838131	0.04877337338995457	
F6:F7	246	247	1	58.53746019941476	0.5485222862371372	0.021881214928979514	
E3:FF	227	255	1	77.7250398261789	0.766528251025532	0.03585786898119097	
F6:F3	246	243	1	56.27848963416519	0.5148885918218483	0.0202335919017979	
CF:7F	207	127	1	27.041917649018902	0.2657460441308875	0.003911997046182694	
79:FF	121	255	1	197.03620095018405	1.943489385620057	0.12635464001812705	
FA:FA	250	250	1	37.591904088954294	0.35151058894810583	0.009122933551766181	
ED:EE	237	238	1	24.54624434009365	0.21748879157287726	0.003708913176402377	
6F:77	111	119	1	99.76423900793462	0.9406356469136884	0.029967574620714338	
7B:F7	123	247	1	105.47396080487952	0.9883112166523866	0.03676957763133881	
EB:F3	235	243	1	19.58150990236269	0.17910807933414197	0.002341331791856935	
7E:FD	126	253	1	39.95272587099491	0.38692209830507446	0.005394185889685371	
EB:EF	235	239	1	77.78337960333583	0.6964879862763971	0.03697920494780603	
1F:FD	31	253	1	20.766262400656558	0.2010866442913895	2.744433304009815E-4	
EC:FB	236	251	1	25.284552874221205	0.23871560789691243	0.003919071854256308	
65:FF	101	255	1	3.861276825617915	0.03806332705666362	4.1295431681152396E-5	
BE:7F	190	127	1	24.349665828711718	0.2392828659196304	0.002916191063581682	
F8:FB	248	251	1	9.145849047979747	0.08633923138867851	5.357504637832005E-4	
FD:DE	253	222	1	22.78145804699629	0.17693026309638335	0.003394365253500578	
8F:F7	143	247	1	1.117796570946003	0.010470456993285289	4.703367665300634E-6	
F3:FC	243	252	1	14.33183662640689	0.13735000729110278	0.001295044542850022	
6B:F7	107	247	1	30.93231996901953	0.2897690013048297	0.002760728469752674	
9D:FE	157	254	1	32.59960003900208	0.31804328784309316	0.004300800924170951	
5D:FD	93	253	1	45.90630662575165	0.44456974339140565	0.005183605774167706	
FF:67	255	103	1	10.54929759608966	0.07345491766958313	7.342837981425662E-4	
BD:FD	189	253	1	12.976135844836543	0.12565852714440348	8.232618200658045E-4	
9F:EF	159	239	1	11.952482394089435	0.10698053583130618	5.850527442218501E-4	
FD:7E	253	126	1	16.862127349573587	0.16081364995397618	0.001852899060766739	
B7:7F	183	127	1	19.397230603949197	0.19061040719525443	0.0017967599626986998	
95:FF	149	255	1	5.292719079418881	0.05217457927816034	1.0930264467652454E-4	
D7:F7	215	247	1	13.072642581317565	0.12246042451535427	9.491839168195871E-4	
5E:F7	94	247	1	10.277197466127374	0.09626907382238613	2.6284513312045796E-4	
DE:FD	222	253	1	37.42431945378193	0.36246372647486885	0.007976903239780644	
BD:77	189	119	1	24.694860461826412	0.2327989712228613	0.0029836249234433524	
DF:AF	223	175	1	5.713943872172833	0.039721457299934204	1.87518268471704E-4	
33:FF	51	255	1	8.12421492183068	0.08008614983347058	9.079466109309333E-5	
7C:EF	124	239	1	3.498856557905981	0.03131530946429998	4.082964639069733E-5	
9E:F7	158	247	1	5.308046514005393	0.04972160262276278	1.1483494276011286E-4	
B2:FE	178	254	1	4.287138171029305	0.04182090503922664	8.57868859293064E-5	
2D:FF	45	255	1	15.461835575246395	0.15241944534520724	2.9188154635702046E-4	
1F:EF	31	239	1	19.043860507828356	0.1704455895960906	2.311584312263677E-4	
BF:CB	191	203	1	8.633783027360748	0.05880479477545787	3.7015381689185653E-4	
B3:FB	179	251	1	5.547505312282608	0.052368220550550265	1.4427847687635355E-4	
EF:7D	239	125	1	6.72046449892597	0.06442602060996518	2.7970695336921035E-4	
F1:F7	241	247	1	3.798115520489833	0.035577833337057295	9.029689509314768E-5	
F7:5F	247	95	1	3.189877661495016	0.023921431648363838	6.537277584252531E-5	
5F:FD	95	253	1	5.083629870546134	0.049226462586414235	6.47256297376114E-5	
FF:2F	255	47	1	6.5079339673349255	0.04414539588723991	2.7953729614536306E-4	
77:EB	119	235	1	1.6007210939874306	0.013946025060767421	8.28940765171442E-6	
F9:7F	249	127	1	9.142823416831016	0.08984057482019006	5.365351424519658E-4	
BF:ED	191	237	1	11.52198662817019	0.10136664177786639	6.56611732584143E-4	
FF:75	255	117	1	7.140559439976025	0.06563230215675143	3.3490156905288367E-4	
7C:FD	124	253	1	2.524204198433397	0.024442595551997022	2.1219195852014265E-5	
7B:77	123	119	1	11.126947646587668	0.10488517405989052	4.089806088084565E-4	
9E:FE	158	254	1	7.142560836072043	0.06967609654166575	2.0776750809580898E-4	
F7:F4	247	244	1	1.920501310757401	0.017524887152680454	2.361838408623673E-5	
2F:F7	47	247	1	4.940679927098025	0.0462796952540376	3.11524485762679E-5	
BE:F3	190	243	1	2.7054870465703003	0.02474393183118286	3.60434252602863E-5	
DE:BF	222	191	1	1.9293593217193772	0.0154396607061628	2.126588354981421E-5	
F9:FA	249	250	1	1.1531482666793855	0.01078023925778185	8.542481062202245E-6	
CE:7F	206	127	1	6.8726067911732915	0.06753115221774254	2.5178143747708995E-4	
DB:F5	219	245	1	6.4245908450899165	0.05920373823667713	2.3219416143121474E-4	
5F:7E	95	126	1	4.049593353705581	0.03861702948554313	4.1084182121163705E-5	
7C:DF	124	223	1	2.8910586171770225	0.022629925897708923	2.7939377845433694E-5	
DD:FE	221	254	1	2.8254321444457147	0.027561896502272344	4.5217920599320684E-5	
FB:EA	251	234	1	2.331455618648529	0.020103808531624644	3.523079446748536E-5	
9B:FE	155	254	1	12.036940557556647	0.11742328563201129	5.805132532530796E-4	
7F:F9	127	249	1	4.250117590284554	0.03947435881165743	6.142450866109872E-5	
FE:F6	254	246	1	3.9695830891605746	0.03682067745185832	1.0318520174827917E-4	
B7:F6	183	246	1	2.3552044523422198	0.02184585864280141	2.6514267694344102E-5	
57:EF	87	239	1	3.4910189638842253	0.031245053564356712	2.859928708866075E-5	
3C:FF	60	255	1	2.65407260688951	0.026162894478660527	1.1092861509516449E-5	
F8:F7	248	247	1	4.262553083916495	0.039928468559506686	1.1638470829617124E-4	
BB:D7	187	215	1	1.590840258684315	0.01169576260159916	1.2318202714625259E-5	
7F:7D	127	125	1	6.249087287527138	0.05990592342126755	1.3271180723587844E-4	
5D:F7	93	247	1	4.185753062277524	0.03920839843979779	4.311864765766637E-5	
E7:FB	231	251	1	3.750017763494278	0.035399893339580296	8.48116820645443E-5	
57:FB	87	251	1	2.348778691279403	0.022171921182565682	1.2933170597829584E-5	
D5:7F	213	127	1	1.9177142693558087	0.018843226804773582	2.0234613123215806E-5	
37:F7	55	247	1	3.651666972499599	0.03420538970633579	1.9721888087815628E-5	
DD:F6	221	246	1	1.2895013554634633	0.011960810274783998	9.42752297576458E-6	
1F:F7	31	247	1	2.8859973920272606	0.02703321963814685	5.304180516944093E-6	
77:6F	119	111	1	1.0658275236255463	0.00779139530063364	3.685427825520543E-6	
9E:DF	158	223	1	1.9054388589727087	0.01491490326612397	1.4843292853581664E-5	
B7:ED	183	237	1	1.8757118809011724	0.016501107680549264	1.683338438035449E-5	
AB:FF	171	255	1	3.9085185605077513	0.03852927826325634	6.788866720055778E-5	
D7:FD	215	253	1	2.0606234792745353	0.019953670334947528	2.356694702384601E-5	
DB:BF	219	191	1	2.6389480716266758	0.02111821214408915	3.927056760801931E-5	
E2:FF	226	255	1	1.3433738688679824	0.013242546787541906	1.0671185084561069E-5	
EC:FD	236	253	1	1.336509920722634	0.012941807323047175	1.0942112809038977E-5	
B9:BF	185	191	1	5.853918703287178	0.04684667005240926	1.6498685952657423E-4	
4B:FF	75	255	1	2.6324982055647146	0.02595025363229013	1.424529750598266E-5	
F7:ED	247	237	1	2.673497166648987	0.0235196159480442	4.5800537315000925E-5	
AA:FF	170	255	1	1.35242906372636	0.01333178400183674	8.098925737393876E-6	
3F:E7	63	231	1	6.226969446105994	0.053787129505372726	6.40727472671486E-5	
6D:BF	109	191	1	5.798975593123966	0.04640646914791406	9.885884657486503E-5	
6D:FE	109	254	1	2.7137629097947795	0.026472358371796442	2.1573229239416774E-5	
DF:BD	223	189	1	2.0590546394900557	0.01601768911239128	2.4309125329974616E-5	
4F:F7	79	247	1	1.218014586913	0.011409186104394276	3.1851941110269983E-6	
DB:EF	219	239	1	1.6866030087414088	0.01509532611591215	1.6010287981280445E-5	
E7:EF	231	239	1	3.8039479854442484	0.03404630795261361	8.73546524421522E-5	
59:FF	89	255	1	1.6888311935153146	0.016647888352434952	6.75511622391787E-6	
9F:F3	159	243	1	2.142026460017892	0.019590526718622558	1.878154897270952E-5	
B9:F7	185	247	1	3.3086638682498504	0.030992782226108274	5.2560974960378914E-5	
7F:CE	127	206	1	1.0221543909061577	0.007109574464882934	3.569463454719961E-6	
DD:F9	221	249	1	3.211234433281382	0.02982550291246283	5.846483656818059E-5	
0F:FF	15	255	1	1.8795737560129406	0.018528087785073234	1.9895338548879986E-7	
1F:DF	31	223	1	3.6341425483336973	0.028446249468095958	8.436650924789408E-6	
67:FB	103	251	1	4.681760749172109	0.04419506384567386	6.174439011194161E-5	
BC:FB	188	251	1	1.4386710079461051	0.013580738017593614	1.0086827413209536E-5	
67:FE	103	254	1	1.8222165101741972	0.01777540434306153	9.347578398542922E-6	
1E:FF	30	255	1	2.3459093767596046	0.023125069453362134	3.4328537076034594E-6	
DC:EF	220	239	1	2.7048853979314282	0.024209231813904396	4.137630525346007E-5	
7C:FB	124	251	1	2.525871663162017	0.023843706513855856	2.125766462456138E-5	
DE:7E	222	126	1	1.447136157347089	0.013799902797472683	1.192709451621899E-5	
6F:EE	111	238	1	1.6713445655379642	0.014806589488987684	8.41885683284339E-6	
CE:DF	206	223	1	1.500146326288991	0.011742461627689703	1.2043960104200317E-5	
F7:73	247	115	1	1.5659452840307306	0.014384413296496534	1.5700750886216563E-5	
D3:FB	211	251	1	1.757497574791925	0.01659043347743588	1.686927696817085E-5	
CC:FF	204	255	1	1.1339423218785045	0.011178016328555099	6.794083008711446E-6	
7E:BE	126	190	1	1.1046701164186363	0.008720697040691259	4.13795637449188E-6	
DB:D7	219	215	1	2.1472131626143054	0.015786251820144495	2.6032775459201352E-5	
7B:3F	123	63	1	2.426874121818857	0.024685043001060447	1.9426148610171342E-5	
CF:7E	207	126	1	2.1194316004149223	0.02021098035854993	2.4038529596723374E-5	
C6:FF	198	255	1	1.1272071984490826	0.011111621972459578	6.5696480021614E-6	
FD:EE	253	238	1	2.9226549336110947	0.025892420746428974	5.5731502196846485E-5	
9F:F6	159	246	1	1.768592390973718	0.016404632992182856	1.2800378741137507E-5	
AF:FD	175	253	1	4.982770110534405	0.048250276930288424	1.1245687938599707E-4	
F5:FD	245	253	1	2.1357439979006245	0.020681129865024486	2.8959391522625103E-5	
E5:EF	229	239	1	1.340341839585963	0.011996224058824705	1.0756407179602925E-5	
FE:F9	254	249	1	2.185175423009291	0.020295529486937473	3.126664050444835E-5	
9B:F7	155	247	1	1.2607379634315163	0.011809406213918	6.372976617775933E-6	
ED:7D	237	125	1	1.8832099934626219	0.018052932896519026	2.1794343484423638E-5	
1F:7F	31	127	1	1.0538320377136643	0.01035472323460766	7.065848798875083E-7	
BF:67	191	103	1	1.3740057040390423	0.009566624501762745	9.371290477012446E-6	
DA:FE	218	254	1	1.0600009901698948	0.010340133170457677	6.293328119453293E-6	
DC:FD	220	253	1	2.0037072613956997	0.01940253019595308	2.2671418492831047E-5	
2D:FB	45	251	1	2.7324901235749786	0.02579401159558412	9.123608143955144E-6	
6D:F7	109	247	1	4.673516120853621	0.043777475578795244	6.403263789711824E-5	
EB:EE	235	238	1	2.425979325631419	0.021492175085831514	3.595188611976234E-5	
EF:AE	239	174	1	1.116207655014003	0.007662235731553634	7.757880795846014E-6	
D8:FF	216	255	1	1.2197701868961663	0.012024087495976587	8.26238390327373E-6	
FE:EE	254	238	1	5.034270140547039	0.04460028624770301	1.6610002949640402E-4	
9F:E7	159	231	1	1.0960197268253464	0.00946711157944657	4.922205625277369E-6	
CD:BF	205	191	1	1.6982292932785827	0.013590020241533052	1.5347244996982338E-5	
E7:7F	231	127	1	2.3250776444070347	0.022846008480510546	3.257779968948882E-5	
FF:9E	255	158	1	1.7333183699759065	0.00991177154759629	1.9870593221059604E-5	
7D:F6	125	246	1	1.3379224609749498	0.012409906800899331	6.000092276463329E-6	
F7:7B	247	123	1	1.37174811287444	0.01310762167073967	1.2039041901310952E-5	
5F:F5	95	245	1	2.3853397202947813	0.021980666608894108	1.4263807928909286E-5	
6F:FA	111	250	1	2.1542446738397087	0.020138998870048563	1.3972833990725566E-5	
C3:FE	195	254	1	1.364881799883917	0.013314208272700091	9.49927542240034E-6	
DF:DB	223	219	1	1.54446463245152	0.011706240870714289	1.3682353896390392E-5	
FF:3B	255	59	1	3.5950252862548537	0.0363109776421068	8.473133901110476E-5	
9F:EE	159	238	1	1.8469038498247685	0.016361925943504146	1.3970763100797696E-5	
F2:F7	242	247	1	1.6136694046349955	0.015115412358873084	1.6374496238720623E-5	
B7:EB	183	235	1	1.0758208530981177	0.009372915859429072	5.538480952623852E-6	
5C:FF	92	255	1	1.9190169750256036	0.018916989605087208	8.989407300502106E-6	
B5:FE	181	254	1	1.9410793487644615	0.018934967020481915	1.7818253633129078E-5	
67:F7	103	247	1	1.6950439529131516	0.015877571377879925	8.094683167020129E-6	
FC:BD	252	189	1	1.4823031166904117	0.0115310295252872	1.432571295170214E-5	
FB:75	251	117	1	2.3242758271146773	0.021362854782110533	3.497422233391246E-5	
AD:FF	173	255	1	1.8452174756655366	0.018189565391530375	1.5271556432160236E-5	
7B:ED	123	237	1	2.4086460707183557	0.021189442069360933	1.9188454030451528E-5	
BD:7E	189	126	1	2.4220451692948917	0.02309672644598004	2.868856116760394E-5	
7F:6D	127	109	1	2.181599086889704	0.015309355260024594	1.625795506647544E-5	
FB:37	251	55	1	2.4228060936529183	0.02477788851563732	3.7923242887268786E-5	
EA:FD	234	253	1	2.1669206061444988	0.020983015453185875	2.8549803560360207E-5	
E7:DB	231	219	1	2.00651807119239	0.015208416115964993	2.437209953771096E-5	
EB:FB	235	251	1	1.6050606978983986	0.01515146211169462	1.571880597399597E-5	
F3:7D	243	125	1	1.3097396433956379	0.012555457876059934	1.0814110821055644E-5	
6C:EF	108	239	1	1.61763677227427	0.014478000032374514	7.631688474653248E-6	
9F:7F	159	127	1	1.1714052751088437	0.011510019423751208	5.609189327358011E-6	
7E:FA	126	250	1	1.4555766896618447	0.013607466215010241	7.163425145313719E-6	
AF:7E	175	126	1	1.5735442480762594	0.015005314805185912	1.121818797670412E-5	
3F:DF	63	223	1	2.022341819293503	0.015829896096684348	6.769133919722255E-6	
FB:E6	251	230	1	2.2270165963743342	0.018898537590988928	3.2153937923797245E-5	
CF:F5	207	245	1	2.232724638225618	0.020574456428263603	2.669433345150794E-5	
7E:F6	126	246	1	2.2319875413986536	0.020702875312136514	1.6846105641881267E-5	
5D:7F	93	127	1	1.8616083434910329	0.018291827815729345	8.520956610831916E-6	
DB:B7	219	183	1	2.1985016580980177	0.01654451461019009	2.7281845888362267E-5	
F9:ED	249	237	1	1.970446171834538	0.01733457285979156	2.497057144184526E-5	
8F:FE	143	254	1	1.6712793175654912	0.016303057137863286	1.0506149981071928E-5	
F6:EF	246	239	1	2.084745575259065	0.018658827256630758	2.7760184734713273E-5	
FF:E2	255	226	1	1.2659340420453036	0.010468854934506555	1.0545050484599489E-5	
3D:FB	61	251	1	2.1751458893168687	0.020532826439834086	7.540893034863357E-6	
E3:FE	227	254	1	1.4057208468339275	0.013712605636598905	1.1722936431717177E-5	
17:FF	23	255	1	2.2244645878962674	0.021927889972456906	8.50300595485251E-7	
B8:FF	184	255	1	2.094185626887041	0.02064384962808854	2.0957581576440126E-5	
5E:7F	94	127	1	1.0703614645999655	0.010517158633321871	2.8483759107557505E-6	
D3:7F	211	127	1	2.2542878671472715	0.022150396628978483	2.7732667541543514E-5	
5B:EF	91	239	1	1.2098343515238659	0.010828110983322042	3.5390541319960153E-6	
5F:F9	95	249	1	1.1085156001834133	0.01029558192598621	3.080017471450813E-6	
E9:FE	233	254	1	2.1413737440510316	0.020888890410277097	2.7744044871639957E-5	
6F:7E	111	126	1	2.038112568999228	0.01943541798985547	1.2502146021912023E-5	
8D:FF	141	255	1	2.1936898419491873	0.02162469226473292	1.7894568036198707E-5	
F3:F3	243	243	1	1.6406558581194504	0.01500511957820049	1.698405924883644E-5	
77:BB	119	187	1	1.9273874208604758	0.014885133029646103	1.2041919060746192E-5	
FF:8F	255	143	1	0.0	0.004825187125797693	5.88523317869457E-6	
F2:FB	242	251	1	1.7127056380540915	0.016167625207298607	1.8443408246357885E-5	
7F:DB	127	219	1	2.1121182284726925	0.01600873437764578	1.5221748507863606E-5	
FB:F2	251	242	1	1.2441670803875864	0.01126517675243421	1.0024053771591127E-5	
DA:F7	218	247	1	2.0153820141837286	0.018878318569083924	2.2768025020498327E-5	
35:FF	53	255	1	1.8871041567894054	0.018602367628889	5.1021259979697435E-6	
DD:FC	221	252	1	1.4327631659801043	0.013729849347022751	1.1631472762017398E-5	
5D:FE	93	254	1	2.1250791056851015	0.02072977813063949	1.1105196321944923E-5	
5E:FE	94	254	1	1.3041517065263033	0.012721748592063781	4.229178769406664E-6	
F2:BF	242	191	1	1.9978578769514235	0.0159878441695141	2.516879402148087E-5	
A7:F5	167	245	1	2.1146030383840184	0.019485919250256455	1.962067572185324E-5	
D4:FF	212	255	1	1.3298621771829047	0.013109344378124665	9.698096988394678E-6	
7E:EF	126	239	1	1.7184104986358222	0.01537995110443975	9.992020958221817E-6	
63:FF	99	255	1	1.8487150526939902	0.018223984572284975	9.312898863729123E-6	
FB:F4	251	244	1	2.0872848453582207	0.019046837152384713	2.8209249044744998E-5	
DF:EE	223	238	1	1.993458053892575	0.01766033346363178	2.273546855820061E-5	
DE:3F	222	63	1	1.7643984153998693	0.017946682420586623	1.7707427570430855E-5	
BB:BD	187	189	1	1.9915849827676466	0.01549279992587594	1.928942676716916E-5	
B7:B7	183	183	1	1.975696805110842	0.014867784560789831	1.872360860871499E-5	
73:FD	115	253	1	1.8318753387294358	0.017738528874893897	1.0513381960495113E-5	
EB:EB	235	235	1	2.057766126213814	0.017928088468049524	2.5874152393769533E-5	
BF:B3	191	179	1	2.033740406827772	0.014959358276149422	2.0514965645640256E-5	
55:FF	85	255	1	2.0556872324989333	0.02026423738174682	9.710106071479093E-6	
6B:DF	107	223	1	1.823177572719885	0.014270963854280786	9.619549824417622E-6	
FB:F8	251	248	1	2.0501809025803372	0.018858154317928172	2.7211236491881627E-5	
7F:57	127	87	1	2.0320979501936023	0.014208707641270371	1.410678151169987E-5	
EF:EA	239	234	1	2.045385583255784	0.017637024986031917	2.595808745102167E-5	
DB:FC	219	252	1	2.026597284736536	0.019420492375765295	2.3086416294481657E-5	
6F:BF	111	191	1	2.0100246453999473	0.016085104012505347	1.21975944105849E-5	

