BMLVN	12	x2
metabolism	0.9970000
mutations	0.0000100
catastrofic	0.0000100
minWeight	0.1
start biomas	2.0	_
env.size	25000.0
feedSourceH	0FF
0C7
0B5
023
011
feed port max	50000.0
timeQuant	0.01

key	suscepBits	activeBits	maxsize	popBiomas	currincome	currloss
FFF:000	4095	0	1	12827.586006763637	471.4458312988281	176.45573880732906	
0FF:000	255	0	1	11218.36550399033	385.86614990234375	253.47403361286027	
00F:000	15	0	1	25000.0	232.7902374267578	12.190578241965808	
777:000	1911	0	1	12960.82723891714	360.10809326171875	218.18821821734045	
555:000	1365	0	1	11699.021447339333	122.6574478149414	215.32207011616345	
0FF:0FF	255	255	1	311.04110383056184	1.2011100187711525	0.19775929466692327	
0FF:1FF	255	511	1	238.78416403678122	0.8256618018046814	0.11678497519615488	
0FF:0F7	255	247	1	241.77040368715646	0.8778768830553301	0.11957658842593578	
0DF:0FF	223	255	1	362.46958122077405	1.3995961381489834	0.22935002402645	
0FF:0FE	255	254	1	302.6065753095778	1.1608264730164102	0.18719659565726668	
0FF:8FF	255	2303	1	278.82831810551727	0.9255761281391561	0.15941932694971572	
8FF:0FF	2303	255	1	1133.4841601076748	4.376338093862054	0.7519835033160341	
0FF:0DF	255	223	1	86.64628708620128	0.2770587618698513	0.015380781847531142	
0FF:0EF	255	239	1	183.55305664311203	0.63747858340039	0.06896172207800146	
07F:0FF	127	255	1	670.9536205060507	2.589584934687591	0.4282112007309567	
0FB:0FF	251	255	1	315.6902287453871	1.219055888256868	0.20063548676986415	
0FE:0FF	254	255	1	312.0767703302057	1.2051079820192152	0.19840837141069168	
0FF:4FF	255	1279	1	821.2130613532232	3.6969912853139637	1.3812283701152437	
1FF:0FF	511	255	1	461.66774392961736	1.7826918400129916	0.29241787227509103	
0EF:0FF	239	255	1	332.1666852357859	1.2826511534983784	0.21074400384039152	
0FF:0BF	255	191	1	18.134422949433013	0.04951703854969409	6.744978563146245E-4	
4FF:0FF	1279	255	1	345.9525470874231	1.3364380366381032	0.24934174401645093	
0FD:0FF	253	255	1	313.3781333144581	1.2101311281605212	0.1992251731700145	
0FF:0FB	255	251	1	271.6817919712425	1.0082288830217159	0.15094947209816095	
0FF:07F	255	127	1	468.517228557958	1.962377976601229	0.4489650161523466	
0BF:0FF	191	255	1	428.55657383678334	1.6546173646967797	0.2700355620349993	
0BF:1FF	191	511	1	331.7301532126315	1.1469809586832413	0.1622301810412735	
0FF:1FB	255	507	1	211.04940776115834	0.714402039505488	0.09124592474020234	
0FF:0FD	255	253	1	293.1577331042666	1.1170191919256267	0.17570554940000604	
2FF:1FF	767	511	1	542.4697082849408	1.8755402956523817	0.25908527809942505	
0FF:3FF	255	1023	1	460.28709584919443	1.780085172219554	0.43399721900356286	
07F:1FF	127	511	1	515.8138593392588	1.783264389249428	0.2540872572620347	
2FF:0FF	767	255	1	704.7821525272747	2.72075800156813	0.4359470932095405	
0FF:5FF	255	1535	1	1324.8675547500957	7.310808222569315	3.5935163145927835	
0FF:2FF	255	767	1	374.4857534918113	1.3973637356833044	0.2872315275220411	
0F7:1FF	247	511	1	246.1049018510408	0.8509716921357605	0.12026676518965497	
07F:0FE	127	254	1	651.6637470764036	2.498622447857129	0.40404007206166687	
0FF:1F7	255	503	1	184.78796334459528	0.612719800612313	0.06996111140602228	
4FF:1FF	1279	511	1	272.4363650746161	0.9422213898465267	0.15478927397786496	
0FF:1FD	255	509	1	225.94782050949948	0.7736523153024001	0.10457430190959743	
0FF:1DF	255	479	1	87.6800488129849	0.26234360080472413	0.015761458255992337	
0DF:4FF	223	1279	1	958.9003304410512	4.316426899801966	1.6086044975810205	
1FF:1FF	511	511	1	354.7308786607653	1.226025044250477	0.1724791810103814	
0DF:1FF	223	511	1	237.15068528987794	0.8199678177878816	0.09840434448152544	
8FF:1FF	2303	511	1	878.0012933579591	3.0364100952301283	0.45297679030997606	
0FF:1EF	255	495	1	128.2475518464813	0.40437493924023	0.03370928646665998	
2DF:0FF	735	255	1	833.4179494086878	3.2170769235824093	0.5114576009042748	
1FF:0FB	511	251	1	402.4189410779021	1.4933540152048181	0.22229388842424377	
0FE:1FF	254	511	1	239.5798240412436	0.8284127017467141	0.1171693423969478	
0FF:17F	255	383	1	7.476822313754942	0.01814825352293459	1.1473434100009372E-4	
0DE:0FF	222	255	1	363.85745641896455	1.4049530209567356	0.23023072008773332	
0FF:9FF	255	2559	1	252.11222302439353	0.8015408969749668	0.13038693558089848	
0DD:0FF	221	255	1	365.5889041585668	1.4116352152337015	0.23131389033558783	
0FB:1FF	251	511	1	242.35254100821012	0.8379987559886305	0.11848533806785218	
1FE:0FF	510	255	1	463.3782481672158	1.7892957098411795	0.2935207811424674	
0EF:1FF	239	511	1	254.8515755762845	0.88121035206986	0.12431939298793852	
0FF:0FC	255	252	1	256.8062581441261	0.9720493453477931	0.1348581816253023	
0EF:8FF	239	2303	1	297.73142940369837	0.9883214037297763	0.16987362637304024	
0FF:0D7	255	215	1	52.72407721035694	0.1558780577646163	0.0056983845275377885	
0DF:2FF	223	767	1	436.6672294125682	1.6293227119274867	0.3336099025275356	
0B7:0FF	183	255	1	448.4762313172119	1.7314804291945587	0.28349943818657597	
1FD:0FF	509	255	1	465.41719683562144	1.797166633585251	0.2948003194647439	
0DF:8FF	223	2303	1	324.8789609486509	1.0784841683850643	0.18495808086474422	
0FD:1FF	253	511	1	240.56919863356646	0.8318332282655507	0.11764302486583571	
07E:0FF	126	255	1	674.9210477498882	2.6048876268704904	0.43062832375679466	
CFF:0FF	3327	255	1	657.5261692410854	2.5403328883185066	0.47778993694475264	
07F:4FF	127	1279	1	1765.9521802047063	7.953933085733572	2.98550581554699	
0FE:0F7	254	247	1	242.57216030113716	0.88078753016406	0.11996609056826409	
0FF:0E7	255	231	1	128.73690942776764	0.4236631213702691	0.03394218890402641	
17F:0FF	383	255	1	877.5816401140135	3.3884699612079068	0.5694149563553935	
07F:0FD	127	253	1	632.3668102887692	2.4084137519090087	0.38055574199016406	
4FF:0EF	1279	239	1	212.02654486194024	0.7364937561577007	0.09369930400556112	
0BF:0FD	191	253	1	405.77546416759566	1.545887072029801	0.24215367709128843	
09F:0FF	159	255	1	526.8996409600284	2.034010059143177	0.33134203483882807	
0DF:0FE	223	254	1	353.763390777749	1.3569677088073486	0.218487653332351	
0FE:4FF	254	1279	1	823.5230031842378	3.707383877025684	1.3843372864472316	
1FB:0FF	507	255	1	469.0937691318701	1.8113603050488978	0.297118119338595	
03F:0FF	63	255	1	1484.1613831149027	5.720648092742376	0.9485180730460919	
4FF:0F7	1279	247	1	273.8347522451794	0.9945629249344119	0.15626547971900898	
8FF:8FF	2303	2303	1	1017.829849274964	3.362050001029058	0.5921291744970768	
8FF:0F7	2303	247	1	885.5966363764938	3.215322354401969	0.45950019859664537	
0FF:0F3	255	243	1	212.36219096508893	0.753698429110626	0.09228291343162683	
0FB:07F	251	127	1	475.42826656977087	1.991339272948576	0.45534941865923484	
0FE:8FF	254	2303	1	279.75445994434153	0.9286503441687501	0.15994094287883745	
1FF:0F7	511	247	1	359.07594846993675	1.3037828362877524	0.1770448065581224	
1FF:0DF	511	223	1	128.2666356592849	0.410141605364693	0.02262735280360896	
0EF:0F7	239	247	1	258.0960266678742	0.9371398920087962	0.12734060691832108	
0FE:0FD	254	253	1	294.1290356110277	1.120719054876001	0.17627657283795867	
0FE:0FB	254	251	1	272.05918435602956	1.0096287081086752	0.15086011811492575	
2FF:4FF	767	1279	1	1885.3701186509813	8.491564838827983	3.1355627636005083	
8F7:0FF	2295	255	1	1166.61285955668	4.504262957137258	0.7763670345535384	
077:0FF	119	255	1	712.7979329257535	2.750937059955981	0.4543904093996485	
4FF:0DF	1279	223	1	106.86154900206745	0.3417219738810524	0.023807730339034744	
8BF:0FF	2239	255	1	1592.9855185889076	6.154195229107621	1.090728712932104	
07F:0DF	127	223	1	187.0539489154752	0.5981077752621353	0.033448951493632056	
0DF:0FD	223	253	1	341.5697172502422	1.3013939861201083	0.20370983051959451	
8FF:0EF	2303	239	1	665.8814802105703	2.3124827722013612	0.259979989530366	
0BF:0DF	191	223	1	119.26638792276309	0.38136008594166587	0.020979855951802816	
0F7:3FF	247	1023	1	473.1157153645738	1.8296823996876175	0.44452099432751646	
0DF:0F7	223	247	1	281.58500270300834	1.022397937233666	0.13853940052289168	
0FE:0DF	254	223	1	86.39364168525101	0.276250698891671	0.015239860540773238	
0FF:0F9	255	249	1	255.1569211500916	0.9359377738863172	0.1331666016120758	
0FF:077	255	119	1	21.50968987282366	0.05937968438087601	9.489281564475097E-4	
0FF:8FE	255	2302	1	275.6947772635853	0.9142019176942653	0.15585606823139528	
07F:0FB	127	251	1	584.5552641220754	2.1684911649938785	0.3253848682402758	
0FF:CFF	255	3327	1	881.6999280376895	3.8936173993897847	1.5949079819887952	
8FF:0DF	2303	223	1	311.4089287783939	0.9957941523402337	0.05697507749453613	
0BF:0FE	191	254	1	418.2090800403774	1.6040230665905757	0.2571856841468365	
07F:0EF	127	239	1	395.3739946900757	1.3729325831727246	0.1491642261524721	
0FB:8FF	251	2303	1	283.0038763606286	0.9394362508659395	0.1617520469519973	
0FF:6FF	255	1791	1	1299.589299030476	7.124501792921314	3.4585408544195295	
4FF:0FE	1279	254	1	336.7555363838833	1.292300298538063	0.23626750081243067	
0EF:0FE	239	254	1	322.1098756463004	1.2356101111137128	0.19819641941469246	
4FF:8FF	1279	2303	1	312.56952255284773	1.0377068025463456	0.20384367537547143	
0FD:0FB	253	251	1	273.19040610366034	1.0138253695641741	0.1514778270572686	
0BF:8FF	191	2303	1	385.6491252671886	1.280220087748281	0.21964446636166834	
0FF:2DF	255	735	1	211.8230673251794	0.6955995317325521	0.09196854562504797	
0EB:0FF	235	255	1	336.762942020513	1.3003915296721458	0.21313742043589387	
07F:0F7	127	247	1	521.5390587964154	1.8931813324793212	0.25920503125290156	
0FF:4BF	255	1215	1	618.897105097892	2.504785784029987	0.7851179219763041	
0FF:0DE	255	222	1	81.52527715302453	0.2588148831866365	0.013617273022610246	
0ED:0FF	237	255	1	334.9056575766465	1.2932229853638315	0.21243466554938753	
0EF:4FF	239	1279	1	877.8363499570916	3.951761182759121	1.4748820225552504	
0FE:0BF	254	191	1	8.854772500163001	0.024178009311852683	1.6027793068722825E-4	
0D9:0FF	217	255	1	371.50360169360584	1.434462631061224	0.23473239454215675	
0FF:1DB	255	475	1	70.93338242916873	0.2077641714007214	0.010316845525166204	
0E7:0FF	231	255	1	342.9062287293514	1.3241009245541275	0.21660264998258486	
17F:1FF	383	511	1	676.9715358180592	2.3374318980996835	0.3363552164350781	
27F:0FF	639	255	1	1967.2562489305074	7.599741398628051	1.248972250492231	
0EF:0EF	239	239	1	195.25096234127545	0.6780834032576755	0.07290577648120644	
07F:8FF	127	2303	1	601.3634028627899	1.9963283773400906	0.34625371572942615	
0BF:4FF	191	1279	1	1138.1187311266337	5.122565703394521	1.909176380550018	
07D:0FF	125	255	1	680.5812790755216	2.6267120428300412	0.4342161818533454	
2FF:8FF	767	2303	1	630.0865745636041	2.091638388738144	0.35025929811396694	
8FF:07F	2303	127	1	1692.9593864676742	7.094138619511044	1.683287718037004	
0FE:0FE	254	254	1	303.0846509494025	1.1626559887316035	0.1871534089229768	
4FF:0FB	1279	251	1	304.18037900066764	1.1291853888190737	0.19280167082199087	
0FB:0FB	251	251	1	275.0455386296869	1.0206971473723532	0.15236233390382983	
0FD:8FF	253	2303	1	280.88810448432656	0.9324132531940941	0.1605632765258105	
0FB:4FF	251	1279	1	833.6469964033158	3.752940376075442	1.4018751131605485	
05F:4FF	95	1279	1	2401.953479523172	10.818486168807464	4.054659964264498	
0FB:2FF	251	767	1	380.0630903250963	1.418170745384346	0.29138424397260243	
0DF:0EF	223	239	1	212.66442300797584	0.7385631057008623	0.07907449232351248	
0FF:07E	255	126	1	390.91545488563463	1.5682295674766682	0.312665088724086	
8FD:0FF	2301	255	1	1138.4809186985685	4.395646076468506	0.7553112941281627	
0F9:0FF	249	255	1	318.07442155163545	1.2282589407886462	0.2021170979595375	
8FB:0FF	2299	255	1	1142.5008403009836	4.411185940979883	0.75762991445315	
0FF:47F	255	1151	1	752.529410805275	3.242610229591519	1.161457782586048	
1BF:0FF	447	255	1	634.0373121572056	2.4480549729540417	0.4009485715409452	
0FB:0FE	251	254	1	306.2357625892294	1.1747424459998757	0.18881619423764692	
2FB:1FF	763	511	1	551.4261505456616	1.9065025006799665	0.26302865445505874	
0DF:07F	223	127	1	546.4261764365901	2.288814660979858	0.521893826587194	
07F:0BF	127	191	1	14.1018598429472	0.03850504198488409	1.90405652831002E-4	
0BF:0EF	191	239	1	252.32897360181707	0.8762886136754545	0.09379234721933247	
0BD:1FF	189	511	1	332.30097395913543	1.1489515082866646	0.16116105052391863	
0FF:4FD	255	1277	1	817.1880567891367	3.671251963948918	1.3677581278503734	
2FF:3FF	767	1023	1	1043.2083297535696	4.021602548186812	0.9461572020908995	
0FF:87F	255	2175	1	134.7832317550575	0.38896101341606737	0.0372703838735278	
0EF:1FB	239	507	1	224.73537397165344	0.7607227206611288	0.09668991874295799	
0AF:0FF	175	255	1	472.9036858932624	1.8257095092837	0.29586807426549916	
07E:1FF	126	511	1	517.7584691902787	1.789985384190215	0.25443817488424325	
0FD:0EF	253	239	1	183.51229761660383	0.6373360374694518	0.0684111290454399	
1FF:3FF	511	1023	1	680.3933670287801	2.629348500437623	0.6346984917778327	
0FD:0F7	253	247	1	242.19466163521795	0.879415927379319	0.11909100154102455	
87F:1FF	2175	511	1	1245.0768547126072	4.305889557952791	0.6465451130313609	
1FD:1FF	509	511	1	353.4081158236858	1.2214543947645902	0.16982019815569874	
4DF:8FF	1247	2303	1	329.85605428866654	1.0950991870635303	0.21585092964188896	
2FF:0FB	767	251	1	611.0020887445562	2.2669438319898334	0.32789925583519447	
0BF:0FB	191	251	1	375.06302587528666	1.3916991194635893	0.2069662564787352	
8FE:1FF	2302	511	1	869.6455307057057	3.0074951148432674	0.44342153643137094	
2FF:0EF	767	239	1	410.7490069417848	1.4263707105676677	0.14839891217307247	
0DF:1FB	223	507	1	238.1652872342273	0.8061678209951662	0.09926517254197617	
1FF:8FF	511	2303	1	413.1448482045669	1.3714953635876117	0.23503285234013052	
3FF:0FF	1023	255	1	661.442927216277	2.5540655309721627	0.4155030756238547	
06F:0EF	111	239	1	440.59179329055297	1.529747956847375	0.16174648448035236	
05F:0FF	95	255	1	909.8483675158022	3.5103782339824847	0.5768244636342401	
17F:0FE	383	254	1	850.0617144279985	3.260585058057321	0.5343397471017705	
0FF:0FA	255	250	1	260.5117325097291	0.961232008208519	0.1388048375273948	
2FF:5FF	767	1535	1	3055.908823232536	16.876849376969577	8.237872574961738	
1DF:0FF	479	255	1	532.1216004770507	2.0546658676490654	0.3364939890068893	
07F:5FF	127	1535	1	2847.1384706575354	15.724343804223091	7.760530320285464	
0FE:1FB	254	507	1	209.43974432582903	0.7089513728545647	0.08955728228946527	
0FF:1DD	255	477	1	77.45295731794255	0.22958683889928896	0.012299640232557606	
2EF:1FF	751	511	1	571.2187422452093	1.9749189944017929	0.2667680895997042	
8DF:0FF	2271	255	1	1542.6658033358274	5.95971476221442	1.0355266785358466	
0DB:4FF	219	1279	1	975.4361292336501	4.3908199679187545	1.636052046055036	
0BE:0FF	190	255	1	431.9479016437435	1.6677045399699293	0.27310318010512225	
1FF:4FB	511	1275	1	1197.6669608009834	5.3590755378286525	1.9748356315347573	
0FD:2FF	253	767	1	377.23303310923745	1.4076128068691447	0.2892617138727802	
4F7:1FF	1271	511	1	266.61388916984316	0.9220673002112384	0.1465330424276948	
4FE:0FF	1278	255	1	346.18176322750537	1.3373235578300544	0.24932217163965104	
0F5:0FF	245	255	1	322.0604319344909	1.243643931564864	0.2039382798762329	
0FE:07F	254	127	1	466.1765767353258	1.9525762537843783	0.44300098381914993	
07F:0F6	127	246	1	500.83627915472647	1.8074986908022206	0.2390846155551389	
4FF:1FB	1279	507	1	241.51944805133286	0.8176848445816558	0.12165284200783774	
2DD:0FF	733	255	1	824.3924008800075	3.182287607544922	0.4960624508494797	
9FF:0FF	2559	255	1	1375.287462092017	5.313011896252935	0.9030938510305677	
09F:2FF	159	767	1	628.6086924761693	2.3452159631898994	0.47310020562205163	
0BB:0FF	187	255	1	438.9504616518618	1.6947250560939742	0.27760972389527194	
1F7:0FF	503	255	1	475.9035793585707	1.8376487655760034	0.30059813366499105	
0FF:8FD	255	2301	1	265.3956864687807	0.8793036849795923	0.14442521568401076	
4FF:5FF	1279	1535	1	1352.2824406505385	7.436176581231873	3.7821289195957197	
1FF:5FF	511	1535	1	1965.301248165849	10.813411420657891	5.277255432085751	
2F7:1FF	759	511	1	436.2857887668427	1.5083895547615462	0.16171210057459354	
07B:0FF	123	255	1	684.917163058406	2.6434412972277155	0.4334336296434628	
CFF:1FF	3327	511	1	509.1723554769711	1.7609638864253796	0.28664881285902927	
4FF:0FD	1279	253	1	321.3155284323332	1.2247262754079624	0.21510155715421728	
2DF:1FF	735	511	1	623.732801493531	2.1564375135662996	0.28747665927537663	
8DF:4FF	2271	1279	1	4012.2394184846626	18.072339302938133	7.010825218330298	
1FF:1FD	511	509	1	326.6925789977913	1.1181662050902832	0.14633955195474163	
0BF:9FF	191	2559	1	341.69627828601455	1.0863421658981498	0.1724573332813359	
0F3:1FF	243	511	1	247.85980531417746	0.8570364234981176	0.12009430462637434	
0FD:0DF	253	223	1	59.030141849963826	0.1887463500226433	0.0070855220585705975	
0FA:1FF	250	511	1	240.29224573779575	0.8308722305622485	0.11608238206026787	
0FF:4F7	255	1271	1	814.1322259052664	3.65089558230925	1.3576316437273386	
2FE:1FF	766	511	1	516.6394191794656	1.7862304876676902	0.23406636407084794	
0EF:1DF	239	479	1	83.64272565027225	0.2502595230428952	0.013404776330996489	
0FF:3FD	255	1021	1	447.97751360393715	1.7225012594681999	0.4111069778203816	
47F:0FF	1151	255	1	440.3155385278731	1.7011531213101452	0.3217921675213921	
4FD:0FF	1277	255	1	344.68772946352937	1.331548517419115	0.24681065164166985	
8FF:2FF	2303	767	1	1355.4829419487717	5.059032757973315	1.0796413491755332	
0FC:1FF	252	511	1	239.69079972700058	0.8287942394467384	0.11636740811364416	
0FF:1ED	255	493	1	92.37192005921702	0.2885791150809608	0.01748837734389038	
2FF:2FF	767	767	1	839.6656052035734	3.1242140845012636	0.6122607133367308	
1DF:1FF	479	511	1	345.09371961334546	1.1927042247789066	0.1413718668937576	
CEF:0FF	3311	255	1	660.6811424531363	2.552504210477332	0.47545193329064017	
07F:2FF	127	767	1	806.3538296435685	3.0080693348595813	0.6208876798263575	
87F:0FE	2175	254	1	1555.5557979321827	5.969691688518736	1.008696243331203	
4FB:0FF	1275	255	1	346.2128305040331	1.3374422306835307	0.24828126967240335	
07F:0FC	127	252	1	579.1067743703494	2.191176206632703	0.31929265466473045	
079:0FF	121	255	1	692.9140610173496	2.674282602976098	0.43701794375348746	
0DF:0FC	223	252	1	327.0889746304351	1.237995976282929	0.1868274207158386	
8FF:1FD	2303	509	1	778.6468095775314	2.6664092466621585	0.3562422121554174	
05F:0FE	95	254	1	873.8688240167326	3.3495863922833067	0.5323379183344824	
0BF:0EE	191	238	1	170.25312574522468	0.5877123804817961	0.042716928985499274	
1F7:1FF	503	511	1	312.17129102801783	1.0790014704886552	0.12926267893616983	
06F:8FF	111	2303	1	666.9979827569174	2.2141750472692183	0.372402161289438	
0DF:3FF	223	1023	1	534.2181388096599	2.065904765008386	0.4993982920433719	
0FF:4FB	255	1275	1	808.080694144538	3.6142272809204026	1.337487224817523	
07F:1FE	127	510	1	360.5796366926656	1.2400418546344008	0.12421559186600786	
8FF:8F7	2303	2295	1	895.5320800112538	2.933543939158938	0.4599564621740254	
0FF:9DF	255	2527	1	213.92592561406147	0.6717829977587543	0.09387262587539327	
27F:1FF	639	511	1	679.2982343626816	2.348536621316715	0.14891667988942242	
4FB:1FF	1275	511	1	266.61027778287183	0.9220577436329991	0.14738219751679843	
0FF:7FF	255	2047	1	1751.7141498460962	11.160317310753351	6.282404228191673	
07F:1FB	127	507	1	138.9531812741032	0.4702540328649624	0.018457782517335014	
07F:1F7	127	503	1	351.9822384092356	1.166990396959216	0.11841064427482952	
1FB:1FF	507	511	1	337.5856012942002	1.1668002936372952	0.15375430018989408	
2FF:CFF	767	3327	1	2022.940784512137	8.933165842292548	3.61136210905318	
CFF:0FE	3327	254	1	578.0071552728069	2.218172417773691	0.369167438562552	
0FF:1EB	255	491	1	30.706423024605265	0.09483170043699882	0.0019326060673822629	
0FF:1FC	255	508	1	179.55228466489663	0.6115130203323701	0.06603942564679811	
1FE:0FD	510	253	1	415.3308765747825	1.5824885296231979	0.2358701222766661	
47F:4FF	1151	1279	1	1088.4250373352102	4.884308339407694	1.9494085284433176	
2FB:8FF	763	2303	1	548.0770142568174	1.8192524319786896	0.2603424208917975	
2DF:4FF	735	1279	1	2233.595674731696	10.0598544901664	3.6941767357911166	
2FF:9FF	767	2559	1	476.4503191726613	1.5146332989549405	0.2002759807158003	
0F6:1FF	246	511	1	224.1806434902541	0.775146226240142	0.0994482752364292	
8FF:1FB	2303	507	1	278.4994901167304	0.9425643634829143	0.045550436822589524	
6FF:1FF	1791	511	1	265.2823646307392	0.9173652440679935	0.1176358958072487	
0CF:8FF	207	2303	1	273.34007429764614	0.907279696305006	0.12131853102344244	
0FF:8F3	255	2291	1	246.3795212254434	0.8070243554646032	0.124473555205778	
0DB:0FE	219	254	1	329.2620621927789	1.263004603090317	0.1860514302477819	
0F7:2FF	247	767	1	380.8417220208239	1.421064719424832	0.2879890274976801	
077:0FB	119	251	1	479.4236988201473	1.7787271423550295	0.20597668658624174	
47F:1FF	1151	511	1	272.83549573931015	0.943493461053779	0.1235833481312557	
0BF:1DF	191	479	1	47.07023761659416	0.14082318814617328	0.0032705257938208687	
5FF:1FF	1535	511	1	226.7999432917738	0.7842481219639185	0.10630241503728832	
0FF:8E7	255	2279	1	104.99343741332837	0.3166403667385445	0.02260739042164599	
13F:0FF	319	255	1	1462.3242426889437	5.648792351528965	0.8407067463589718	
07E:0FB	126	251	1	341.5988598988517	1.2674994831567283	0.11059947065299137	
06F:0FF	111	255	1	540.6280563367175	2.0870296833783035	0.24324183772597263	
0DE:2FF	222	767	1	424.59559176701015	1.5842644576619438	0.31421810994868793	
9BF:0FF	2495	255	1	755.176240713634	2.9164768619866837	0.2566817307532632	
0BF:0F7	191	247	1	266.1197777461689	0.9662183330238038	0.1042738210535811	
0FF:2FD	255	765	1	354.9556116273744	1.3120054285750036	0.25806713177483553	
0EF:1F7	239	503	1	67.67529533726767	0.2243573406498605	0.008769216607479586	
2FF:07F	767	127	1	967.8730261827603	4.0527824302260305	0.823121333697805	
0FB:6FF	251	1791	1	1317.7103811046115	7.223757112963602	3.5019389620314	
1FB:07F	507	127	1	652.3025941050058	2.7320485351345205	0.5749456011086065	
03F:4FF	63	1279	1	3890.6034933285623	17.52362022475509	6.6122244707039535	
0EF:3FF	239	1023	1	485.4128711421073	1.8772121733365532	0.45106127282702313	
8BF:2FF	2239	767	1	1840.6754077989917	6.869869740566186	1.456981888542752	
0FD:1F7	253	503	1	119.79744147131436	0.3971889254831318	0.029181365317616823	
09B:0FF	155	255	1	490.126435873574	1.8921566280758095	0.28012315157442597	
1BF:0FE	447	254	1	553.5524652897693	2.1232827880651186	0.30571480863698436	
1FE:8FF	510	2303	1	312.5750063745247	1.0374939980423614	0.13400944697405645	
1DE:0FF	478	255	1	433.3577362934204	1.6733846468523352	0.22235745752254318	
0FF:2DD	255	733	1	153.44524337521372	0.5006215120347611	0.04825795316326621	
0DF:4FD	223	1277	1	954.2681933181335	4.286693322285078	1.5931561131408762	
0EF:0FC	239	252	1	233.49004347508992	0.8837794753980377	0.10419081847946811	
16F:0FF	367	255	1	613.6059146600327	2.3694124720597753	0.25059066815077	
87F:0FF	2175	255	1	968.0354330944308	3.7387714861236	0.3904247968416006	
0EF:9FF	239	2559	1	231.5227627755676	0.7360269674269998	0.10275145418270568	
0EB:07F	235	127	1	485.72436495467366	2.034505178901991	0.44382185034196936	
0BE:0F7	190	247	1	234.41374222840034	0.8511032324070156	0.08056023021892239	
07F:8DF	127	2271	1	123.1724512622963	0.3726056243299536	0.014521310669249913	
07A:0FF	122	255	1	529.7044314423614	2.0448763076607563	0.25787443484938943	
2BF:0FF	703	255	1	914.4031025638631	3.52972254671027	0.5166157611029979	
4FF:1DF	1279	479	1	14.709969618222843	0.044007244125200955	4.5120395368289476E-4	
09F:0EF	159	239	1	69.59748743743928	0.24167333461440987	0.005801780309204335	
17F:1EF	383	495	1	37.60294464938778	0.1185412304048159	0.001048292892606246	
07F:8FB	127	2299	1	442.79943034836697	1.4636734780967247	0.1876786724073096	
06F:0F7	111	247	1	340.9504552053394	1.237807106881005	0.09694847112995382	
0D7:8FF	215	2303	1	303.26627066031807	1.0066810974851796	0.155566302814387	
CFF:2FF	3327	767	1	765.8256994825543	2.8584138971433366	0.6484685333393455	
07F:1DF	127	479	1	16.45694873641463	0.04923287051750263	2.5917904969735545E-4	
03F:0FB	63	251	1	494.38065051059084	1.834204568100771	0.10619449534078651	
076:0FF	118	255	1	556.0764430120864	2.146621339468314	0.27503251163612713	
03F:0EF	63	239	1	157.7981974054848	0.5479347164443642	0.01085497773378389	
2EF:5FF	751	1535	1	3289.2833606545314	18.165685203370955	8.863281689446442	
07B:1FF	123	511	1	175.90666618810442	0.6081070528853971	0.02872845801193345	
87E:1FF	2174	511	1	193.4612088181258	0.6687606743240991	0.01558938936416897	
03F:0F7	63	247	1	372.0980218102669	1.350829327335784	0.060242026880571745	
0DD:2FF	221	767	1	433.55168511939956	1.6176873678948265	0.3260493327397017	
07F:CFF	127	3327	1	1895.8248794087558	8.372084904856296	3.4422428701190606	
0FA:1FB	250	507	1	115.61973734092463	0.39132261151035475	0.02687855522930508	
1DF:0F7	479	247	1	351.7498672790482	1.2771657696654448	0.14719747455617863	
4BB:0FF	1211	255	1	327.9177445666247	1.2666959466100254	0.20166021517737565	
6FF:8FF	1791	2303	1	230.78543964033761	0.7659866234345915	0.08904522583842485	
0AF:0FB	175	251	1	253.29901512921512	0.939924055985474	0.08501894977145895	
0DF:87F	223	2175	1	50.63947782348214	0.1461093908180813	0.004493331259119594	
0FB:5FF	251	1535	1	1345.0215615432808	7.421927907907935	3.6477201561811574	
0EC:0FF	236	255	1	275.84503733533234	1.0651911686253226	0.14363230752167194	
0FF:2EF	255	751	1	274.3181301805349	0.9678058464693186	0.1541749955864721	
07A:1FF	122	511	1	168.83894385762918	0.5836713658616648	0.026300002082622675	
03F:0FD	63	253	1	662.0448857923244	2.521626392702548	0.1901079380743116	
03F:0FE	63	254	1	754.5112735007549	2.892986801119025	0.24668464829471987	
8FF:0FD	2303	253	1	335.60328092522775	1.2786261023627405	0.06602664627571396	
0DE:1FF	222	511	1	145.9130829993334	0.504461207586065	0.03711265489431726	
07F:0DB	127	219	1	7.8683243044146085	0.024261492425364406	5.92351626705833E-5	
0CF:0FF	207	255	1	323.323000878155	1.248458721220308	0.16914811105646657	
07F:0DE	127	222	1	10.968314470068394	0.03481622056176941	1.1508284936733678E-4	
0DF:CFF	223	3327	1	1029.698866285464	4.547167879679805	1.8585383103573816	
09E:0FF	158	255	1	399.51461321097145	1.5424966781692155	0.18971751372334303	
0DD:8FF	221	2303	1	285.32719671227375	0.9471166682522574	0.14142399150356055	
1EE:0FF	494	255	1	408.01815276996473	1.5755567346282635	0.21257460532320932	
23F:0FF	575	255	1	1218.1471337370158	4.704367175790393	0.3894076282122753	
0EE:0FF	238	255	1	254.90671401461842	0.9843416189083333	0.12370538872355638	
27F:4FF	639	1279	1	5203.7887830430345	23.43788389374957	8.746252495768623	
87F:8FF	2175	2303	1	597.3387786614935	1.97910230420159	0.14555649732375903	
8BF:07F	2239	127	1	1391.333036255697	5.827906495701977	0.8313746661747997	
0ED:07F	237	127	1	419.7998290443557	1.758307177005703	0.3340831694972636	
27F:2FF	639	767	1	2128.6698928346373	7.815353417063065	1.334314959939192	
1EF:0FF	495	255	1	401.38403881194	1.5499416122552534	0.2065037895391416	
09F:0FE	159	254	1	323.88218012516114	1.242291136202076	0.12535813027759035	
0F7:0FB	247	251	1	219.63428451089894	0.8150731525350124	0.09565848221650794	
3FF:4FF	1023	1279	1	1753.2645143116242	7.896633599746374	2.9297860861119354	
09F:0DF	159	223	1	8.760490205369155	0.028008647353273297	9.199995861182047E-5	
0CD:0FF	205	255	1	304.75522112654784	1.1767713107999367	0.14891608453742472	
4DF:2FF	1247	767	1	424.22418282904994	1.5833911027803593	0.3568616435559392	
0FE:0DB	254	219	1	5.430286001452677	0.01674401068996272	6.0236307844127174E-5	
07E:0FE	126	254	1	564.4842274590177	2.164629748721035	0.3014562240012683	
1FD:0DF	509	223	1	13.012580367410663	0.04160353699417327	2.310751264372917E-4	
4EF:0FF	1263	255	1	274.8995931104991	1.061830047945796	0.1535835520835703	
0EF:8FD	239	2301	1	239.34148037555633	0.7929207781419146	0.10976008681351156	
0AF:1FF	175	511	1	147.63261328983188	0.5103805845516752	0.02892879225496966	
07F:4F7	127	1271	1	1749.617344373808	7.849522998785187	2.9305418332441016	
0F7:1FD	247	509	1	138.2240305399635	0.4732299106989793	0.0379403345856772	
0FB:8FE	251	2302	1	232.1723517521114	0.7698171893548995	0.10884784827970567	
27F:0FE	639	254	1	907.6688727609728	3.4820885003572246	0.26571239880611786	
8FF:CFF	2303	3327	1	3144.871902589784	13.543480062377489	5.470967737269773	
8ED:0FF	2285	255	1	943.7437599609134	3.6450072551851838	0.3950978062961171	
0DB:2FF	219	767	1	433.9305754796645	1.6190944194746004	0.32379833928863816	
1FB:0F7	507	247	1	132.25328786920903	0.4801671947516521	0.023652793669010894	
0FF:5EF	255	1519	1	1265.8488646210315	6.829110488575322	3.2813654441912035	
0EF:0F9	239	249	1	208.4850363413666	0.7647267632789251	0.08309907930329881	
1B7:0FF	439	255	1	523.3421868729516	2.020760843274238	0.25726892707110266	
07F:4FB	127	1275	1	1737.7323687175124	7.77576357661698	2.890865528780438	
27E:0FF	638	255	1	924.2414898611748	3.5692521918362003	0.2747663536510822	
0EE:1FF	238	511	1	111.65639887229892	0.38601673733543	0.023778545366932812	
0FE:0FC	254	252	1	213.20354333161356	0.8070020429478844	0.09265227659334922	
07F:2FE	127	766	1	764.6140938328314	2.8430298007537473	0.5583235703523123	
07F:4FD	127	1277	1	1756.3184628390106	7.89406940133205	2.953022207699255	
0BF:1EF	191	495	1	38.31903511436436	0.12080244206493237	0.0021667352585807457	
0FF:2BF	255	703	1	42.81849917563461	0.12606018291506094	0.0037593350178532436	
8DF:1FF	2271	511	1	281.9849704483085	0.9748123243163715	0.03458962686541639	
0FF:BFF	255	3071	1	618.229345752443	2.4403469607631147	0.7840264878459635	
0EE:0DF	238	223	1	7.726644554208519	0.02470338764576091	1.1392536024201001E-4	
07F:9FF	127	2559	1	360.0393227142847	1.1444769597223114	0.1240914877241415	
0BF:0F5	191	245	1	84.64466561384266	0.30369368197919777	0.010559332106623761	
0E7:1FF	231	511	1	165.42579441537256	0.5719428295412278	0.05052137562929948	
4BF:8FF	1215	2303	1	294.39538372304094	0.9772763460265401	0.1636608861987344	
07F:8EF	127	2287	1	177.79523045019482	0.5389241576464372	0.03025930867408023	
07D:1FF	125	511	1	237.15635031005382	0.8198716363402856	0.05297143218146052	
2F7:0FF	759	255	1	540.6689549640179	2.0875066519394987	0.2477170003080446	
06F:0DF	111	223	1	16.18291869124957	0.05173945712855663	2.1901615146869318E-4	
0F9:0FB	249	251	1	196.50955519940572	0.729249103077434	0.07720311216961875	
8FE:8FF	2302	2303	1	663.0557199450989	2.196053190764468	0.2531161035817149	
0CF:1FF	207	511	1	168.69983877805217	0.583246267738079	0.04615188781743665	
8EF:0FE	2287	254	1	804.1273853241618	3.0850707470585146	0.28725553246246	
2FF:1FE	767	510	1	210.2932849518379	0.7231711432821043	0.038953022344639536	
4FF:AFF	1279	2815	1	401.99973919717326	1.3893490505232315	0.337209169644233	
4DF:4FF	1247	1279	1	902.4872876173642	4.053772079715061	1.6041641701982783	
0FD:4BF	253	1215	1	622.4351050697593	2.519099538175327	0.7881288564485847	
03F:07F	63	127	1	1211.8334449797353	5.061585994459342	0.6263100513273864	
5FF:0FF	1535	255	1	217.64792002354494	0.8406168904433134	0.09784320265345388	
0BF:5FF	191	1535	1	1837.5032388455359	10.13578727419376	4.973503350345038	
57F:0FE	1407	254	1	186.76229310447857	0.7164825379998188	0.05642046202784488	
0FF:47B	255	1147	1	734.5074157788409	3.138339764141006	1.1064918221393736	
1FF:5FB	511	1531	1	1941.6123900308721	10.622549471329872	5.151779654057646	
0FA:8FF	250	2303	1	197.8780065445781	0.6567601166440267	0.07878809181133607	
0BF:1FB	191	507	1	45.733148772250736	0.15476564563157735	0.0030848065871152577	
077:5FF	119	1535	1	3026.6438163801695	16.71571798622081	8.24826565747912	
2DE:0FF	734	255	1	245.7318622015778	0.9487992162459541	0.04439619471872586	
67F:4FF	1663	1279	1	1389.921959880593	6.2340874362916745	2.4558135138344506	
0FF:03F	255	63	1	219.93379742830396	0.9162237119803062	0.09897617867531693	
0BF:2FF	191	767	1	439.84229716508315	1.6410317104057495	0.2851838347573919	
0FE:8FD	254	2301	1	164.2331865611923	0.5440334255168066	0.05510266928672219	
17F:3FF	383	1023	1	917.8545240266395	3.5448688453205763	0.6202311384785554	
0BF:47F	191	1151	1	1032.985450052022	4.451001254366889	1.575778067857482	
1F7:0FB	503	251	1	96.38585352120812	0.357646699431966	0.01234855033115215	
CF7:0FF	3319	255	1	105.78983832027481	0.40846724517342525	0.012268863203083017	
0D7:0FD	215	253	1	49.319960535234905	0.1878926150878582	0.004105296498250325	
2DF:0DF	735	223	1	3.794866608307383	0.012132687724223823	1.0655937529105567E-5	
47F:0FB	1151	251	1	50.76784827409893	0.18837304221030288	0.004273621293552054	
8EF:07F	2287	127	1	495.9362874040349	2.0765577027270146	0.10915572843512501	
8FE:1FB	2302	507	1	20.060082319033334	0.06788183876005564	2.3573796732498405E-4	
0BB:8FF	187	2303	1	64.88279916125633	0.21528607843895398	0.006087165178924187	
1FF:7FF	511	2047	1	2599.8966350015025	16.50962073232876	9.236457815732882	
47F:CFF	1151	3327	1	1151.4974671397213	5.077118360200828	2.1950727183948775	
8FD:CFF	2301	3327	1	3059.2036804185964	13.192124142404369	5.161372266527204	
0FA:5FF	250	1535	1	1349.38711464159	7.445997984348093	3.6589154092978204	
1F7:5FF	503	1535	1	2030.5447849481673	11.170256058605	5.447867027296349	
AFF:3FF	2815	1023	1	642.8480534892269	2.484182441499122	0.18953404317059747	
07F:AFF	127	2815	1	207.20589007912213	0.715666098640724	0.04106578196481518	
03F:4BF	63	1215	1	1589.9100967565485	6.432106541237179	1.103020024786259	
0D7:0FF	215	255	1	64.06701181444417	0.24736494564456687	0.0069261528860648505	
3FF:1FF	1023	511	1	22.603015578982355	0.07812987489027716	4.862597940562097E-4	
4BF:5FF	1215	1535	1	1497.9767454655428	8.231354236742186	4.195314928210752	
0AF:07F	175	127	1	202.87241774477928	0.8494979297914518	0.05458898341854167	
03F:8FF	63	2303	1	21.209014524630984	0.07036719601181579	1.9629843700453485E-4	
04F:4FF	79	1279	1	2440.069691295865	10.98738001097584	3.4982175039233345	
8DD:4FF	2269	1279	1	3214.3649542377857	14.473433350587142	4.492810697329413	
8DF:4FD	2271	1277	1	3171.484449446085	14.250498715015523	4.377350278703564	
01F:4FF	31	1279	1	5892.6885499140735	26.52299102904021	5.9558609444789425	
8BF:0FD	2239	253	1	44.153257633166	0.16819984370026464	8.369255999754478E-4	
8FE:0F7	2302	247	1	13.697767581769398	0.0497253113080618	1.0985736848506542E-4	
8DF:4F7	2271	1271	1	2881.1890281614137	12.920810552318503	3.61182959048245	
27E:4FF	638	1279	1	3524.4152414723167	15.865342287254327	3.997035693347141	
02F:8FF	47	2303	1	15.765035514601164	0.05230494221218847	7.371384220743131E-5	
4FF:4FB	1279	1275	1	677.7501012192164	3.026980764690404	0.9526746486996887	
17F:5FF	383	1535	1	3651.345041040948	19.971095578933426	9.70168520832085	
07F:CBF	127	3263	1	1190.139915804235	5.030269033016301	1.3552447257440778	
8DF:0EF	2271	239	1	6.786587897211036	0.023564434818391898	2.002993983900424E-5	
0E5:0FF	229	255	1	27.619295636489507	0.1066340993640315	0.0013817649962442927	
05F:3FF	95	1023	1	188.18610812371548	0.7273495394919508	0.024842975199419637	
0FF:CFE	255	3326	1	764.7577935680661	3.374068378275063	1.199323710723026	
29E:0FF	670	255	1	13.159061096605596	0.05080316627763305	8.667747276043777E-5	
07F:4BD	127	1213	1	423.1226038485042	1.7079917859279283	0.17111227423276573	
0BA:0FF	186	255	1	13.540697649047187	0.05227719710667264	2.6339898099414597E-4	
2FF:CEF	767	3311	1	1269.3090979733029	5.540208293267511	1.420054840604768	
4B7:0FF	1207	255	1	28.49155317801921	0.11000234870216725	0.0015082810903249044	
877:1FF	2167	511	1	10.871181357320134	0.03757687288830174	4.907420892866666E-5	
0EF:4F7	239	1271	1	657.233426886824	2.946607657742588	0.8264086104822883	
0F5:0DF	245	223	1	2.2540973211417334	0.007206657395698291	1.0015788377776014E-5	
8BF:27F	2239	639	1	3.204919876207095	0.00926966960691251	4.417507585576257E-6	
0BF:8EF	191	2287	1	6.819781487275473	0.020668486620450347	6.865016160316377E-5	
CFB:0FF	3323	255	1	20.764674021739985	0.0801674511469219	4.7419877057083934E-4	
0FF:4B7	255	1207	1	228.49244564318124	0.9205896328673829	0.10688696424314889	
47B:1FF	1147	511	1	2.775701772825065	0.00959437588725135	1.2732474214185467E-5	
07F:5FE	127	1534	1	2703.2135039048676	14.905605029429822	6.993947011811794	
07F:4DD	127	1245	1	574.0731609336796	2.498232657668041	0.3148723474970423	
0FD:CBF	253	3263	1	406.4527300406191	1.7173866552336283	0.33584543449808746	
27F:0EF	639	239	1	5.267408159625694	0.018289506176803645	8.949821328475222E-6	
8FE:9FF	2302	2559	1	9.839992954268535	0.03126835272087918	5.673130345834187E-5	
0FB:0F9	251	249	1	6.886851133353485	0.02525574864149776	9.56318457718343E-5	
05F:4F7	95	1271	1	542.9270028926871	2.432661893949909	0.20662948458744224	
0DF:0ED	223	237	1	4.954417167072079	0.016984265787680555	4.295546637520407E-5	
9FF:0FB	2559	251	1	11.546013747686084	0.042837883182090766	6.358829610064207E-5	
CFF:8FF	3327	2303	1	10.827452829276009	0.035923368924376475	1.2949994114859898E-4	
4BF:8FB	1215	2299	1	1.0783365548116657	0.00356294300785193	2.1934306541282553E-6	
0FE:2FF	254	767	1	18.52033810640465	0.06907068371137672	6.997897313000222E-4	
2FF:03F	767	63	1	27.787995092529588	0.11571838059441547	6.793722356681952E-4	
0BA:1FF	186	511	1	7.917750092520241	0.027368349921461067	9.01391782259928E-5	
1EF:4FF	495	1279	1	81.57872773758118	0.3668544627173455	0.008531699026597681	
0F7:87F	247	2175	1	1.453926747346265	0.004194635910164642	4.202249116657119E-6	
0BF:AFF	191	2815	1	9.096601202424763	0.03141286207443102	1.2203790151521568E-4	
2FE:0FF	766	255	1	9.729452033471786	0.03756255187095852	8.29951674569454E-5	
2FA:1FF	762	511	1	3.2925890686571364	0.011381007193621617	9.346395534451466E-6	
06D:8FF	109	2303	1	5.615809444869383	0.01863202727465019	2.5936231792001412E-5	
03F:4DF	63	1247	1	106.60336661208387	0.464586622916928	0.004949321979847761	
1BB:0FF	443	255	1	6.863735885115331	0.02649881933969829	4.62340837999804E-5	
45F:4FF	1119	1279	1	117.4099485070131	0.5280060734550406	0.02193943479042701	
9FF:5FF	2559	1535	1	1269.2368870198054	6.995027739446103	0.7665712499431808	
2E7:0FF	743	255	1	6.009745573620996	0.02320177376464438	2.8447186405044023E-5	
37F:0FF	895	255	1	6.269583558197515	0.024204884954616184	1.8212826826704035E-5	
0FB:0F3	251	243	1	3.9068428081101025	0.013862623359922395	3.078376029639562E-5	
CFE:1FF	3326	511	1	1.6138744813843116	0.005578436141136031	2.8739996545420873E-6	
4FB:0FE	1275	254	1	6.036505154835235	0.023151364849332577	7.541567964989085E-5	
03B:0FF	59	255	1	5.216279451302129	0.020138394106583975	1.116841429807055E-5	
8FF:3FD	2303	1021	1	10.13214847026582	0.038931318610574646	6.02160004341638E-5	
4DB:4FF	1243	1279	1	46.2009414465858	0.20775838004596034	0.004194111695486896	
9FF:CFF	2559	3327	1	30.926416566946294	0.13632797369393362	4.5529556761811634E-4	
6FF:4FF	1791	1279	1	31.706212777312647	0.1425731499413231	0.0016752342460085272	
6EF:5FF	1775	1535	1	174.86470891883903	0.963357760355483	0.049443885863776973	
0BB:9FF	187	2559	1	4.100789504813435	0.013031006258428169	2.4318484168032045E-5	
27F:6FF	639	1791	1	153.9315073141865	0.842246232922703	0.007592713645053425	
23F:4FF	575	1279	1	32.56998068059899	0.1464511520632329	2.778546510651045E-4	
09F:4FF	159	1279	1	31.171763234525795	0.14016801409615243	0.0011618791502744621	
5FF:5FF	1535	1535	1	111.27731944861041	0.613021393933214	0.02546589756356054	
3F7:5FF	1015	1535	1	96.87031455657227	0.5335961466333569	0.00862462999943593	
03F:6FF	63	1791	1	92.43389277275078	0.505765770209566	0.0037127172200429634	
1FF:9FF	511	2559	1	3.343122167241401	0.010623365950990378	1.5376525358469245E-5	
0CB:0FF	203	255	1	4.240179267988564	0.0163700562212683	2.8478991207575146E-5	
83F:0FF	2111	255	1	3.959217644190858	0.015285270918900529	6.348372152608189E-6	
079:07F	121	127	1	5.833154378687279	0.024419037996278484	3.108701051556069E-5	
4FB:0EF	1275	239	1	2.1391472940698804	0.007427572128839012	9.47726410667357E-6	
06F:8FE	111	2302	1	3.414036242452801	0.011315029811684486	9.745891224159044E-6	
07F:CDD	127	3293	1	11.219445254363608	0.048885684997726865	1.201352470562034E-4	
2DF:CFF	735	3327	1	9.499600398157188	0.04187533635106122	6.661485600814684E-5	
0FE:4F7	254	1271	1	7.864611252895742	0.035225708022703396	1.2599967359332224E-4	
0CF:3FF	207	1023	1	3.2166933502856336	0.012431123052731488	1.676803244408876E-5	
8FF:4FF	2303	1279	1	5.66885388079741	0.025489909780708073	1.8824707442925965E-5	
8BF:2FB	2239	763	1	2.810835673688314	0.010316463296007923	3.3926404603973573E-6	
1F7:1FD	503	509	1	2.0952268427420306	0.007171673195005093	5.840056848250664E-6	
85F:4FF	2143	1279	1	4.901909764787749	0.02204132913608387	9.846373188098784E-6	
0DF:8F3	223	2291	1	2.561881073060751	0.008387590661449165	1.1489393774923252E-5	
27F:3FF	639	1023	1	2.739851005854188	0.010588288624390423	2.419333777617069E-6	
27F:2BF	639	703	1	1.8840521466422475	0.0055462894793979365	1.1461316665259232E-6	
23F:0FE	575	254	1	2.507701571124928	0.009617490442812567	1.6493112049066444E-6	
078:1FF	120	511	1	2.3261483543283523	0.008040448278828657	4.9196359311221086E-6	
6FF:CFF	1791	3327	1	2.634024362046559	0.011611053353097147	1.156517724055791E-5	
07D:4FD	125	1277	1	3.97029628345167	0.017815367991460614	1.4823786449212016E-5	
87F:17F	2175	383	1	1.2922318784785176	0.0031365473201614086	6.971597382082165E-7	
87F:4F7	2175	1271	1	3.444289670954422	0.015426799706167301	4.9325173536724336E-6	
2BF:2FF	703	767	1	2.475021260606773	0.009230139876207834	3.799572849967003E-6	
0DF:5EF	223	1519	1	4.132644317347359	0.022253343374305595	2.977143223902791E-5	
0AF:0DF	175	223	1	1.9573808511677073	0.006258002830860999	5.089009727339489E-6	
0FD:3FD	253	1021	1	2.071448449845717	0.007959227987510482	8.715337680480922E-6	
17F:7FF	383	2047	1	2.2018062076903955	0.013991275886320754	3.573013063685151E-6	
2FE:17F	766	383	1	1.7581950730589027	0.004267552650869312	2.718158365043289E-6	
3FF:47F	1023	1151	1	2.6133500936004173	0.011243516751084206	6.490248617383948E-6	
03F:47F	63	1151	1	2.5196812574635308	0.01084050672898758	2.765057351706682E-6	
1FE:5FB	510	1531	1	2.7401008443882833	0.015005474012585798	1.0244955871456344E-5	
07B:6FF	123	1791	1	2.5297822846547713	0.013841557430170296	5.920227226771599E-6	
8EF:0EF	2287	239	1	2.032147959832352	0.007056022991874217	1.8345645672511665E-6	

