BMLVN	12	x2
metabolism	0.9970000
mutations	0.0000100
catastrofic	0.0000100
minWeight	0.1
start biomas	2.0	_
env.size	25000.0
feedSourceH	0FF
0C7
0B5
023
011
feed port max	50000.0
timeQuant	0.01

key	suscepBits	activeBits	maxsize	popBiomas	currincome	currloss
FFF:000	4095	0	1	14956.776043255577	48.3868408203125	210.41510080021445	
0FF:000	255	0	1	9201.592124376553	6.828278541564941	208.94209098756897	
00F:000	15	0	1	24973.196878931933	54.090023040771484	5.7475912784133865	
777:000	1911	0	1	13974.082261142143	339.2503662109375	191.24198043673564	
555:000	1365	0	1	13547.711253320358	152.8352813720703	213.79449908251095	
0FF:0FF	255	255	1	566.5582924611749	2.300674049016019	0.7514882557388477	
0FF:1FF	255	511	1	452.49409960781367	1.6661076647997253	0.48058380228813696	
0FF:0F7	255	247	1	502.0444343275187	1.9414472524633077	0.5904638406004449	
0DF:0FF	223	255	1	653.4999298887967	2.6531650599919687	0.8634088141980082	
0FF:0FE	255	254	1	558.4158865702748	2.254205386710675	0.7301020903960297	
0FF:8FF	255	2303	1	748.2858258097687	3.197023268946875	1.3158117873772217	
8FF:0FF	2303	255	1	2337.5550750251873	9.48324434589387	3.477206968612671	
0FF:0DF	255	223	1	333.03547035546865	1.099729107879278	0.26026539483275857	
0FF:0EF	255	239	1	441.4587018267741	1.6268828644374376	0.45681418201315716	
07F:0FF	127	255	1	1235.0784894268686	5.006643565660017	1.6112546712564253	
0FB:0FF	251	255	1	574.7565781715931	2.333926807695729	0.7622422313911009	
0FE:0FF	254	255	1	568.4931820384303	2.3085226186329146	0.7540079129308229	
0FF:4FF	255	1279	1	1188.4493668586	6.827215945713838	3.3126761436055636	
1FF:0FF	511	255	1	833.4109685746485	3.383872347755301	1.082188211679679	
0EF:0FF	239	255	1	602.3684663384558	2.445906313796788	0.7985166184900842	
0FF:0BF	255	191	1	193.19978006803345	0.5405983500154248	0.08770738471565301	
4FF:0FF	1279	255	1	895.9858999662976	3.641374447214181	1.3528993687564432	
0FD:0FF	253	255	1	570.8044524361883	2.317895963280403	0.7570839905677993	
0FF:0FB	255	251	1	535.8748470792515	2.128015742561668	0.6724989990460178	
0FF:07F	255	127	1	595.3758760626993	2.5974144123032312	0.831027109202782	
0BF:0FF	191	255	1	778.850944488337	3.1610767160894984	1.0289987967581606	
0BF:1FF	191	511	1	621.8099932119143	2.2891095799441383	0.6581992990361739	
0FF:1FB	255	507	1	428.9216561885414	1.5460434467187176	0.43188530597394986	
0FF:0FD	255	253	1	550.2248760568776	2.2078793532731	0.7088975947077919	
2FF:1FF	767	511	1	1178.3320526918737	4.336340648074397	1.2703773676599501	
0FF:3FF	255	1023	1	814.6236453997783	3.8873720680183923	1.5570980533713144	
07F:1FF	127	511	1	984.4498426011306	3.6225601777054113	1.0296610036111846	
2FF:0FF	767	255	1	1475.810533072182	5.9835659786275555	1.9820461097731792	
0FF:5FF	255	1535	1	1634.8219226879878	11.323508737758747	6.26523156994227	
0FF:2FF	255	767	1	792.9897162103271	3.801908371303041	1.4746641451490103	
0F7:1FF	247	511	1	465.66792993428265	1.71459393811174	0.49434321624355376	
07F:0FE	127	254	1	1216.088299363134	4.9008858302340865	1.562492878083613	
0FF:1F7	255	503	1	406.23797424258163	1.4271058665162075	0.3874838911398847	
4FF:1FF	1279	511	1	726.8894251963422	2.6780720134712896	0.8921156099949319	
0FF:1FD	255	509	1	441.9142138220268	1.6118261101102758	0.4584069269974868	
0FF:1DF	255	479	1	314.19500355784396	1.0033820812462424	0.2319395308370577	
0DF:4FF	223	1279	1	1374.2337504557704	7.8934149646892005	3.8264428060450597	
1FF:1FF	511	511	1	664.1269330106195	2.4416870498976646	0.6856128877901642	
0DF:1FF	223	511	1	521.6159836695584	1.9204719006382445	0.5517061347397334	
8FF:1FF	2303	511	1	1889.791753745067	6.962426991177675	2.287908632652537	
0FF:1EF	255	495	1	353.52021215384343	1.1787699214154372	0.2935401020594426	
2DF:0FF	735	255	1	1773.4969318871879	7.187425600447119	2.3906664096406343	
1FF:0FB	511	251	1	786.977269174079	3.1248113531620842	0.9652836955612557	
0FE:1FF	254	511	1	454.01208502004465	1.671694712110379	0.48214035286323637	
0FF:17F	255	383	1	148.7081958444063	0.37083449364331633	0.052026238749357356	
0DE:0FF	222	255	1	655.5111943369419	2.661321196053071	0.8653201448452554	
0FF:9FF	255	2559	1	696.6494178223346	2.8792369431278355	1.1411669615138467	
0DD:0FF	221	255	1	658.9721713231432	2.67535110496492	0.8704735579020697	
0FB:1FF	251	511	1	458.9699989939958	1.689942271275371	0.48732341071827995	
1FE:0FF	510	255	1	836.4763698427764	3.3963110771494	1.085934039323637	
0EF:1FF	239	511	1	481.0176337740581	1.7710853241994169	0.5105667444799598	
0FF:0FC	255	252	1	542.1684998604801	2.1625995839571592	0.68834493363202	
0EF:8FF	239	2303	1	795.5189868966208	3.3987757111907277	1.3982092414085527	
0FF:0D7	255	215	1	281.76716812840533	0.8827297736698518	0.18638808016648	
0DF:2FF	223	767	1	915.5638261681668	4.389050925691334	1.698156593773482	
0B7:0FF	183	255	1	808.9990201439315	3.2832329220452983	1.0672610055526253	
1FD:0FF	509	255	1	839.6003981475901	3.4089858228585377	1.089367326907109	
0DF:8FF	223	2303	1	863.6712987950556	3.6908443910045317	1.5155658968476626	
0FD:1FF	253	511	1	455.52434834275084	1.6772596655676095	0.48340356849343513	
07E:0FF	126	255	1	1238.851602594425	5.021942031183702	1.610274076547818	
CFF:0FF	3327	255	1	1803.6886873270728	7.335851408526991	2.9401947697512187	
07F:4FF	127	1279	1	2610.6199554219224	15.008693376523873	7.2627997505831114	
0FE:0F7	254	247	1	503.4622541835705	1.946925747094156	0.591747650357439	
0FF:0E7	255	231	1	381.0752944292846	1.330120630315916	0.34058931943079496	
17F:0FF	383	255	1	1632.663168515794	6.62659720405819	2.1159082250686962	
07F:0FD	127	253	1	1195.4810332795894	4.7894462714527135	1.5103865405423715	
4FF:0EF	1279	239	1	681.4108887534188	2.5124933082427603	0.7829010056088449	
0BF:0FD	191	253	1	755.5983318078568	3.0304931359064886	0.9687183729260427	
09F:0FF	159	255	1	934.5771387336549	3.791737791824845	1.2271554390473436	
0DF:0FE	223	254	1	643.5344586866403	2.5972842305647177	0.8373599096603244	
0FE:4FF	254	1279	1	1192.5950130818485	6.851015288895238	3.3242901708960395	
1FB:0FF	507	255	1	845.5449915886791	3.4331087181300823	1.0962311472655282	
03F:0FF	63	255	1	2685.636123641431	10.842602542644878	3.4057070737023336	
4FF:0F7	1279	247	1	801.120386740818	3.1000725189680742	1.081901712859486	
8FF:8FF	2303	2303	1	2963.083951046166	12.247324126177883	5.2087553497119	
8FF:0F7	2303	247	1	2023.1262229053505	7.818181070338076	2.6073818910972375	
0FF:0F3	255	243	1	466.9279825987011	1.7646748978904088	0.5109007625070056	
0FB:07F	251	127	1	560.9386999840822	2.447177767264485	0.7270589901202696	
0FE:8FF	254	2303	1	750.1715071684837	3.2050736424373714	1.317878347248629	
1FF:0F7	511	247	1	734.4174356629559	2.839771056329785	0.8409628967728001	
1FF:0DF	511	223	1	473.3880517933182	1.563121237123453	0.35004583358887553	
0EF:0F7	239	247	1	531.9683296882527	2.0570570454311805	0.6232033118195325	
0FE:0FD	254	253	1	550.8790017198731	2.210501970456239	0.7081239635149146	
0FE:0FB	254	251	1	536.1478101700973	2.1290991964871133	0.6708544293819232	
0FF:0BB	255	187	1	15.795904548993535	0.04290495771132457	5.864290048380867E-4	
2FF:4FF	767	1279	1	3111.6436797041647	17.89042399480821	8.883969871286762	
8F7:0FF	2295	255	1	2382.5046573687273	9.665870728037149	3.4857676771604007	
077:0FF	119	255	1	1303.7755264972918	5.284392059684316	1.6929703098582412	
4FF:0DF	1279	223	1	527.1649425157251	1.7413671604423344	0.4688520478275611	
8BF:0FF	2239	255	1	3589.463554039645	14.598326552897044	5.723166508717056	
07F:0DF	127	223	1	700.3529164848089	2.311913420224312	0.5213730404166491	
0DF:0FD	223	253	1	631.1146135540184	2.53198655782538	0.8054358505696683	
8FF:0EF	2303	239	1	1404.8599417667874	5.176040818204774	1.2589756525850486	
0BF:0DF	191	223	1	448.6466706930847	1.4813058611700958	0.34259888978123265	
0F7:3FF	247	1023	1	837.3639471321306	3.9958242838572366	1.597950551298715	
0DF:0F7	223	247	1	577.760223793371	2.2338988224381033	0.6753894322560938	
0FE:0DF	254	223	1	321.3781404404398	1.0612399390335405	0.24153000173299316	
0FF:0F9	255	249	1	511.80927298744604	2.008093269528085	0.6135585805459149	
0FF:077	255	119	1	133.3768937620011	0.3924246557155941	0.04180048510367126	
0FF:8FE	255	2302	1	745.7188082124196	3.1829481500568986	1.306802521843126	
07F:0FB	127	251	1	1161.7917809174023	4.60684343431902	1.4271235670072029	
0FF:CFF	255	3327	1	1363.8596079233796	8.09964742091543	4.371725888858517	
8FF:0DF	2303	223	1	1017.1946993526732	3.360057582622607	0.6626194405625836	
0BF:0FE	191	254	1	765.3845123616242	3.088136333545634	0.9938556228044038	
07F:0EF	127	239	1	940.9290056340044	3.464770701499842	0.9385921777477394	
0FB:8FF	251	2303	1	757.8589350805237	3.237906741221208	1.3302837855756176	
0FF:6FF	255	1791	1	1739.4884175078175	12.347245183504878	7.095371878113001	
4FF:0FE	1279	254	1	881.4074413584483	3.5608808606145494	1.3092755425306428	
0EF:0FE	239	254	1	592.7066301658881	2.3924602274605062	0.7731752639295779	
4FF:8FF	1279	2303	1	1144.9698092080641	4.893826710797386	2.2139794680628504	
0FD:0FB	253	251	1	536.7582202378785	2.1315198521819934	0.6696728938718755	
0BF:8FF	191	2303	1	1022.9385492301323	4.37142247296065	1.7855512713443533	
0FF:2DF	255	735	1	585.3103405393817	2.5079159093939976	0.8040294355585728	
0EB:0FF	235	255	1	608.8812999947738	2.4723211165650243	0.8034014626241276	
07F:0F7	127	247	1	1055.8121209708902	4.078311611639045	1.1799473022661433	
0FF:4BF	255	1215	1	981.7729710684936	5.116644151987104	2.2627831313388422	
0FF:0DE	255	222	1	310.38153183295435	1.0188118004029094	0.2260791763818471	
0ED:0FF	237	255	1	605.0775379771293	2.4568932211774954	0.7992919039386613	
0EF:4FF	239	1279	1	1263.2405197637665	7.2565164277250105	3.518633624138797	
0FE:0BF	254	191	1	112.39373699100094	0.31446598774003537	0.02958143556607407	
0D9:0FF	217	255	1	620.1452065404636	2.517957733661268	0.758250472126743	
0FF:1DB	255	475	1	271.953875867066	0.8502901984062616	0.17377954098340964	
0E7:0FF	231	255	1	619.5368305841369	2.5155281885654657	0.8176380286093813	
17F:1FF	383	511	1	1285.3896026988186	4.709304881923364	1.2934302642059339	
27F:0FF	639	255	1	6463.008659341079	26.28165657239425	9.47474922048236	
0EF:0EF	239	239	1	456.2703512343537	1.6812317819459939	0.45855761703796516	
07F:8FF	127	2303	1	1612.1087633081213	6.889001438215171	2.771814836649996	
0BF:4FF	191	1279	1	1636.4206658248042	9.397534306447278	4.555030647914103	
07D:0FF	125	255	1	1248.7424359684214	5.061913715767096	1.6225001545001088	
2FF:8FF	767	2303	1	1838.209694658587	7.854947572943966	3.1023140274426457	
8FF:07F	2303	127	1	2189.1517828000947	9.556702755284698	3.067159103387957	
0FE:0FE	254	254	1	553.0291388918993	2.2324643034574936	0.7135927850366988	
4FF:0FB	1279	251	1	818.4970581911464	3.252715158115231	1.1291111959130393	
0FB:0FB	251	251	1	536.3221160534044	2.129712900526163	0.6638444565508193	
0FD:8FF	253	2303	1	745.1986574312551	3.1837807014617803	1.295193578322784	
0FB:4FF	251	1279	1	1205.4948332719912	6.9250622864001565	3.3593321130908764	
05F:4FF	95	1279	1	3486.57564219112	20.044334248598783	9.645729471510446	
0FB:2FF	251	767	1	747.8587696866346	3.585374777041488	1.2925375706438191	
0DF:0EF	223	239	1	498.0553704266312	1.8352739638619813	0.502253166314279	
0FF:07E	255	126	1	503.0723706851098	2.1074962200150646	0.5934698813758267	
8FD:0FF	2301	255	1	2270.515775645354	9.212355896980299	3.262871934173131	
0F9:0FF	249	255	1	573.7501654629115	2.329845492130903	0.7538187097925322	
8FB:0FF	2299	255	1	2154.3014359366157	8.742329256746071	2.9250273080178935	
0FF:47F	255	1151	1	1117.9310777454557	6.2959415697195675	2.935668729316624	
1BF:0FF	447	255	1	1130.475766172647	4.588831648376873	1.4484629395937538	
0FB:0FE	251	254	1	557.384146709096	2.25004676461267	0.7169331523245293	
2FB:1FF	763	511	1	1163.7737006199875	4.282834312713256	1.2152045764168997	
0DF:07F	223	127	1	674.7971513447997	2.944156193708955	0.9227272886003721	
07F:0BF	127	191	1	45.374519281632026	0.12693257181221165	0.002194733178155937	
0BF:0EF	191	239	1	559.4955199143546	2.0614612591512986	0.5320528467801462	
0BD:1FF	189	511	1	570.2637940271603	2.099366301075803	0.548075489699731	
0FF:4FD	255	1277	1	1182.7521508342948	6.78331531459196	3.2810660093141926	
2FF:3FF	767	1023	1	2032.1353809144691	9.601523039887823	3.6882536367838705	
0FF:87F	255	2175	1	484.24588698776836	1.840790803641004	0.5511965378431404	
0EF:1FB	239	507	1	436.9401175134291	1.57489754512493	0.4213459970339984	
0AF:0FF	175	255	1	719.2792166714287	2.9198336771429774	0.8009750071308853	
07E:1FF	126	511	1	932.7291557466381	3.4324217614118115	0.9182235365865073	
0FD:0EF	253	239	1	397.37598604675276	1.464494871194657	0.36740025738692267	
1FF:3FF	511	1023	1	1192.0888225144913	5.677964137540366	2.2093847901731727	
0FD:0F7	253	247	1	411.40565382647134	1.5911277614225137	0.39361247727965043	
87F:1FF	2175	511	1	1693.8212287879753	6.2374500876974395	1.239350717335043	
1FD:1FF	509	511	1	517.0588549608805	1.9019849569753768	0.4126220796846201	
4DF:8FF	1247	2303	1	1016.9743026587962	4.345343793484028	1.636165280200568	
2FF:0FB	767	251	1	1045.8510093886212	4.150686994306794	0.9973829563970175	
0BF:0FB	191	251	1	710.8812363879938	2.8218743675137525	0.8577168134369999	
8FE:1FF	2302	511	1	1416.6734142087435	5.217757421917929	1.2809364365336635	
2FF:0EF	767	239	1	899.9667141999131	3.314893352150555	0.7395695370532717	
0DF:1FB	223	507	1	307.26019080889387	1.1073359436848855	0.19144438959439972	
1FF:8FF	511	2303	1	1053.6076721441236	4.502051570412116	1.737457267613514	
3FF:0FF	1023	255	1	987.942122261788	4.011595559832578	0.9502796567089196	
06F:0EF	111	239	1	712.8611554565764	2.625495010399196	0.47413346368762727	
0F7:0BF	247	191	1	5.243752195273582	0.01466858522964334	6.276131308379075E-5	
05F:0FF	95	255	1	1518.8666109522583	6.153934031201295	1.810080056962319	
17F:0FE	383	254	1	1288.832167323599	5.202085311165284	1.3194686925785881	
0FF:0FA	255	250	1	342.28194278187846	1.3513791260378512	0.27449176069263037	
2FF:5FF	767	1535	1	4260.020720974254	29.53906859814633	16.64701076796355	
1DF:0FF	479	255	1	903.9449797194284	3.6701906023705195	1.1069111273781653	
07F:5FF	127	1535	1	3597.891730720685	24.946003667074	13.79104318929329	
0FE:1FB	254	507	1	355.557648545476	1.2815407272304857	0.2957224492336993	
0FF:1DD	255	477	1	248.44072826556885	0.7862134987504359	0.14500941831540298	
2EF:1FF	751	511	1	787.6171820384294	2.899026343301113	0.5236932387960012	
8DF:0FF	2271	255	1	1227.1211456030314	4.985514733137516	0.6771472487690723	
0DB:4FF	219	1279	1	1395.517922734643	8.015549252940897	3.8811172296456085	
0BE:0FF	190	255	1	706.8150761601617	2.8692716465602883	0.8437612646278171	
1FF:4FB	511	1275	1	1730.788191469539	9.892537564272539	4.685003643184027	
0FD:2FF	253	767	1	741.4697633735309	3.5547548417885437	1.2794641647191682	
4F7:1FF	1271	511	1	328.5793497714882	1.209760129022642	0.17928290332036895	
4FE:0FF	1278	255	1	814.1651983217623	3.3087587387286392	1.114832056223628	
0F5:0FF	245	255	1	471.85333654707784	1.9164046089253997	0.5024717856844569	
0FE:07F	254	127	1	189.7883215105631	0.827673904289785	0.08410923407063353	
07F:0F6	127	246	1	796.4924639293469	3.0598111865481306	0.67240766314402	
4FF:1FB	1279	507	1	570.387233877349	2.0566802672188254	0.5491139591774805	
0F7:1BF	247	447	1	14.852353159424442	0.03714710476796061	5.038162043108063E-4	
2DD:0FF	733	255	1	640.0119121232175	2.5989564529647167	0.30945738551564156	
9FF:0FF	2559	255	1	875.4830815139948	3.5565294861802355	0.39428272284086174	
09F:2FF	159	767	1	203.68693380053793	0.9756772608727967	0.05844324487975504	
0BB:0FF	187	255	1	761.528509731598	3.0909584509860726	0.9649184337678263	
1F7:0FF	503	255	1	718.9418864133257	2.9196321878498286	0.7799267078509263	
0FF:8FD	255	2301	1	625.1904365258451	2.6657591399582943	0.9180841660642873	
4FF:5FF	1279	1535	1	2364.212221383981	16.218593271849798	9.25206634502661	
1FF:5FF	511	1535	1	2436.335205680541	16.81494694595734	9.204028616750653	
2F7:1FF	759	511	1	131.53299645634686	0.48406376629221626	0.015238565374482874	
07B:0FF	123	255	1	1129.3441279833792	4.579971701552804	1.3093825694950176	
CFF:1FF	3327	511	1	903.6818072662696	3.328062954899451	0.7374131649197476	
4FF:0FD	1279	253	1	309.1493663579301	1.240957736651458	0.1609418440797092	
2DF:1FF	735	511	1	774.7883705412737	2.851761213632613	0.45945834044777467	
8DF:4FF	2271	1279	1	6538.934150760327	37.599008787949195	19.254626016558735	
1FF:1FD	511	509	1	404.38601908413676	1.4739194466009378	0.25469214997803935	
0BF:9FF	191	2559	1	478.91741712724314	1.9777355002326535	0.3907617404048745	
0F3:1FF	243	511	1	390.40783684300965	1.437422544121406	0.3422951618381697	
0FD:0DF	253	223	1	83.25298398519917	0.2748728639994518	0.016148106375221443	
0FA:1FF	250	511	1	365.1202763323073	1.3443127992251722	0.3072875130748156	
0FF:4F7	255	1271	1	1178.0922085225584	6.750186648769234	3.2554663341490233	
2FE:1FF	766	511	1	487.62628473483414	1.7948519653370294	0.21669598589520922	
0EF:1DF	239	479	1	204.8750344506744	0.654162522692861	0.09269828883383756	
0FF:3FD	255	1021	1	736.0610617927343	3.494172810724276	1.2710317751265787	
47F:0FF	1151	255	1	480.7321207703409	1.9531723036416186	0.28177549811300906	
4FD:0FF	1277	255	1	501.5659462112363	2.037941835221507	0.4220666726171958	
8FF:2FF	2303	767	1	1715.21668848172	8.222890534242975	1.8801184043963723	
0FC:1FF	252	511	1	386.89924119882386	1.4245263073251049	0.34744434932691326	
0FF:1ED	255	493	1	108.19524899417611	0.35743335294213097	0.027486050426560764	
2FF:2FF	767	767	1	270.5714488169877	1.295730028145064	0.06663577723972505	
1DF:1FF	479	511	1	136.7468453513553	0.503254336499627	0.025370001408507824	
CEF:0FF	3311	255	1	839.9302620755998	3.413110286292476	0.6275659197067359	
07F:2FF	127	767	1	1350.7333996941347	6.471212051322319	1.936228029925121	
87F:0FE	2175	254	1	1105.3110728326394	4.46368519386234	0.5271054620320565	
4FB:0FF	1275	255	1	640.2340201703809	2.6016593329529787	0.6853258181725994	
07F:0FC	127	252	1	252.18142777226404	1.005941655476015	0.06754567445697685	
079:0FF	121	255	1	699.1994579477779	2.838550228201796	0.4953894825089307	
0DF:0FC	223	252	1	345.99932180634727	1.380372490284825	0.2422913969524672	
8FF:1FD	2303	509	1	683.1663846851457	2.4913225562134205	0.2985550700860217	
05F:0FE	95	254	1	918.2100652644631	3.7044937198763708	0.6640206216070773	
0BF:0EE	191	238	1	67.13901817847575	0.24584675609017442	0.007672826340292218	
1F7:1FF	503	511	1	132.54655147452095	0.487804112401638	0.02654230467777667	
06F:8FF	111	2303	1	536.007872006406	2.2877399659012427	0.26917937407222303	
0DF:3FF	223	1023	1	853.1325086253972	4.070489470659714	1.4750919349740623	
0FF:4FB	255	1275	1	1170.152234681292	6.683463366882832	3.211619644362809	
07F:1FE	127	510	1	97.12399953087535	0.35546985922123275	0.010036966821703963	
8FF:8F7	2303	2295	1	311.42550016176216	1.3173539512384524	0.061458940419055176	
0FF:9DF	255	2527	1	122.05456054495208	0.4980767183382403	0.03493813067895243	
27F:1FF	639	511	1	80.20900506851747	0.2951574857710728	0.0014562053698462505	
4FB:1FF	1275	511	1	370.16563795996575	1.3629724798110403	0.22933318212642764	
0FF:7FF	255	2047	1	2143.994079958589	17.429323940836756	10.775779284915423	
07F:1FB	127	507	1	20.482189367384585	0.07378464093819942	4.4648319821722216E-4	
07F:1F7	127	503	1	312.59867446852917	1.0977570077147623	0.10398119845305058	
1FB:1FF	507	511	1	251.90591023356453	0.927064950342951	0.09735992468592405	
2FF:CFF	767	3327	1	2638.814378201335	15.659049503293376	6.3812408861330585	
CFF:0FE	3327	254	1	138.6886045764695	0.5598832646627552	0.017332177913179498	
0FF:1EB	255	491	1	18.731783298202675	0.06115850173454232	8.23803959909193E-4	
0FF:1FC	255	508	1	88.78928368033694	0.32193045919856383	0.018497444488812267	
1FE:0FD	510	253	1	151.06184177251157	0.6062237225078271	0.035468801777739284	
47F:4FF	1151	1279	1	2369.127449975273	13.430270102678211	6.6603588835246885	
2FB:8FF	763	2303	1	108.86888308664248	0.46447695714684684	0.010637596979294893	
2DF:4FF	735	1279	1	2769.60342979039	15.912256441642587	5.877327880499674	
2FF:9FF	767	2559	1	245.59440062682776	1.0136085309368017	0.05523171669874107	
0F6:1FF	246	511	1	148.10024241259228	0.5451353332625276	0.04980602827959143	
8FF:1FB	2303	507	1	45.15671768169421	0.16267289916384758	0.0013034670802679169	
6FF:1FF	1791	511	1	84.78079460612567	0.3120106544984685	0.009620279669964864	
0CF:8FF	207	2303	1	20.152805574488426	0.08597458575507408	7.668877301241032E-4	
0FF:8F3	255	2291	1	147.78062026700442	0.62336110750259	0.05120535802030228	
0DB:0FE	219	254	1	89.22947275789193	0.36022698872006126	0.015859544306379654	
0F7:2FF	247	767	1	98.18494820871275	0.4702927348726896	0.021921210160207583	
077:0FB	119	251	1	69.39517515393888	0.2755604696927437	0.004829711761804127	
47F:1FF	1151	511	1	44.19895558631448	0.16265152725532922	0.002381174234378666	
0BF:1DF	191	479	1	45.86819842908807	0.14641282636140143	0.003585387150343395	
5FF:1FF	1535	511	1	92.52023356368625	0.34050399630489037	0.014538232433416131	
0FF:8E7	255	2279	1	21.38577214498744	0.08497700954179105	0.001072332540867614	
13F:0FF	319	255	1	249.94070474227956	1.0149970867883888	0.025462449266924873	
07E:0FB	126	251	1	37.638399310802164	0.14945429917170178	0.0014963144916338117	
06F:0FF	111	255	1	30.743051104829053	0.12483674244105396	8.848367626360604E-4	
0DE:2FF	222	767	1	51.33127179724628	0.24584244315757778	0.005308898644466302	
9BF:0FF	2495	255	1	32.9883738320062	0.13395270142089863	5.23532105334715E-4	
0BF:0F7	191	247	1	63.81933898647065	0.2467776587775614	0.006929860133922426	
0FF:2FD	255	765	1	70.745610378383	0.3367834254185355	0.011717260366784473	
0EF:1F7	239	503	1	16.473028058742006	0.05783712660368349	5.987164315774199E-4	
2FF:07F	767	127	1	47.48955017066502	0.20703427567425176	0.002063138457595184	
0FB:6FF	251	1791	1	1739.3662449813985	12.345840026585948	6.9916268682347695	
1FB:07F	507	127	1	40.275913010299305	0.17558909305540324	0.0024900512684764746	
03F:4FF	63	1279	1	5040.7521476090915	28.969633949184434	12.254386747077842	
0EF:3FF	239	1023	1	98.25889337099943	0.4683540460691505	0.021253661535681027	
8BF:2FF	2239	767	1	251.0874665860768	1.2025531132117953	0.027881128824475975	
0FD:1F7	253	503	1	45.729479163388085	0.16056770523251254	0.004870875076741585	
09B:0FF	155	255	1	113.6793603132144	0.4616574341259187	0.017818968044181326	
1BF:0FE	447	254	1	122.52979437630938	0.4946481729305176	0.017055786700722463	
1FE:8FF	510	2303	1	45.30019939011967	0.19326299154748058	0.0031893752357463937	
1DE:0FF	478	255	1	49.333931135818894	0.20033489926491163	0.0032887411664731855	
0FF:2DD	255	733	1	16.390576180828145	0.06977342062260788	6.295044193533312E-4	
0DF:4FD	223	1277	1	1118.987695731707	6.41544598185487	2.535403913406996	
0EF:0FC	239	252	1	27.041252743333313	0.10785693460236934	0.001611674731090817	
16F:0FF	367	255	1	39.522612635209406	0.16048749088668776	0.001113006257741581	
87F:0FF	2175	255	1	55.34040254644492	0.224717212812941	0.0013200791239374606	
0EF:9FF	239	2559	1	73.00752111184175	0.3012948512205636	0.011749123349038965	
0EB:07F	235	127	1	47.061650655893104	0.20518045413739944	0.004804220572448403	
0BE:0F7	190	247	1	38.14809047880483	0.14750632169707872	0.0024648592667302085	
07F:8DF	127	2271	1	18.274305748656193	0.07269059137635085	3.5517072669053514E-4	
07A:0FF	122	255	1	48.75506861531918	0.1979808512265199	0.002437884181322219	
0FF:0BE	255	190	1	3.113651756397739	0.008643120580504092	2.2783279212242586E-5	
2BF:0FF	703	255	1	230.85245814501656	0.9374786042128703	0.03284241736215108	
4FF:1DF	1279	479	1	11.079074486440977	0.03536278240137745	2.0695191443978795E-4	
17F:1EF	383	495	1	14.045984346706664	0.04680904542807328	1.5725031802398437E-4	
07F:8FB	127	2299	1	49.74724017864114	0.21149595247488934	0.002630779831147011	
06F:0F7	111	247	1	40.168326092176336	0.15531399667692578	0.0015111135005838553	
0D7:8FF	215	2303	1	86.87645334082573	0.37067549803414107	0.014787894724132564	
CFF:2FF	3327	767	1	182.29814145098285	0.8731410671874104	0.029903048529369407	
07F:1DF	127	479	1	11.837548444642776	0.0377834875452765	1.4926038748290637E-4	
0FF:3F7	255	1015	1	76.13594246147466	0.35703114412094467	0.013573597038961101	
03F:0FB	63	251	1	15.244458264080134	0.060530783897169815	1.1192162491654705E-4	
076:0FF	118	255	1	29.386894431993642	0.11932992907220306	8.600037372219531E-4	
03F:0EF	63	239	1	22.07808979236002	0.08134441266980573	2.3489101229100286E-4	
2EF:5FF	751	1535	1	4466.835531488077	30.969143487521148	16.876781056380253	
07B:1FF	123	511	1	23.60358758361214	0.08685826344828704	5.758969566597379E-4	
0BF:09F	191	159	1	1.0723988562003794	0.002256237843431485	1.9640469509789105E-6	
87E:1FF	2174	511	1	18.577226956915556	0.06836080482081006	1.4880071601224544E-4	
03F:0F7	63	247	1	30.54972088557834	0.11812041982478284	4.49535833394819E-4	
0DD:2FF	221	767	1	98.6231441880008	0.4723801256490162	0.019509557195393455	
07F:CFF	127	3327	1	2010.7998425959422	11.929023443511856	4.301665321458268	
0FA:1FB	250	507	1	23.522044779267862	0.08473802939722849	0.0012750040095375105	
1DF:0F7	479	247	1	95.0652418037159	0.36760635674542785	0.012268273222341001	
4BB:0FF	1211	255	1	71.33563967164382	0.2896905257805968	0.007416455269063772	
6FF:8FF	1791	2303	1	19.705793231171747	0.08406658900991082	5.190336077896183E-4	
0AF:0FB	175	251	1	20.026665149269917	0.07952118615257228	6.227710288075882E-4	
0DF:87F	223	2175	1	16.931368618876345	0.06429139390758536	5.810066744337885E-4	
0FB:5FF	251	1535	1	1635.8982754658148	11.330535092468114	6.182696292842924	
0EC:0FF	236	255	1	27.813805946333584	0.11294555194915297	0.0016850328759230497	
0FF:2EF	255	751	1	39.0302318630607	0.17758640227842568	0.0035676487481106937	
07A:1FF	122	511	1	26.11359197359969	0.09609498599204115	7.000564761549978E-4	
0DF:8F7	223	2295	1	25.904013172873714	0.10959991382252413	0.001358844279599382	
03F:0FD	63	253	1	32.33227224913465	0.12972938837806705	5.033534473110699E-4	
03F:0FE	63	254	1	39.39073680507098	0.15900261912696304	7.470388691755662E-4	
0FD:8F7	253	2295	1	36.023647594771624	0.15242078525341007	0.0030185440709655682	
8FF:0FD	2303	253	1	23.966395785348915	0.09616235005340108	3.6682933947325945E-4	
07F:0DB	127	219	1	11.005042187172329	0.035423592523026265	1.2899423282405008E-4	
4FF:17F	1279	383	1	1.3289808194914237	0.0033130166875901634	2.981896958338272E-6	
0CF:0FF	207	255	1	37.617126391369396	0.1527559456837133	0.0026725584860595995	
07F:0DE	127	222	1	10.308133410312655	0.0338255374532467	1.1315980997465746E-4	
0DF:CFF	223	3327	1	1025.981154688415	6.086244485438061	2.133031708843279	
2BF:1FF	703	511	1	27.137875055646198	0.09986326556278442	4.546078648247274E-4	
09E:0FF	158	255	1	36.091145526205494	0.1465564427163848	0.0018273381499862595	
0DD:8FF	221	2303	1	62.74401119332186	0.267697879522253	0.007905418711980533	
1EE:0FF	494	255	1	32.787147596482995	0.13313957214177086	0.0015633400849501768	
23F:0FF	575	255	1	57.92206632560891	0.23519738290915107	6.342116515637725E-4	
0BF:0BF	191	191	1	6.758510498500372	0.018905875983455313	7.789753342193603E-5	
27F:4FF	639	1279	1	4323.274785247438	24.81028304962717	4.221286953037085	
87F:8FF	2175	2303	1	34.82870450190852	0.1485798991795144	5.220052036640813E-4	
8BF:07F	2239	127	1	26.1883482269968	0.11416660862434459	3.035036965922905E-4	
27F:2FF	639	767	1	88.86536515882364	0.4255620365367754	0.0017742172256834034	
1EF:0FF	495	255	1	46.48451362055228	0.1887642364023742	0.0031551634787106756	
0FF:0B7	255	183	1	2.091838721178163	0.005484364585336867	1.0286477668755044E-5	
09F:0FE	159	254	1	32.62617059133547	0.13170052378971706	0.0015013922155309716	
0F7:0FB	247	251	1	35.73620199528821	0.14190664208404147	0.00290785556081353	
3FF:4FF	1023	1279	1	1973.5646299930634	11.336552875132748	3.8020678751613284	
09F:0DF	159	223	1	9.451568534824359	0.031201121170439293	1.2619626949976836E-4	
0CD:0FF	205	255	1	24.979801041412298	0.10143598803420256	0.0011679145213445016	
4DF:2FF	1247	767	1	99.85669881235225	0.4782736849923991	0.015712702802204406	
0FE:0DB	254	219	1	9.679246258940156	0.03115638540903123	2.192135984093635E-4	
07E:0FE	126	254	1	94.64311111329502	0.38205621885576985	0.009456745005671025	
1FD:0DF	509	223	1	11.822328751871458	0.03902756954092111	2.1668048263793108E-4	
4EF:0FF	1263	255	1	26.809216605936577	0.10886456423685745	0.001172354726063659	
0AF:1FF	175	511	1	18.248257015794913	0.06715158437149503	5.17411369804534E-4	
07F:4F7	127	1271	1	1561.5804496707956	8.944155177005126	2.592922034439619	
0F7:1FD	247	509	1	28.205282278877643	0.1028186379767157	0.0018127907456950369	
27F:0FE	639	254	1	42.54215299413592	0.17172211581380661	4.093528613235935E-4	
8FF:CFF	2303	3327	1	2638.423079967984	15.44263172520506	4.241189721295701	
8ED:0FF	2285	255	1	50.115392708742505	0.2035002255343718	0.0011643356353255579	
0DB:2FF	219	767	1	72.82632923223466	0.3488029390367481	0.010552634175852334	
1FB:0F7	507	247	1	24.44462263918939	0.09451718612509218	9.180841209874738E-4	
0FF:5EF	255	1519	1	1552.7662098837602	10.546042941343712	5.653079259915263	
0EF:0F9	239	249	1	35.82030443676872	0.14053022877728555	0.002828341802951043	
1B7:0FF	439	255	1	52.268484570242116	0.21224949432834167	0.0029511820066127218	
07F:4FB	127	1275	1	2159.963484013787	12.34054512542212	4.96731462755547	
27E:0FF	638	255	1	28.22915480264572	0.11462631492967747	1.7980991589560094E-4	
0EE:1FF	238	511	1	29.298442665557708	0.10781879523990616	0.001886368438728266	
0FE:0FC	254	252	1	29.457002042605016	0.11749340240684839	0.0020270782624815906	
07F:2FE	127	766	1	60.92329520398918	0.29088442422298444	0.003940975474019834	
07F:4FD	127	1277	1	1701.5423198603387	9.756759723211568	3.0794310787216137	
0DF:07E	223	126	1	15.977075779273315	0.06688727808515181	5.169329951175918E-4	
0BF:1EF	191	495	1	13.57543293625879	0.04524146156617317	3.139669093504545E-4	
0FF:2BF	255	703	1	8.460146724892464	0.032860566450421125	1.6783466471671164E-4	
8DF:1FF	2271	511	1	26.126902509528147	0.09614259106669112	3.068651198568353E-4	
09F:0BF	159	191	1	1.485765206598031	0.004156157755461881	3.121720515241677E-6	
0DF:0BF	223	191	1	2.9944848991455784	0.008376559576728133	1.8208715844436468E-5	
0EE:0DF	238	223	1	9.851538022143133	0.03252175099289905	2.1343016300286253E-4	
07F:9FF	127	2559	1	50.56978591840399	0.208674234188196	0.0027191813553939063	
0BF:0F5	191	245	1	19.24078932696426	0.07348732621458945	6.300436846873092E-4	
0E7:1FF	231	511	1	30.61454408276051	0.11266217113723388	0.0020012734934435426	
4BF:8FF	1215	2303	1	55.549327073146955	0.2369911873056615	0.004528138909392461	
07F:8EF	127	2287	1	32.56648040238426	0.13009002429163546	0.001127964952309021	
07D:1FF	125	511	1	31.359014918111463	0.11539819232426267	0.001030883210463317	
2F7:0FF	759	255	1	45.35573675122773	0.1841756049472682	0.0018104758010151329	
06F:0DF	111	223	1	10.191413981396423	0.03364334669847644	9.740057376720489E-5	
0F9:0FB	249	251	1	22.695011471842424	0.09011835688141609	0.0011811196142887713	
8FE:8FF	2302	2303	1	56.903769477124726	0.2427557713963491	0.0020577376228354013	
0CF:1FF	207	511	1	30.412475957998712	0.11191770068214323	0.0017484193217007107	
8EF:0FE	2287	254	1	44.34997660811665	0.17902138795328412	9.142103369645484E-4	
07B:4FF	123	1279	1	1830.8448769308634	10.516380215550658	3.4638500484730153	
0E7:0FE	231	254	1	38.26324110411556	0.15446050215175677	0.003123570422654596	
8DF:07F	2271	127	1	32.21112000313664	0.14042294025364532	4.6579496137900544E-4	
4F7:0FE	1271	254	1	32.27275889209554	0.13027513214320477	0.0017265100792466233	
07F:DFF	127	3583	1	2340.4695189343674	15.6401872466103	5.823123671264239	
2FF:1DF	767	479	1	6.431316284122232	0.020527557062205156	3.792864418758019E-5	
8BF:1FF	2239	511	1	13.816036044485845	0.05084039551673036	8.4586459215725E-5	
ABF:0FF	2751	255	1	8.869974972444707	0.036017012805494984	3.274512564175626E-5	
07F:05F	127	95	1	5.703313419148779	0.022502256355942576	3.459381906144639E-5	
2FF:2FB	767	763	1	17.38935282597583	0.08230332591416831	2.7636241231463496E-4	
0FB:6FB	251	1787	1	182.08254491409957	1.2822016594466166	0.07619097122073382	
1FF:57F	511	1407	1	104.40530241565457	0.7028789713025572	0.016922869307217696	
2F9:1FF	761	511	1	4.779282177252641	0.01758681999416589	2.0315302465721958E-5	
2FF:5BF	767	1471	1	35.14732677141129	0.21663242720595455	0.0011261494536913593	
0FB:2EF	251	751	1	7.7815667988331585	0.035403360593357254	1.3976298989124008E-4	
8CF:0FF	2255	255	1	5.145307520975188	0.020892770203875803	1.1808367432432732E-5	
17F:0FC	383	252	1	4.735953713316475	0.018888858169205065	1.7856894612971827E-5	
1FF:47F	511	1151	1	15.820102064402716	0.08886485877758066	3.8939776585407524E-4	
1BF:4FB	447	1275	1	12.979985358764036	0.07399014577390808	1.9081770276048053E-4	
4FB:2FF	1275	767	1	6.0238243841096315	0.028847475115652776	6.052393447789174E-5	
0E3:1FF	227	511	1	2.6531499488564347	0.009763083103633772	1.4608441186537646E-5	
0FD:0F3	253	243	1	1.4739851917044378	0.005569505734189429	5.057535695463596E-6	
8FF:27F	2303	639	1	2.1915677538149665	0.00856435068028986	3.068144097389558E-6	
077:4FF	119	1279	1	2.499479313768842	0.01433002461109937	6.2457145550974085E-6	
2FF:8EF	767	2287	1	2.1146369719534692	0.008446850978957164	4.093971279236853E-6	

