BMLVN	12	x2
metabolism	0.9970000
mutations	0.0000100
catastrofic	0.0010000
minWeight	0.1
start biomas	2.0	_
env.size	25000.0
feedSourceH	0FF
0C7
0B5
023
011
feed port max	50000.0
timeQuant	0.01

key	suscepBits	activeBits	maxsize	popBiomas	currincome	currloss
9FF:FFB	2559	4091	1	1823.9617311013415	7.8360224756475265	2.794962965896088	
555:000	1365	0	1	10337.735583191541	107.67823791503906	201.8642797289431	
777:000	1911	0	1	10425.315973300909	368.4901123046875	265.7568267661697	
027:0FC	39	252	1	3741.329959407559	13.9002202024418	5.047940360464115	
00F:000	15	0	1	16988.827281678026	452.5566101074219	244.19566118661817	
F3F:7FF	3903	2047	1	814.6411736779605	3.700468240426158	1.4352120185807602	
0E7:0FE	231	254	1	1047.9959364871363	3.9855337185103714	1.4807987568245649	
FFF:000	4095	0	1	8628.304149784155	239.9602508544922	174.41176668144226	
0FF:000	255	0	1	9746.201082007106	322.60516357421875	134.9905782841613	
067:0FE	103	254	1	3290.8646219017155	12.345599403687599	5.970254651163091	
03F:00E	63	14	1	1724.15574623869	9.018220077094476	1.8076744254001471	
FEB:FFB	4075	4091	1	713.4732805646386	3.0834292469770705	1.1884187515503593	
027:0EC	39	236	1	5040.33232118154	18.77572157001137	9.081582838874803	
0AF:7F6	175	2038	1	1577.9090016272878	7.139728157650523	2.2568567272096343	
0E7:0EE	231	238	1	1045.8140363333778	4.016575404231189	1.4734402728673224	
0AF:7FF	175	2047	1	1666.200579116359	7.574331713150174	2.5167844273203115	
0AF:0FE	175	254	1	1948.0720781241218	7.361172548648305	3.3663203233378147	
7FF:7FB	2047	2043	1	660.4611847529168	2.9838271337023845	1.217527384064542	
8AF:7FE	2223	2046	1	2334.2004446863843	10.60041326528844	4.079535224813298	
3FD:7FD	1021	2045	1	1326.7493863770785	6.00681932232137	2.748262256679214	
0AF:5FC	175	1532	1	1290.4228473822088	5.300706364929893	1.5060694781995865	
22F:0FE	559	254	1	2114.963346526555	8.07702097748593	3.0836256029227243	
2FF:7FF	767	2047	1	1090.8415604808542	4.950722661099424	1.5688044806892807	
004:00E	4	14	1	6519.525106010186	32.92247915279373	9.016338616490573	
8EF:7FA	2287	2042	1	2586.739576178608	11.692563197192998	5.359728130514536	
02F:7FE	47	2046	1	2830.163502280963	12.855777738856808	5.6154624328721745	
067:0FC	103	252	1	2188.60768098509	8.130364024364058	2.6734910908244394	
1E7:0FE	487	254	1	1099.7085786509788	4.189892735903443	1.3919958266969163	
0E7:0DE	231	222	1	269.0700553148531	0.7920302924066548	0.09843390685820277	
0BF:5FE	191	1534	1	1341.2500279596118	5.521025184158619	1.685152367924643	
067:0FA	103	250	1	2076.3554185327725	7.554570850415683	2.4111094311405856	
2FF:7FD	767	2045	1	1446.827529912257	6.551656662513688	2.7580472777501055	
0E7:7FC	231	2044	1	1361.8798927244022	6.171578908630408	2.522835019581202	
0ED:7FC	237	2044	1	1178.5446407680445	5.340594579695484	1.959640380950954	
02F:7FD	47	2045	1	2081.0332715073973	10.496389495736244	3.745603424746804	
AFF:7FD	2815	2045	1	1453.825220415492	6.594659451811863	2.369858601317712	
0ED:7FE	237	2046	1	660.3782079834843	2.996042526708246	0.6147852378105431	
37D:7FF	893	2047	1	1826.00562847595	8.262655173719917	3.6950406413096943	
8E7:0FE	2279	254	1	1749.5244786790736	6.6806256472297445	2.34343719999765	
FFF:FF3	4095	4083	1	748.083468226398	3.219715709235343	1.3177275410060236	
02F:7FF	47	2047	1	3476.8916380585247	15.82011943746207	8.482689809348015	
1FF:7FF	511	2047	1	1622.1940498390886	7.361026359241619	3.2769265998574935	
DFF:FF7	3583	4087	1	1017.7256629095393	4.395848056558886	1.9256787420112123	
FE7:FFB	4071	4091	1	743.4652714421387	3.212762094403625	1.2880622312793912	
FFF:FE7	4095	4071	1	795.8483248273031	3.401038158098933	1.4913376232417577	
DDF:FFF	3551	4095	1	922.6743214197721	3.995000993443689	1.5566354520222492	
0E7:1FE	231	510	1	305.0482347245983	0.982883292031558	0.1265620558312799	
0A7:7FE	167	2046	1	1959.0761718974813	8.896081448725418	3.255227381623197	
22F:00E	559	14	1	2193.566664655401	11.50172582412812	3.307987213301308	
8EE:7FE	2286	2046	1	2237.944287464112	10.163718523056389	4.008174609911262	
EBF:FFF	3775	4095	1	1038.9596816547075	4.496051854251575	2.1772489594705875	
FFB:FF7	4091	4087	1	806.9039371838882	3.4885452190835555	1.53032718127552	
AFF:FFF	2815	4095	1	1254.7528797244172	5.424373055508073	1.7471874564792302	
27D:7FF	637	2047	1	2765.128525498837	12.472733352728987	5.901682137860134	
37D:7FD	893	2045	1	1857.319705961899	8.390253997153689	3.822379756800487	
FBF:FBE	4031	4030	1	739.8565846439573	3.058397869390781	1.2528874327364568	
3ED:7FF	1005	2047	1	1046.4804877622034	4.748581709362498	1.6647932836725352	
7BD:7FF	1981	2047	1	664.9430568043923	3.0187900554938363	1.1324026470543995	
1FF:7EE	511	2030	1	1317.58072232688	5.864690386619279	2.163183253214999	
0E7:0FB	231	251	1	1062.6912713982508	3.9166822314718805	1.5230425437521344	
0AF:7FE	175	2046	1	2066.0197407064447	9.383693976484981	3.872396273489107	
0AF:7FC	175	2044	1	1928.3203617168838	8.743872959271853	3.372615915110588	
067:0EC	103	236	1	2744.361598066579	10.241232694005646	4.171456208918562	
1AF:7FE	431	2046	1	1871.097143518716	8.475143835441257	3.2111789249575713	
007:00E	7	14	1	3084.9979427062553	15.996395436481265	3.043673984566445	
03F:02E	63	46	1	1547.1216335676854	6.04835223869531	1.4303958875541702	
DFF:FBF	3583	4031	1	930.5911037168145	3.8466032799564	1.6113881931781366	
00F:00E	15	14	1	1369.4580689943334	7.140011119438622	1.5748955717750024	
1BF:7FE	447	2046	1	2128.9471272839705	9.637824808120092	4.388980400349495	
FFF:FEE	4095	4078	1	795.8602441051142	3.4154407314678203	1.4913145833781556	
0C7:0FE	199	254	1	1525.5749894974974	5.782120389658055	2.210979959108922	
FFF:7FB	4095	2043	1	723.4688467562111	3.270049352092936	1.2349994847107602	
045:00E	69	14	1	3123.8090442440175	16.371780364056256	3.2607431053256417	
27F:7FD	639	2045	1	1701.6518691426832	7.69793136818632	2.2519824593249944	
37F:7FF	895	2047	1	1866.3955296757867	8.443778992331819	3.8662524294880387	
0AF:5FF	175	1535	1	1906.1722701171964	7.857109251131915	3.285481730682135	
0F7:0FE	247	254	1	1227.124525452695	4.659060874813211	2.0981792520043063	
FEF:7F7	4079	2039	1	685.3451735369356	3.102874531802941	1.1005927060250897	
DFF:FFD	3583	4093	1	747.1294345627114	3.234168173820164	1.038843606182428	
1CE:7FE	462	2046	1	1947.6020246356284	8.820532767086512	3.9363595653066406	
3FF:FFF	1023	4095	1	1316.3441942373715	5.708087845498817	2.7234754869500066	
007:02E	7	46	1	2474.015824397861	9.71296555296738	2.0455240281277947	
1ED:7FE	493	2046	1	1125.911213287249	5.1055925411126495	1.5013783773366467	
0AF:5FE	175	1534	1	1488.1978966327017	6.125787914552174	2.002877143975993	
0E7:0F6	231	246	1	1058.1368507269158	3.8994715649063365	1.5092675608450408	
FFB:FF5	4091	4085	1	807.6071069537662	3.4885760995192183	1.5330088102129102	
1DF:5FE	479	1534	1	1239.2545801187975	5.096612519233933	1.677007191179733	
375:7FD	885	2045	1	1533.2466139641983	6.935697681086508	2.584674994245591	
9FF:FBF	2559	4031	1	1788.4562993638174	7.35704400964234	2.691006523395181	
FFF:FFB	4095	4091	1	755.0342505148534	3.2626540962086525	1.3422490937937084	
BFE:FFF	3070	4095	1	1431.1286038945218	6.179542309576092	2.7040895144472668	
FBF:7F7	4031	2039	1	769.9872466094541	3.4860258811636573	1.3596971933954205	
067:0FF	103	255	1	3034.643011599605	11.526367882264118	5.087193278850859	
DFE:FFF	3582	4095	1	1056.6196343351353	4.572190620672097	2.0748122665658006	
067:0FB	103	251	1	2745.0461437299637	10.036821003259453	4.1848711401278145	
10F:02E	271	46	1	3255.524023935101	12.817569924301713	2.924877976117963	
3FF:77F	1023	1919	1	956.5367165796964	4.166617988022058	1.4355095943962486	
3FF:FFE	1023	4094	1	1211.0750484577559	5.24858475037619	2.305176252746885	
EF7:7FF	3831	2047	1	710.7831740629542	3.2287064018492178	1.0507729900033764	
FFB:FEF	4091	4079	1	262.7590578513882	1.1293238566154997	0.16247035191508577	
00F:06E	15	110	1	892.5597551017471	3.2720658914094787	0.6854934181115184	
0EF:5FE	239	1534	1	979.347585087222	4.033000184900149	1.3616392297109363	
FFD:7FF	4093	2047	1	749.7022467460293	3.405569374065412	1.3252304260570544	
FFB:FDD	4091	4061	1	726.8316607088348	3.0863049814043784	1.2421175116112362	
2FF:FFF	767	4095	1	1382.2257414487208	5.9939920951096175	2.5264178027457502	
0AB:5FE	171	1534	1	1283.2926065441789	5.282584014452272	1.443280074122497	
E3F:7FF	3647	2047	1	916.0610508377026	4.161049801377408	1.5938698837369814	
FEE:FFF	4078	4095	1	691.8563962100584	2.9982835663258838	1.1191609773286724	
04F:00E	79	14	1	2360.44521754372	12.336312530300313	2.901333543426142	
06F:02E	111	46	1	535.7611604711776	2.1073155017325824	0.2120319114369618	
02F:0FE	47	254	1	2158.4416962011283	8.214945076161682	3.2392764503187523	
005:00E	5	14	1	10604.911511908542	47.994887137763904	15.416607566455303	
DF5:FFF	3573	4095	1	1043.5237865647412	4.515814315973534	2.0143159877765497	
FBF:FFB	4031	4091	1	740.9245711240618	3.201772687906151	1.256139524204257	
08F:7FE	143	2046	1	2908.1435333885343	13.209509587170738	5.662697943411029	
0AE:7FE	174	2046	1	2383.8822233648734	10.8306112073749	5.178736950245405	
0EF:0FC	239	252	1	947.8675848668388	3.5369449149427736	1.2659103602836383	
0BF:7FE	191	2046	1	1447.090654198025	6.569194499514266	1.9658794896675538	
8AF:00E	2223	14	1	1297.7894664857956	6.801163864472375	1.2573562408875472	
3DF:7FE	991	2046	1	1128.7479199500929	5.114451593109456	1.860448771148495	
FFE:FEF	4094	4079	1	658.932829739752	2.830867998162968	1.0223924738352044	
BFB:FFD	3067	4093	1	1510.269112777922	6.512138813150645	3.00424376220816	
FFF:7FE	4095	2046	1	270.94313027912074	1.2289309045921244	0.1731036224937983	
0EF:7FC	239	2044	1	1000.4708628863549	4.5332814084947355	1.4205178626905288	
BFB:FFF	3067	4095	1	1413.1332127556752	6.102574902569256	2.631826312837587	
0FF:7FE	255	2046	1	1012.2758799970475	4.593847660578787	1.5025240159052955	
EDF:FFF	3807	4095	1	1028.4457197302627	4.450794815495713	2.166520404637312	
0AF:7EE	175	2030	1	1848.4102545076541	8.239785432735363	3.098909628326944	
3FF:7FD	1023	2045	1	1160.4919874706889	5.2566199615905855	2.1094902382553666	
FFF:F7E	4095	3966	1	629.7564176804814	2.6424585536225806	0.9343836533056176	
FEF:7FF	4079	2047	1	746.0913716134017	3.389167496061781	1.3043956938196215	
FEF:FEF	4079	4079	1	722.052973536743	3.1014377682634855	1.2192021726756213	
3FD:7FF	1021	2047	1	1066.573525018659	4.839612864191089	1.7769830146111938	
006:00E	6	14	1	2302.2043364957867	11.980767328713338	1.9995901135615797	
02F:0EE	47	238	1	2253.8144866658663	8.660679677715635	3.5284948161192697	
0AB:7FE	171	2046	1	1852.5538898023287	8.412086970680733	3.0159847244653344	
77F:FFF	1919	4095	1	512.5931310735409	2.223542964386371	0.6528863598793474	
7FF:7FF	2047	2047	1	472.08521445008347	2.143951446542559	0.6220342781024193	
F7F:FDF	3967	4063	1	803.0816922320796	3.4119134942609763	1.4329326803663431	
9FF:FFF	2559	4095	1	1710.1743043469198	7.373205588077536	2.459797582610164	
027:0EE	39	238	1	3182.7687226122994	12.194063407408693	3.6506042545857103	
0E7:0FF	231	255	1	1183.0592163384588	4.539554675691279	1.8847784029289822	
0E7:0FC	231	252	1	924.5561528483855	3.450656966811561	1.15392422585255	
AFF:7FF	2815	2047	1	1351.889763697666	6.141529577076532	2.0489717044941194	
F7F:7FE	3967	2046	1	442.4473447720598	2.007157084093906	0.43578345561477083	
FEF:7FC	4079	2044	1	755.7821935458699	3.4237377306021695	1.3385564140019635	
FF7:FFD	4087	4093	1	762.2381812618411	3.2997613095480354	1.3632757452661395	
1DF:7FE	479	2046	1	1530.9722662092959	6.938821734991428	2.560013172897506	
F7F:FFB	3967	4091	1	760.5264516301049	3.2862186412545205	1.284995247120898	
027:0FE	39	254	1	3693.2852434024317	13.985558828041823	4.908394779876045	
067:0FD	103	253	1	2914.805490096927	10.871990931355214	4.704947605918654	
3FF:7FF	1023	2047	1	1004.2991822465787	4.557636246869709	1.580299717793806	
86F:02E	2159	46	1	1130.778972090516	4.45174133416643	0.9307415828561486	
DFF:FFE	3583	4094	1	936.764760477353	4.053118788590689	1.6319429951450968	
77F:7FF	1919	2047	1	617.2688903945594	2.8025687237183035	0.9448017191740936	
FFF:F5F	4095	3935	1	661.6216554725432	2.739278215655477	1.031422479165826	
0EF:7FE	239	2046	1	1209.3535852341404	5.488659492550997	2.076195805935843	
0EF:7FA	239	2042	1	1154.1530848583166	5.211996143092672	1.8910025219501072	
0E5:0FE	229	254	1	1144.4635708037679	4.349616861682862	1.7540224210645625	
82F:00E	2095	14	1	2041.9347156592005	10.706002810404327	2.9533486607787496	
046:00E	70	14	1	2864.122273773235	15.009795965330442	2.8029642249916042	
CE7:0FE	3303	254	1	1164.61349115372	4.449434278956741	2.1684462923063643	
6FD:7FF	1789	2047	1	766.8714852161814	3.4811275278061955	1.4486756698245018	
B7F:FFF	2943	4095	1	1737.8076899088758	7.487817434731849	3.677203514948416	
DF7:FFF	3575	4095	1	816.9399212095437	3.538610862029217	1.2366685985310308	
FBF:FFD	4031	4093	1	773.4518382861299	3.3481320663171865	1.3687238199557341	
4E7:0FE	1255	254	1	792.3226204071809	3.024668403016404	1.185646206321832	
9FF:FFD	2559	4093	1	1922.0835051754875	8.26641262923009	3.100538003568441	
7FF:7FE	2047	2046	1	527.4591029958096	2.3923819293601842	0.7765206843427759	
FFD:FF7	4093	4087	1	804.2453678697718	3.477086566005881	1.5216826407280921	
0E7:0FA	231	250	1	1035.8399433492223	3.7805615376740698	1.447536016809022	
7ED:7FF	2029	2047	1	512.1421899713229	2.325781466109287	0.722644186001519	
F7F:FFD	3967	4093	1	592.3269615109667	2.5652725601627573	0.779780569320934	
1EF:7FE	495	2046	1	1324.924105387511	6.006988840991986	2.089240493520343	
375:7FF	885	2047	1	1456.0842269208877	6.598505494327977	2.331792773816889	
0AF:7BE	175	1982	1	843.1294988049104	3.447942415310461	0.6440623754366122	
EFF:FFF	3839	4095	1	860.8953902561022	3.728493375618288	1.542642679204879	
047:00E	71	14	1	3989.388379027114	20.914634132111157	5.386717682957329	
1AF:5FE	431	1534	1	1386.5995078261174	5.700799621599508	1.763541648026508	
DEF:7DF	3567	2015	1	608.8691510049721	2.5860295860891687	0.6867834692384008	
BFF:FFF	3071	4095	1	998.9212727121586	4.323415821132134	1.3215078132212692	
7FF:F6F	2047	3951	1	531.1159417634307	2.2129437220105204	0.7892346642230703	
0AF:00E	175	14	1	1429.4806230175955	7.493723999816287	1.8490739468849844	
9FF:EFF	2559	3839	1	909.9687854534309	3.435314663859106	0.7038936131230903	
27F:7FF	639	2047	1	2135.5094187451273	9.66072455802384	3.538981468952433	
6FF:7FF	1791	2047	1	666.5282553995442	3.026226771161581	1.095991973982679	
0A7:0EE	167	238	1	1688.9259744130757	6.4615295805451085	2.368026664303009	
8E7:0FC	2279	252	1	1950.949391529335	7.306961628058189	2.915434415501599	
FF7:FEF	4087	4079	1	789.7729270365363	3.3916251533334445	1.4635895658551936	
067:0EE	103	238	1	2732.8580819444564	10.404512195690605	4.132184858445284	
205:00E	517	14	1	1758.6967630234258	9.217993362468384	1.9740183384667918	
8FF:FFF	2303	4095	1	2025.3271807451242	8.719456233375537	3.620388132184676	
1FF:7FE	511	2046	1	1377.966790623207	6.2472552866291124	2.364972254595822	
FFE:FFB	4094	4091	1	850.1257106273952	3.672308524013183	1.700983543426213	
1FF:FBF	511	4031	1	1198.05171689186	4.9652049119935455	1.7962166021480113	
8EF:7FE	2287	2046	1	2422.2711068371273	11.002474076488229	4.698387503005115	
087:00E	135	14	1	2202.7162399831836	11.548330753776293	3.0593497371600527	
085:00E	133	14	1	2164.750496372293	11.348925747162214	2.937763876436506	
02F:7FC	47	2044	1	2313.882564037897	10.490849577900898	3.7509149841594143	
EFB:FFF	3835	4095	1	884.8647622616265	3.831936768172741	1.6267195732712605	
DFF:FFF	3583	4095	1	1094.6586215505827	4.73586789357812	2.227082327576844	
BFF:FF7	3071	4087	1	1077.9008103821557	4.654230255967779	1.5380357059135923	
5FF:FFE	1535	4094	1	665.65373275665	2.8857939262663206	0.9991616333663065	
FBF:FDF	4031	4063	1	704.8316521430312	2.995500259609049	1.1370357104084226	
FF7:FFF	4087	4095	1	675.8463382105297	2.929033638765935	1.071946745820622	
FEF:FFB	4079	4091	1	637.1284705185293	2.7540564623548605	0.9494190367824943	
9FF:7FE	2559	2046	1	1475.5127999917408	6.6975970324651675	1.8668134411490656	
02F:0FC	47	252	1	1714.6456254793914	6.406853665027739	2.0480217013711886	
FFF:FFF	4095	4095	1	295.35752913632393	1.2806437226296825	0.2055884437329631	
EEF:FFF	3823	4095	1	730.8607642022326	3.166722973155396	1.1039241306420189	
BEE:FFF	3054	4095	1	1172.7147224971418	5.071496545730708	1.801737528095375	
407:00E	1031	14	1	467.98481308348624	2.4517342199171637	0.30481840436782304	
FED:FFE	4077	4094	1	417.40395096995843	1.8085676475521852	0.4073824886586534	
BFF:FFE	3071	4094	1	1427.2921659433166	6.159065800523928	2.6905587842651135	
EFF:F7F	3839	3967	1	775.4213970805258	3.254186339104891	1.2524408086923977	
06F:0FE	111	254	1	2140.7305904406767	8.109001895639802	3.3428488858596634	
02F:06E	47	110	1	612.7602710620157	2.2449993470571066	0.26137223482728117	
FEF:FFF	4079	4095	1	652.2005215599831	2.826719701992127	0.9948101145260865	
2FD:7FF	765	2047	1	1109.4388342665318	5.034970081304264	1.6165034788694082	
FFF:FFC	4095	4092	1	797.1442157389847	3.4481935326570032	1.4959961931440484	
02F:00E	47	14	1	971.473372152382	5.085257309797207	0.6546485783088883	
3EC:7FF	1004	2047	1	1105.607506590798	5.0162353428642295	1.8577384023638086	
BFF:FDF	3071	4063	1	528.798055403068	2.247675664001196	0.3715261023019157	
3FF:77B	1023	1915	1	307.6331907770905	1.335472498147077	0.1485845808792796	
DBF:FFF	3519	4095	1	739.2262359627329	3.202739093442062	0.9832492090586431	
067:1FE	103	510	1	45.05866189326663	0.1451550858380562	0.0011586959851812505	
04F:02E	79	46	1	1060.4318060105222	4.173698648007752	0.5938070771401497	
DEF:FDF	3567	4063	1	617.5615978949559	2.6249135920798112	0.704440813434913	
FFF:FB5	4095	4021	1	486.29034386686885	2.007488401410282	0.557350164176986	
FBF:FF7	4031	4087	1	681.5205013362008	2.947578948267772	1.0629347313701731	
FDF:FF7	4063	4087	1	629.151350294873	2.721460311559727	0.9190493638322538	
00D:00E	13	14	1	1352.9059598274896	7.058898012272914	1.3031495496770442	
D7F:FFF	3455	4095	1	525.0633867075782	2.275904113521981	0.47918452866010436	
0FF:7FF	255	2047	1	996.304971588424	4.526887404307674	1.4554191487182075	
FEF:FBF	4079	4031	1	275.04986311769676	1.1386214102186112	0.177146632694294	
BF7:FFF	3063	4095	1	1426.4169565070563	6.159420226086268	2.6748542413510683	
F7F:FFF	3967	4095	1	131.28866227271098	0.5691739786005919	0.03835335668788825	
0E7:7FE	231	2046	1	941.1070796080334	4.2704161188881375	1.2039671287004925	
FFF:FEB	4095	4075	1	475.4354319019913	2.037708293174538	0.532566067483615	
02F:02F	47	47	1	1474.955869318239	6.345517618365024	1.4716090961442514	
EFF:7FE	3839	2046	1	647.2451946448573	2.9364436316548956	0.8744860172841219	
EFF:FFB	3839	4091	1	766.1412047619791	3.310293037317446	1.2221380233783279	
EFF:FBF	3839	4031	1	635.0057618410973	2.6274970375103663	0.8402796730029289	
82F:02E	2095	46	1	148.667747904855	0.5848685964389171	0.015654409216068803	
DFF:FDF	3583	4063	1	324.7905511517789	1.3809979984038108	0.19666982454020357	
B7F:7FE	2943	2046	1	657.5842745823022	2.9829325283864763	0.5329439487247813	
B7F:F7F	2943	3967	1	1103.869835308705	4.625017854335162	1.4901987947308382	
FBF:FFE	4031	4094	1	585.946152222773	2.5382304055295397	0.7858705330201682	
6FF:FFF	1791	4095	1	223.44919417109773	0.9689489316158321	0.12334508035999901	
FFF:7FF	4095	2047	1	511.35237572463626	2.322773784907832	0.6167706510715043	
FBF:7FF	4031	2047	1	304.05827868960904	1.3808771389138164	0.21189287751102467	
F7F:FFE	3967	4094	1	602.9585164732282	2.611785828177418	0.8080000469455113	
0A7:0FE	167	254	1	1767.458890619583	6.692684122600729	2.595046182703559	
1BF:FFE	447	4094	1	1795.1152070449477	7.778937027278385	3.1335305182663227	
02F:0EC	47	236	1	1149.0658525335834	4.337565038709762	0.9206558814627865	
FFB:FFF	4091	4095	1	122.92281311001163	0.5329072621854425	0.035564263779984576	
FEF:7FE	4079	2046	1	415.4613554504589	1.884736417864352	0.4042998855782838	
FDF:FDF	4063	4063	1	99.42648559553002	0.42272901591783774	0.02298230691474497	
3FF:F7F	1023	3967	1	674.5931530620475	2.834364026963169	0.7154453971614562	
2E7:0FE	743	254	1	807.3702245945318	3.079598744925722	0.8125528114465742	
FFD:FFF	4093	4095	1	515.9304090842887	2.236713331838671	0.6265831042495627	
027:02E	39	46	1	2221.28413633399	8.603777847796735	1.6745718757282588	
02D:02E	45	46	1	620.4776385487152	2.4381204649527883	0.23768827467488363	
01F:02E	31	46	1	208.68724686471785	0.8209681044834701	0.02165616508116943	
DE7:FFF	3559	4095	1	721.8729464155028	3.127737705756279	0.9579979892517246	
77B:FFF	1915	4095	1	306.82853821882077	1.3306773975830406	0.23339029790578003	
FFF:FFA	4095	4090	1	404.85017497426185	1.7494724168337363	0.3861951748479041	
7FF:FFE	2047	4094	1	305.3541311628867	1.3235223096459043	0.26058660913787424	
DFB:FFB	3579	4091	1	264.40982517846567	1.14324803985347	0.1300966774659614	
DFF:FEF	3583	4079	1	838.2588464951075	3.5989094707735276	1.3073935062431041	
2EF:7FF	751	2047	1	664.2490573991806	3.015883116778125	0.5618765718075402	
FED:FFF	4077	4095	1	665.9113877101629	2.8860440569514108	1.0363075024555366	
5FF:FFF	1535	4095	1	145.29522256755493	0.62993879400762	0.04755781310648609	
5FF:FDF	1535	4063	1	375.2083871634905	1.5959956274207288	0.31734772742145856	
DFF:FFB	3583	4091	1	490.46641966209944	2.1203928472786875	0.44813287003803454	
FFF:FFD	4095	4093	1	165.46782946787613	0.716776182691884	0.06454309397486323	
FFF:FDD	4095	4061	1	299.3288952799878	1.2718282965425756	0.21119287994679842	
F7F:7FF	3967	2047	1	41.27137550687718	0.18734885022043177	0.0037899428397738786	
6FF:5FF	1791	1535	1	145.05894580681286	0.5980394782517587	0.05198794778241389	
EFF:FEF	3839	4079	1	239.05270894655808	1.027371126321544	0.11918073546360038	
DEF:FBF	3567	4031	1	193.782936628481	0.8021031807781337	0.0694881833747294	
FBE:FFF	4030	4095	1	173.18262362841946	0.7508392869178023	0.06870208739657446	
4EF:7FE	1263	2046	1	220.53748775795722	1.000108756269231	0.09262567717510063	
0AF:7FA	175	2042	1	372.5247858141936	1.68097721536004	0.1255194303437065	
0EE:7FE	238	2046	1	213.75631232471775	0.9693283800715125	0.06492728353758957	
1DE:7FE	478	2046	1	621.0538145745023	2.816532266161729	0.4218566127796931	
DFD:FFF	3581	4095	1	104.5948782322362	0.4534167057613179	0.02039197129865535	
1FF:FFE	511	4094	1	437.70628198481	1.8967652748155086	0.23904440883117758	
DEF:FFF	3567	4095	1	211.44637581088796	0.9166963086494478	0.0826928095500905	
EFB:FFD	3835	4093	1	103.48869637858581	0.4482445149739309	0.022303811379280978	
FFF:7DF	4095	2015	1	11.092102044886298	0.04707953638732414	2.901882196989435E-4	
EF7:FFF	3831	4095	1	188.43468983534058	0.8169498855859164	0.07378461562843829	
FFF:F77	4095	3959	1	43.51244253127325	0.18242000729898802	0.004465635358864409	
FF7:7FF	4087	2047	1	109.05982478112631	0.49514256231326703	0.02794515569625604	
EFF:7FF	3839	2047	1	208.2674676543695	0.9456842752005695	0.0905010329548155	
7FB:FFF	2043	4095	1	93.26829585473267	0.4043500307171156	0.02422224661195651	
DFB:FFF	3579	4095	1	83.27917641498472	0.3610038454873015	0.012914318169734785	
427:0EC	1063	236	1	90.25980651553664	0.34082173207307886	0.011700039584383135	
F7F:F7F	3967	3967	1	32.50708718253681	0.13649295318268667	0.0023524870221790744	
00D:02E	13	46	1	91.52973749389317	0.3600671710130677	0.006109368041657949	
FFB:FFD	4091	4093	1	151.6429588922289	0.6568782911547375	0.05412163734800925	
FEB:FFF	4075	4095	1	60.91828859097636	0.264071412529689	0.008675754749929855	
0AF:5DE	175	1502	1	89.24546649808987	0.347888762011409	0.007209153996986791	
FFF:F6F	4095	3951	1	41.027916864148814	0.1707916722286588	0.00397048130054524	
FFF:FEF	4095	4079	1	68.91191859252577	0.29611515104101466	0.011197679621662052	
F9F:FBE	3999	4030	1	1.4204349260742273	0.005874261321027339	4.5599869277853275E-6	
027:42E	39	1070	1	1.9951445323848036	0.005533990892852202	1.4658153303737892E-6	
1FF:FFF	511	4095	1	124.92715205358576	0.5415506932167268	0.01946712339926113	
FFF:EFC	4095	3836	1	2.0096509615328344	0.007583716369137683	9.5344252296758E-6	

