BMLVN	12	x2
metabolism	0.9970000
mutations	0.0000100
catastrofic	0.0010000
minWeight	0.1
start biomas	2.0	_
env.size	25000.0
feedSourceH	FFF
feed port max	350000.0
timeQuant	0.01

key	suscepBits	activeBits	maxsize	popBiomas	currincome	currloss
002:F7F	2	3967	1	931.8561341747551	16.336947120858234	0.0026069659559350613	
8EF:7FE	2287	2046	1	722.0424742990289	15.495958261020185	0.10622091506992988	
014:FFF	20	4095	1	111.04036003101962	1.9536410629512364	4.206852667111201E-5	
00F:000	15	0	1	25000.0	2839.132080078125	5.109956182704589	
04E:FDF	78	4063	1	1013.3459243113005	17.6588078353091	0.031189390372186116	
106:007	262	7	1	304.3896214960075	1.7256009418105704	0.0023137657176940736	
FEF:FBF	4079	4031	1	160.19324435841423	2.7196221809802252	0.011089620835857097	
002:FD5	2	4053	1	1417.7975140020556	24.68529847882672	0.006036338980914305	
083:007	131	7	1	373.6280539000427	2.118137687649488	0.006448116435282302	
0E7:7FC	231	2044	1	36.00657712331843	0.7716876464609213	1.2462430593510423E-4	
0FF:000	255	0	1	25000.0	1454.8895263671875	69.3449385475432	
17F:FEB	383	4075	1	462.14352913859244	8.041544263699135	0.010709106415895203	
FFF:FEE	4095	4078	1	300.3004309366533	5.234255149357223	0.038928872552803744	
016:FFF	22	4095	1	1181.2198697678793	20.78246193306949	0.006820631978097406	
7FF:7FF	2047	2047	1	512.9522409325559	11.0180921383347	0.0827086501787431	
FFF:F7F	4095	3967	1	363.8291449416216	6.378790780922311	0.05702495420837198	
017:07F	23	127	1	327.6055655908134	2.1537705737165473	5.29153471234023E-4	
FFF:000	4095	0	1	25000.0	3374.6318359375	280.6266628419078	
00B:FF5	11	4085	1	1447.154593293366	25.439900602590562	0.0041453336372369596	
0AF:6FE	175	1790	1	745.426868866453	13.610383024820951	0.033642536315284556	
0ED:7FE	237	2046	1	1351.3358992871167	28.996733898853638	0.1768088139080108	
BFF:FF7	3071	4087	1	75.43587996541618	1.3269230146851054	0.0017042656470524942	
FFF:FDE	4095	4062	1	369.6315247853803	6.437764495342865	0.05884263147451789	
034:FFF	52	4095	1	981.8170959998954	17.274413108907023	0.02032078141653374	
0F6:1FF	246	511	1	309.55985036538704	2.870904925512386	0.009949909574869568	
1FA:FFF	506	4095	1	294.39385906941436	5.179700845307727	0.01098609268965195	
077:F7F	119	3967	1	574.2509625770433	10.067787535024989	0.015233974317198713	
036:FF7	54	4087	1	893.6986333734711	15.720232806928133	0.01716431590724441	
067:0FE	103	254	1	1958.8256688756687	19.62697708212847	0.10732686135093714	
014:FEF	20	4079	1	1469.4076263229451	25.624900072419774	0.0073692093361615914	
017:FFE	23	4094	1	913.6755430384201	16.066384083387845	0.004792256645807191	
022:FFD	34	4093	1	1481.2257778860408	26.045481689890536	0.02579878592110628	
00B:FFD	11	4093	1	1125.3497239053731	19.787551766253905	0.002506688554633097	
057:FFF	87	4095	1	755.6060662573302	13.29444455349921	0.019216120690944055	
777:000	1911	0	1	25000.0	1934.297607421875	189.1986585456912	
003:FF7	3	4087	1	159.2078978700168	2.800428456877978	1.1413136720637969E-4	
2DF:FFF	735	4095	1	275.59452755788595	4.8489226200565705	0.010168944429365192	
0B6:FFF	182	4095	1	771.4723533736169	13.573943449588793	0.03905395862974854	
2FF:FFF	767	4095	1	809.6098608705992	14.2443954703063	0.09364557174698343	
00A:FD5	10	4053	1	1153.9692573996492	20.09171038124665	9.098610821812106E-4	
FBF:7F7	4031	2039	1	746.9511712708728	16.024467304723025	0.2323890427625133	
0F7:FDB	247	4059	1	58.96453209594137	1.0252137465487698	3.620483980949498E-4	
FF7:7FF	4087	2047	1	1112.9457680225635	23.907392113194838	0.5250566994817079	
004:FFF	4	4095	1	218.69777746563904	3.847766538894999	3.002112114528689E-4	
00B:FDD	11	4061	1	846.2356649101356	14.737416160378384	0.0014179332089302326	
FFF:FF3	4095	4083	1	420.49522306833546	7.380267825864442	0.07599122385765915	
3F5:7FD	1013	2045	1	908.4536113487418	19.487290244864116	0.1407891316320175	
555:000	1365	0	1	25000.0	1546.0667724609375	127.73770613978725	
0C7:0FE	199	254	1	1302.1720301116927	13.051963844630388	0.0961524226127598	
2FF:FF7	767	4087	1	111.62110260392822	1.9634146270275668	0.0018047068938195077	
067:1FE	103	510	1	875.2600161638107	8.078313759354835	0.02874075801326572	
BFB:FFF	3067	4095	1	541.0302124249644	9.518590373131673	0.08597686146957476	
077:07F	119	127	1	19.05677601731219	0.12529020596839716	1.7048391727374263E-5	
043:FDF	67	4063	1	548.6326145854506	9.56044201650503	0.0076297841749146025	
046:FFF	70	4095	1	145.5210391919323	2.560302327285633	5.759923205589803E-4	
FEF:FF7	4079	4087	1	272.8997911595119	4.800495409007106	0.03201649950667061	
08A:FD5	138	4053	1	2.7019837671054434	0.047044095272121146	3.523399808728364E-7	
02F:7FE	47	2046	1	641.0921517411662	13.756797170237919	0.0072182510947897145	
043:FFF	67	4095	1	82.4178451901373	1.4500597897263752	1.7212065328136165E-4	
FEF:7F7	4079	2039	1	301.09454117654536	6.459241058765337	0.038840362927411554	
FE7:FFB	4071	4091	1	287.0997322059952	5.04033724889382	0.03536181323690845	
002:FFD	2	4093	1	259.12331746088336	4.556280184437109	2.0155944548085094E-4	
FFF:FCF	4095	4047	1	257.37504837531344	4.445242567829481	0.02864866273192159	
02F:7FF	47	2047	1	178.88215404651092	3.8424376725261804	5.619511134881353E-4	
177:FFB	375	4091	1	235.91389240913463	4.1415449335306205	0.0026726795686170166	
007:01F	7	31	1	136.8423361680409	0.9756184237741126	2.0093967683412452E-4	
0AB:7FE	171	2046	1	611.7383780083421	13.127235824969242	0.021985692470392382	
003:FF5	3	4085	1	162.8718752474108	2.8631602545600545	1.1944756530604585E-4	
0AF:7F6	175	2038	1	557.6051168732396	11.949084857465428	0.01870340796071609	
005:FFE	5	4094	1	368.13628174494073	6.473419417089485	0.0010633477095912003	
067:0FC	103	252	1	1944.7973478960528	19.332327033200535	0.10756953853985876	

