BMLVN	8	x2
metabolism	0.9970000
mutations	0.0010000
catastrofic	0.0010000
minWeight	0.1
start biomas	2.0	_
env.size	25000.0
feedSourceH	FF
C7
B5
23
11
feed port max	75000.0
timeQuant	0.01

key	suscepBits	activeBits	maxsize	popBiomas	currincome	currloss
FF:00	255	0	1	6731.153299287181	128.4870147705078	305.1101524989896	
C7:00	199	0	1	8935.998383812435	725.0880737304688	379.5379434494136	
B5:00	181	0	1	9406.720465789862	582.1668701171875	386.43314233847747	
23:00	35	0	1	18663.72185678717	643.9837036132812	298.8424819709885	
11:00	17	0	1	25000.0	433.5833740234375	26.481936570181176	
FF:FF	255	255	1	1825.8934057754952	24.617384165017544	21.141945642790052	
FD:FF	253	255	1	1836.1150625597695	24.754632371909306	21.241766887977654	
FF:FB	255	251	1	1778.530522810015	23.43629273913768	20.063446883213143	
DF:FF	223	255	1	2054.817664634539	27.691296785128625	23.727363747016014	
FF:DF	255	223	1	1449.0490745610455	16.07261117820532	13.334791430645206	
F7:FF	247	255	1	1878.002905159866	25.317074057836802	21.713470504758867	
FF:F7	255	247	1	1753.2064451379304	22.83712871877555	19.49843667033967	
FE:FF	254	255	1	1832.3303403294522	24.703891567973365	21.21826557455227	
FF:BF	255	191	1	1306.424246683166	13.32476819931427	10.84673115804606	
FF:EF	255	239	1	1658.4057189880023	20.589679861999475	17.453593056385767	
FB:FF	251	255	1	1846.344699811299	24.89219373175881	21.356759473548216	
EF:FF	239	255	1	1929.9121072559299	26.014765453959452	22.328244049070843	
FF:7F	255	127	1	1652.7753193738533	20.592480870581493	17.36521232337954	
FF:FD	255	253	1	1795.894205292982	23.89125231526389	20.454805000518917	
7F:FF	127	255	1	3711.9091116850454	49.83788985108175	42.98252226835762	
FF:FE	255	254	1	1802.2558634621228	24.088958289842058	20.59832236944036	
BF:FF	191	255	1	2436.5414262039453	32.80567822315902	28.08035980619491	
FD:DF	253	223	1	1460.7468776258304	16.20234822920069	13.464510372460785	
FF:F9	255	249	1	1742.5868302067445	22.649865976457495	19.26122707909112	
F5:FF	245	255	1	1890.4587768944405	25.48446655107263	21.8574043799468	
DF:7F	223	127	1	1842.045121929043	22.956042548443598	19.128136910466825	
F9:FF	249	255	1	1857.5328834320346	25.04249353979679	21.476010055440995	
FD:FE	253	254	1	1818.5235624954207	24.306158387412548	20.838255692995425	
DD:FF	221	255	1	2075.7328600091246	27.972726909327186	24.040584429185298	
DE:FF	222	255	1	2063.0212835334682	27.80147873073735	23.82571262095035	
DF:EF	223	239	1	1873.1067812292238	23.24831370209479	19.734907423467504	
BD:FF	189	255	1	2460.026327890812	33.12066804879634	28.373495864032307	
DF:FB	223	251	1	2008.1170089274626	26.45094439029842	22.668081812596398	
F7:FB	247	251	1	1829.081798715129	24.099893396056892	20.601337980183278	
F7:DF	247	223	1	1493.9151408741282	16.569536867512145	13.761386681987036	
DB:FF	219	255	1	2084.4710301378063	28.089873118574566	24.089001170140186	
FF:DB	255	219	1	1407.2064251758886	15.217417874166177	12.578011144340454	
7F:FD	127	253	1	3645.090759137357	48.302533916727285	41.46278391291683	
77:FF	119	255	1	3928.6436179985067	52.724181638643536	45.300710771719146	
FE:EF	254	239	1	1667.1772303286698	20.698565234805336	17.57883003213871	
ED:FF	237	255	1	1940.4919547238785	26.156711999113735	22.420639051367754	
7D:FF	125	255	1	3756.871306239322	50.4376368715403	43.45933484011735	
FB:FB	251	251	1	1799.9226879287592	23.714497383099726	20.29791020354066	
7F:DF	127	223	1	2941.1443979264077	32.58019650731482	27.111374026312397	
FD:BF	253	191	1	1307.05881471974	13.33090896688381	10.786932952586271	
FF:B7	255	183	1	1249.0595368500826	12.339622668812513	9.91629109280982	
F7:7F	247	127	1	1650.1914694959553	20.557124651613023	16.800016557650906	
FE:FB	254	251	1	1783.051207296452	23.495536563397664	20.096082676210855	
BF:FB	191	251	1	2370.5381900713005	31.198382646341923	26.587991613801105	
7E:FF	126	255	1	3723.2551320266384	49.9887031980872	42.94090318315036	
FC:FF	252	255	1	1843.3939044681838	24.852522658301382	21.336840552410212	
FF:EB	255	235	1	1613.7262990758334	19.56510016260012	16.528944568081226	
DF:FD	223	253	1	2022.3491951473202	26.892308548734476	22.98637997948847	
FE:FE	254	254	1	1811.984497711495	24.21814401796364	20.74988114770817	
E7:FF	231	255	1	1988.5560220563045	26.80201548394874	22.97790850731461	
FE:DF	254	223	1	1453.164621287443	16.11814646528282	13.364618892477926	
FB:EF	251	239	1	1678.8432281126843	20.842992371994903	17.670725728452155	
DF:F7	223	247	1	1976.5520722999406	25.736735863079705	21.96384538275663	
FF:77	255	119	1	1525.8897145941562	18.313111599101866	14.794982811510149	
EF:EF	239	239	1	1755.532592307748	21.781549755569575	18.479255762698806	
FD:FD	253	253	1	1808.2591420425815	24.053841101677932	20.603038580641506	
F7:EF	247	239	1	1590.3497277375673	19.737808829054575	15.564779244604958	
EF:FD	239	253	1	1896.5495261059082	25.225576689738762	21.564792811722562	
FF:CF	255	207	1	1297.4678414702016	13.152042262145258	10.696591159443573	
FE:FD	254	253	1	1798.3363394820392	23.92329341369355	20.439337849216827	
FD:F7	253	247	1	1755.7779604494915	22.869819129397314	19.42849307558869	
FF:F3	255	243	1	1704.0910448458255	21.688690771882204	18.424306582275598	
7F:BF	127	191	1	2617.981720014295	26.706368810566918	21.531844303495415	
FF:AF	255	175	1	1100.9654413635815	9.955023604044287	7.705402419361653	
FD:EF	253	239	1	1667.5007898800432	20.702252565397142	17.532146627039253	
CF:FF	207	255	1	2189.8371389281588	29.504097327321293	25.30079578092538	
EF:DF	239	223	1	1522.3430709756694	16.88388459046845	13.91390318919077	
FF:9B	255	155	1	861.9754191531325	7.238514905010103	4.7176647102936515	
7F:EF	127	239	1	3367.8355732945197	41.704927144027536	35.470757439141586	
FF:6F	255	111	1	926.729009633172	9.12960927313691	5.443270844041624	
FF:DE	255	222	1	1373.0843863954788	15.13410487890933	11.96550172041205	
DF:FE	223	254	1	2029.1726924397724	27.110084564708476	23.139606125378013	
7F:F7	127	247	1	3551.1806893794596	46.10318016234408	39.387003221986795	
DF:BF	223	191	1	1423.439632403711	14.515883096592944	11.411486940285714	
FE:BF	254	191	1	1287.8483402408017	13.134294046872517	10.501808789228601	
FF:E7	255	231	1	1588.6585301335429	19.017485967919246	16.021208149024133	
FB:BF	251	191	1	1263.462530011406	12.884114703690521	10.016656519018559	
FF:5F	255	95	1	866.487886679207	8.295950520622146	4.758571137106817	
5F:FF	95	255	1	4861.708388347609	65.1218501951035	55.9832273360204	
F7:BF	247	191	1	1331.7101943819812	13.581928679094949	10.941813363231258	
FA:FF	250	255	1	1852.8566922638595	24.97970025197608	21.433102755390976	
F3:FF	243	255	1	1894.9130175643118	25.543838746695478	21.83056008655629	
D7:FF	215	255	1	2122.8529391649085	28.60435829579702	24.49803869629781	
FF:9F	255	159	1	899.9909699980282	7.675426697613344	5.143627521935032	
FB:FD	251	253	1	1813.8596689945084	24.129297562817012	20.613342808342512	
FB:F7	251	247	1	1770.1799565243862	23.057381549046674	19.637027673415833	
BF:EF	191	239	1	2209.694231409616	27.408035438399754	23.12191200241798	
FF:FA	255	250	1	1754.0697776212373	22.910104094817825	19.515377743368706	
FF:D7	255	215	1	1377.5776515429523	14.730749419400027	12.053733362252652	
FF:ED	255	237	1	1622.0943602581883	19.846440263299904	16.697966832074496	
FB:DF	251	223	1	1438.515894506286	15.954403291246155	12.979459868827082	
5F:FB	95	251	1	4714.923329282547	61.77980331762489	52.71121703715348	
BF:F7	191	247	1	2302.6816221336253	29.959199963951555	25.08711547689696	
FF:7D	255	125	1	1545.752062935842	18.885929726348827	15.178088695446233	
7F:FB	127	251	1	3590.8455686347143	47.14338854097061	40.248540808935346	
BE:FF	190	255	1	2438.012431925337	32.82471264403724	27.985836593197146	
EF:BF	239	191	1	1283.583047583223	13.087626052803254	9.890652970504448	
FD:FB	253	251	1	1726.2677428541347	22.7440825808475	18.76809464786087	
F7:FE	247	254	1	1855.1987789100901	24.7939351262725	21.189980152889547	
FF:BE	255	190	1	719.459195569717	7.239708059797376	3.2695065113469917	
FF:F5	255	245	1	1693.6030976547952	21.756168140871445	18.19119653910014	
AF:FF	175	255	1	2622.914486886538	35.30100554817715	30.03038685170754	
6F:FF	111	255	1	4146.296790471612	55.623729158964125	47.57900557146933	
F7:FD	247	253	1	1839.2714290777176	24.465289414168943	20.827474791833144	
FF:7B	255	123	1	1454.8056574826062	17.706727888189956	13.431997416141547	
D6:FF	214	255	1	2114.0664868837366	28.484965578924946	24.196276916891108	
FF:FC	255	252	1	1758.783816133899	23.1957754128359	19.61557758923452	
FF:EE	255	238	1	1619.3406327023652	19.916393594916556	16.63839764446804	
DE:FD	222	253	1	2006.856758451799	26.685062573677655	22.544281367078902	
F6:FF	246	255	1	1870.6343549259732	25.21678004036411	21.464485000353655	
7F:7F	127	127	1	3029.5193526304943	37.32935827720211	28.395400380139158	
DB:EF	219	239	1	1862.46017863843	23.114202571024496	19.24288632530692	
DF:DB	223	219	1	1459.7613184653637	15.765225341571522	11.9711764486656	
EE:FF	238	255	1	1912.7391755293943	25.781881393748577	21.848413690335914	
FD:F9	253	249	1	1683.0658867019265	21.871210193337397	17.83847554637771	
FB:7F	251	127	1	1077.0094019709306	13.382515894486115	7.236118452697123	
F9:FE	249	254	1	1753.2054149327923	23.428131354193255	19.11617494646094	
7D:DF	125	223	1	1887.657472257732	20.88947454846494	10.968896115876145	
FF:BB	255	187	1	1076.151545222034	10.685684244155127	7.345787707314117	
CE:FF	206	255	1	2110.5944475993133	28.433179453967256	23.390817764309183	
DF:E7	223	231	1	1590.646450509225	19.028362970289066	14.210481176676092	
DC:FF	220	255	1	2056.4902281696945	27.71201843372751	23.500415512841883	
6D:FF	109	255	1	4175.648167639046	56.009881069903905	47.17548800034069	
EF:7F	239	127	1	1038.4787710623993	12.898897077403383	6.433310830029036	
DF:DF	223	223	1	1516.275773374927	16.79582676150775	12.914002557776762	
3F:FF	63	255	1	7777.163655654577	103.37091291627769	85.88466901481708	
F9:FB	249	251	1	1765.0173681411477	23.252057773868373	19.382653494419795	
5F:FD	95	253	1	4594.933980157701	60.777675060324796	50.01538827777704	
7D:FE	125	254	1	3510.122094335979	46.73590053889484	37.91662595741155	
F1:FF	241	255	1	1877.1522169936577	25.302501841293324	21.274224640807994	
F5:DF	245	223	1	1413.1969856697272	15.670398414725536	12.22221393661998	
FD:EE	253	238	1	1562.1779060131673	19.209887179793725	15.374428477589705	
7F:F5	127	245	1	3232.569281633177	41.40519684639978	32.61296052665833	
F9:DF	249	223	1	1063.78135534262	11.783834456468082	7.0240685253780555	
FC:FE	252	254	1	1756.6935966745598	23.475473264672026	19.364143178347263	
F5:EF	245	239	1	723.6438157174922	8.953988750845017	3.1737015599028027	
BF:BF	191	191	1	259.30170504442685	2.6311533554015107	0.31526957969600716	
FF:F6	255	246	1	1663.2879961982694	21.46933438914507	17.53773793063565	
5D:FF	93	255	1	4677.860618450996	62.682662646609515	50.95653946364455	
DA:FF	218	255	1	2044.6017629457851	27.550451049619557	23.076933356299183	
BF:DF	191	223	1	1596.4317677980296	17.6867521166769	12.052261587515764	
DD:FE	221	254	1	1910.5664526861751	25.519769921178135	20.3427571772581	
F7:DE	247	222	1	1154.049555443529	12.709248902137617	8.184965751708935	
5F:EF	95	239	1	3444.5675984406316	42.629656116981046	28.1365690871422	
D7:EF	215	239	1	1490.5078457760892	18.481134651320218	12.042390470618681	
BD:FD	189	253	1	2309.47909069469	30.677825968827616	24.988801402081332	
DE:F7	222	247	1	1890.7362659269031	24.615280436019358	20.004494922975674	
7F:F9	127	249	1	3344.464746064983	43.32741533662098	34.90114159045164	
FC:DF	252	223	1	1268.7511911440797	14.06465124358491	10.101851527168044	
E5:FF	229	255	1	1930.9963639193406	26.022638392531793	21.499187858998713	
BD:FB	189	251	1	2294.159358724145	30.190450626554092	24.667034888874568	
FF:3F	255	63	1	539.1727758435244	5.885396735412187	1.8307151643434174	
9B:FF	155	255	1	2783.848262419245	37.449372253130335	30.496232083706303	
FF:D9	255	217	1	1113.453937691518	11.931161602857864	7.8519319308207525	
FE:E7	254	231	1	1286.777832611158	15.3900630667193	10.441359557479595	
FF:DD	255	221	1	1248.7897261700862	13.732013201369478	9.884820995423214	
D5:FF	213	255	1	2058.1372937179567	27.72888479961018	22.841622527038457	
FD:FA	253	250	1	1690.2982161527627	22.073142696349787	17.99204099611827	
BD:DF	189	223	1	1649.7745161841246	18.279025951874196	12.762367361434162	
ED:DF	237	223	1	1307.6625646973052	14.49396270972896	10.174528477106701	
DE:EF	222	239	1	1749.3130283330497	21.706308641023192	17.126519215750832	
7F:FE	127	254	1	3199.943058699181	42.61819173593003	31.892751184559238	
7D:FB	125	251	1	3180.3796170216374	41.76684653437028	31.11040764613438	
D9:FF	217	255	1	1895.7834705840658	25.538838722627997	19.74605150977774	
7B:FB	123	251	1	2833.7849786152465	37.20705897548955	24.36225443440233	
9F:FF	159	255	1	2639.422270942399	35.50835745389445	27.89005204214407	
3D:FF	61	255	1	3680.823754000607	49.31545588394258	18.64576622258274	
FB:FE	251	254	1	1780.5735265922854	23.79624983514042	19.85411511149801	
B7:FB	183	251	1	402.28387234197174	5.270465233512999	0.7261070632404537	
BE:EF	190	239	1	957.3214550253956	11.844291322535362	4.2813472013348886	
EF:FE	239	254	1	1480.3995795548433	19.76459130776619	13.085132959038686	
DF:D7	223	215	1	330.5746724262527	3.518568473520405	0.608260049117145	
ED:EF	237	239	1	1422.5817660486723	17.638649419895824	12.01378523301908	
7C:FF	124	255	1	3415.6418410808747	45.87301901368248	35.62123107392607	
FD:CF	253	207	1	419.07782570902015	4.232572521928645	1.0984505790652026	
ED:FD	237	253	1	1714.2213408951611	22.79003400987603	17.464908752876934	
FD:FC	253	252	1	1575.2159256969862	20.763949298924448	15.601582327502754	
F3:FD	243	253	1	1531.0128893105993	20.34916142273196	14.206144686819481	
F6:DF	246	223	1	911.5900414216738	10.09144802512186	5.075628161111043	
DD:F7	221	247	1	1652.71246201964	21.505965611380752	15.200681315164719	
DB:DF	219	223	1	480.8530746979769	5.311199773957558	1.2701801203412613	
BD:FE	189	254	1	2039.2113375156314	27.2112005825231	19.445041386015657	
EF:FB	239	251	1	1323.8413851543503	17.418068883545903	10.452719991976199	
DD:FB	221	251	1	1852.4783584106306	24.39371842786847	19.123523516290728	
DE:FB	222	251	1	1839.4566076188314	24.222121210401653	18.917861520791487	
D3:FF	211	255	1	1094.4406784671698	14.712422344258352	6.365074785051876	
DB:BF	219	191	1	379.63623837077387	3.855451143562574	0.7928406420842172	
D7:DF	215	223	1	664.1860092072482	7.3409872367039455	2.3797480132676547	
DE:DF	222	223	1	677.343667044489	7.487421634826132	2.5491159360708737	
79:FF	121	255	1	2970.9051674614625	39.90975210405664	26.419231240388587	
DE:FE	222	254	1	1787.9745669921701	23.876809465218713	17.856827269998867	
BF:FE	191	254	1	1593.0921079689094	21.244876400769883	11.936907359580047	
FB:F3	251	243	1	1217.792284227599	15.475947948834444	9.24674906709151	
DF:EB	223	235	1	910.2404105338002	11.004882960728125	4.623152417989165	
BB:EF	187	239	1	930.0164284610497	11.505072989777133	3.9924454537394034	
F7:FA	247	250	1	594.8096424179382	7.7364976778027055	2.152841183787858	
BF:F3	191	243	1	1505.5258120882202	19.119947961635052	10.670898860550594	
FB:BB	251	187	1	282.20244385134885	2.791578472674398	0.49476668131272866	
BD:F7	189	247	1	731.5711830748035	9.486762584696491	2.4822014875079312	
FE:F9	254	249	1	1462.1793926316986	18.99140279998126	13.47493865326392	
FC:FD	252	253	1	1314.2357334644187	17.459765784605857	10.790997273067294	
B7:FF	183	255	1	1860.23338123262	25.027741740254726	15.6649986528816	
75:FF	117	255	1	2173.699128523094	29.193566052294106	13.596794105994698	
FE:6F	254	111	1	24.239656469844256	0.23758322991661557	0.0036728612206813984	
ED:BF	237	191	1	63.77370858328365	0.6466390175563561	0.023951757062899898	
BA:FF	186	255	1	1109.2996295877579	14.903091321114145	5.647402482464492	
7B:FF	123	255	1	2623.7455037171644	35.24933149864119	20.858436586040362	
BF:FD	191	253	1	1093.4359370143618	14.496501734843765	5.604736995582231	
FE:DB	254	219	1	357.39679696557675	3.8482509721931937	0.7996680853203058	
FC:EF	252	239	1	903.1714032724867	11.185133890237339	5.085308522485145	
DB:FB	219	251	1	1242.3805998418195	16.33447242777928	8.499923285720957	
F3:FB	243	251	1	1601.6542874352156	21.08911612102399	15.560488153888867	
FB:F9	251	249	1	1067.1234175903705	13.84099523068327	7.085129049805227	
7E:FE	126	254	1	1070.5964415424357	14.239726189667314	3.5167860094124372	
FD:BE	253	190	1	97.63590601620898	0.9792229286056876	0.05942979331273124	
F9:FD	249	253	1	904.3644211546078	11.996310711227858	5.044152651255503	
DF:BD	223	189	1	9.730274243788926	0.09666084734025912	5.263122421420024E-4	
FF:D3	255	211	1	3.186289320138051	0.032995071114914246	6.359421447153943E-5	
F8:FF	248	255	1	972.6387725325103	13.078248995566549	5.815932455404842	
FE:7F	254	127	1	57.63113726899791	0.7120850397324292	0.02066290771204011	
B7:DF	183	223	1	290.9741179887512	3.2104758478111646	0.38124020800900255	
FE:ED	254	237	1	999.8565164164183	12.209013957022593	6.281647079582832	
3E:FF	62	255	1	1331.1488481011654	17.835979198933604	2.4798446619267254	
FB:7B	251	123	1	99.05308313456915	1.1969044195397316	0.060572885340810546	
FE:DE	254	222	1	167.74063298947408	1.8390924959092438	0.1757303668797693	
F7:DD	247	221	1	166.83639235106085	1.8255370743329735	0.16937222801333787	
F9:F7	249	247	1	204.47932866957575	2.647042079498823	0.25625521043294974	
F5:FB	245	251	1	356.4794680414003	4.671926410508385	0.7662012123708936	
DB:F7	219	247	1	744.7856946238635	9.663830638521365	3.043014686288544	
EE:FE	238	254	1	1228.3444441457143	16.38658060372972	8.954069645396098	
BE:F7	190	247	1	392.8070788553666	5.087474067188068	0.7170230696572787	
5F:FE	95	254	1	242.17325046293365	3.214429646811925	0.13750955876918836	
DF:FA	223	250	1	547.7197064977386	7.120595216600356	1.66523245573184	
EE:DF	238	223	1	105.84430399100368	1.16710330018773	0.06609242157224807	
EB:FF	235	255	1	798.3692480441443	10.72525827534971	3.73184217835878	
FD:6F	253	111	1	5.73579698985838	0.05621252955750003	2.049971238625497E-4	
3F:FD	63	253	1	1416.2393159142182	18.727316383620945	2.8475979170244208	
DF:7B	223	123	1	221.3051817929529	2.6757406956591865	0.27166980686346665	
4F:FF	79	255	1	1136.4700526822833	15.234487620703344	2.6021141990501118	
57:FF	87	255	1	887.4659830391302	11.894070256143017	1.710011924886426	
BF:7F	191	127	1	169.6850552618704	2.0975107418721484	0.1343963768778012	
FF:DA	255	218	1	49.99646274082626	0.5340612802650756	0.01565499471759392	
FA:EF	250	239	1	585.4428249628544	7.2398505731769545	2.117632778422173	
EF:BD	239	189	1	31.69202947711038	0.31487131306814703	0.0059556250989398615	
3F:FE	63	254	1	173.0873130228942	2.296734026367637	0.04251348499283854	
9D:FF	157	255	1	933.960380576006	12.535008334199931	3.4265254938429672	
BF:7B	191	123	1	125.75295566751896	1.51949915395947	0.07382679295661515	
F3:FE	243	254	1	263.31104498973804	3.498329641524871	0.41505545815235284	
C7:FF	199	255	1	356.27252037243096	4.77513641598785	0.6370763827612628	
E7:EF	231	239	1	706.4072310871738	8.737788050987387	2.871680069327756	
D7:FE	215	254	1	99.86494111161977	1.3255090815294355	0.05331818110392227	
5B:FF	91	255	1	987.9200709989174	13.243405349742542	2.221099320474107	
6F:FD	111	253	1	680.7598746725101	9.003422265124875	1.269640986013886	
7D:BF	125	191	1	68.45976418245714	0.6940407969413803	0.01433498250597316	
76:FF	118	255	1	271.55021841981386	3.6362246632691826	0.21222904882544472	
BD:EF	189	239	1	187.5549671424433	2.3138996104598437	0.16273999462723668	
AF:FB	175	251	1	69.20252772462426	0.9054037075295286	0.020588620059720442	
DB:FE	219	254	1	137.7891485186203	1.8292575560289595	0.10353954309829479	
BF:ED	191	237	1	100.7307556708875	1.224357083462687	0.04734421944217267	
BB:FB	187	251	1	195.10062601238894	2.5540212147528436	0.17452564805709941	
7F:BD	127	189	1	43.12614586308258	0.4284503057188203	0.00576431823797742	
FB:BD	251	189	1	35.73729569702281	0.3550741529488395	0.00791314160863523	
EE:FD	238	253	1	488.6302797644016	6.468741261931056	1.4073184340289495	
7F:CF	127	207	1	184.67800635526632	1.8617810486053707	0.1057477518863632	
CF:FB	207	251	1	37.98426425845848	0.4969144150668152	0.007486083078153383	
37:FF	55	255	1	68.7145208083578	0.9195269351736663	0.00590160059931472	
5F:FC	95	252	1	140.55309044823656	1.8406229220233734	0.04632553733112962	
BF:FA	191	250	1	79.13882596773261	1.0264137089202556	0.02916971160859443	
77:FD	119	253	1	508.8646323575984	6.728029867307538	0.7516676006023635	
FF:D5	255	213	1	10.059991053503865	0.1060307614537877	6.337417514140505E-4	
DB:FD	219	253	1	90.77799291256206	1.1992156437267427	0.04492829749283764	
77:BF	119	191	1	184.6867707343622	1.8729471937217395	0.09955195705388434	
5F:7D	95	125	1	29.896227068159035	0.3623037085665948	0.002099335376357061	
EC:FF	236	255	1	132.96625466401846	1.78052568690511	0.10312701654266655	
FE:FA	254	250	1	137.1284759607317	1.7793557113161154	0.11692468492979971	
6E:FF	110	255	1	195.68382462713163	2.619725649758772	0.10390161588149875	
5F:7F	95	127	1	28.447607012940065	0.35139426518648503	0.0018999149903707584	
7D:FD	125	253	1	567.5435557969037	7.505374086734515	0.9807377296016666	
7E:FD	126	253	1	207.18021507200203	2.7372734063182538	0.1313113359903448	
BB:F7	187	247	1	90.88115538451375	1.1755489902045082	0.03785545213057605	
5E:FB	94	251	1	67.32270011049324	0.8806870492837942	0.010533839689689786	
BC:FF	188	255	1	209.4692454737844	2.8054341909876137	0.20166532500201634	
79:FE	121	254	1	68.2044109149056	0.9049855192796662	0.013787698084594862	
B5:FB	181	251	1	102.9361837605017	1.3469618088288866	0.047035895340350534	
FD:7F	253	127	1	93.19699009756614	1.1517819475857771	0.05389552343370134	
7A:FF	122	255	1	207.05013066957562	2.7721191452155747	0.12787198053931328	
F5:FE	245	254	1	65.78034325559248	0.8729873551945463	0.02600709715080203	
DF:77	223	119	1	58.60060787789905	0.6977912090535651	0.019023628986257965	
F9:BF	249	191	1	9.014989782804303	0.09137947155266836	4.999435205925779E-4	
EF:F7	239	247	1	64.48317216381155	0.834062432002844	0.024514287349535556	
CF:FD	207	253	1	61.083948393344684	0.8068053826984272	0.019358487238233763	
ED:FB	237	251	1	92.69623698645154	1.2130709528232488	0.05031473584186711	
7F:EB	127	235	1	208.12208403540615	2.5071955364194554	0.1337641244244164	
FB:7D	251	125	1	15.98508244417753	0.19372418890730816	0.0015759283106310993	
BE:FE	190	254	1	63.54585686395386	0.8432491843483674	0.01870954623182554	
E7:DF	231	223	1	39.477080254876554	0.43513028382373115	0.00893947447948359	
DF:FC	223	252	1	17.109943702259482	0.224013744175177	0.0016171415417784388	
D7:FD	215	253	1	241.50182688987985	3.192723175911573	0.31221438456631234	
7F:ED	127	237	1	41.46468839532378	0.5038249359150901	0.00530465615117278	
FF:BC	255	188	1	20.025762945214506	0.19676793455924468	0.002515172685385163	
BE:FD	190	253	1	135.37194427621085	1.7885435847460842	0.08495977814174314	
FB:DB	251	219	1	1.8268118695664823	0.019629635380525517	2.063609987813885E-5	
71:FF	113	255	1	28.649196264434575	0.383376983232067	0.0022841968493080454	
B7:FE	183	254	1	167.12813953088454	2.218739270822189	0.1250834921117944	
FE:FC	254	252	1	58.8474615659191	0.7706718960747369	0.02151082575021457	
F7:FC	247	252	1	167.78592507272745	2.198705238146041	0.17055152927418857	
FB:E7	251	231	1	10.678556962115625	0.1269499753474915	7.035632989770936E-4	
FA:F7	250	247	1	40.16924263682829	0.5195042627064056	0.009903152892985616	
FF:A7	255	167	1	33.41532645635572	0.2934465948097997	0.007018745192499872	
7F:F3	127	243	1	71.09538916072266	0.898490464120684	0.015581359883012815	
FF:F1	255	241	1	82.04513672537638	1.0226610144055743	0.042019958745937336	
FA:FD	250	253	1	34.95428143317786	0.4616348601853668	0.007494160587454634	
FF:6E	255	110	1	10.423718902028774	0.10047378996712282	6.816428360996308E-4	
F2:FF	242	255	1	6.026440060108367	0.08064094355600473	2.160658932262067E-4	
5E:F7	94	247	1	58.43234194143354	0.7556158758342559	0.007937740128053775	
FD:BB	253	187	1	8.15351137211338	0.08052632405451723	4.141832389225217E-4	
F7:F3	247	243	1	12.890053111878718	0.1628796050062574	0.0010060199457498477	
7C:FD	124	253	1	33.43591596826028	0.4415324519005806	0.0033736338335786935	
D7:7F	215	127	1	49.54238686694145	0.6120850071360157	0.013141986753474093	
7F:7B	127	123	1	22.191979060966073	0.26801237619243656	0.0015194756426717712	
7F:FA	127	250	1	7.680863277230969	0.09958544496091438	1.816948586200151E-4	
BF:E7	191	231	1	20.19462912633218	0.24008670717288585	0.0019028148694546596	
6D:7F	109	127	1	32.12295643948869	0.3968008791835923	0.002764064896857698	
EB:FD	235	253	1	11.48324738265044	0.15163503811547693	7.667553048731885E-4	
DF:7D	223	125	1	16.32116470568233	0.19779557258761626	0.0014743992946254043	
B9:FF	185	255	1	41.401769326897835	0.5540881867098215	0.007779706840278366	
EF:F5	239	245	1	50.560457018498475	0.6449956180662003	0.015074649611352348	
CF:EF	207	239	1	69.48617061702832	0.8568513954207406	0.02509614901159664	
BF:DB	191	219	1	6.056443753992229	0.06507938737641808	1.7152091673429585E-4	
FD:ED	253	237	1	2.137040763842802	0.02596359211025709	2.8321089156263364E-5	
F5:EE	245	238	1	37.08871508848725	0.4530559375254237	0.008283074931504462	
B7:F7	183	247	1	73.07770922112073	0.9451790712392799	0.02391657715441065	
7B:FA	123	250	1	6.282052218889636	0.08144891628215699	1.1857261135429656E-4	
E9:FF	233	255	1	21.33542717828997	0.28551815078188086	0.0026281334304167113	
EF:FC	239	252	1	37.56172663760962	0.4918424324409913	0.008313141901973945	
9E:FF	158	255	1	24.894672894434134	0.33314078792927254	0.002433429435682665	
DE:FC	222	252	1	7.5770708343695095	0.09919839935351976	3.159068691931198E-4	
5F:F7	95	247	1	50.78813353425975	0.6567542946444916	0.00604950044367355	
B9:FB	185	251	1	29.34155289364867	0.38382529501445045	0.0039094983704995884	
6F:F7	111	247	1	52.75762975435244	0.6822393114862851	0.007615079322722606	
B7:EF	183	239	1	21.283658227325144	0.2623858847358731	0.0020305364285131454	
BF:CF	191	207	1	26.72736085118259	0.26932768981587635	0.0033454043622567747	
47:FF	71	255	1	2.398967048787475	0.03210003030247775	1.0569973941477785E-5	
DC:FE	220	254	1	22.412100483892935	0.2973569414655782	0.002743463918719847	
5F:EB	95	235	1	7.535245220525739	0.09072064238245776	1.3339035945267904E-4	
7F:79	127	121	1	17.005473732996172	0.20136455285880792	8.926545230984934E-4	
77:FB	119	251	1	30.158583551175628	0.3944951976402475	0.002636673371507435	
6B:FF	107	255	1	7.598089562262142	0.10166988333687113	1.5224860484894034E-4	
FB:ED	251	237	1	9.693681801519089	0.1177770928555296	5.794575979965786E-4	
D4:FF	212	255	1	2.8009593284076866	0.037479385022109075	4.142743632188592E-5	
EB:F7	235	247	1	11.059108517856698	0.14300046422382917	7.115524395196475E-4	
CE:EF	206	239	1	9.49481335418824	0.11704711214044454	4.664719740098385E-4	
FF:E6	255	230	1	5.8220905577447155	0.06798727631507144	2.1176735522368894E-4	
7E:F7	126	247	1	9.777360936618551	0.12642242014742852	2.924000055057752E-4	
FF:F8	255	248	1	3.9592582627932016	0.05064092018755497	9.771118722682111E-5	
6F:FB	111	251	1	6.4050515845038065	0.08377671732485142	1.1218936989212682E-4	
FB:FC	251	252	1	1.7189957071586288	0.02250425611444252	1.8185810049261653E-5	
7F:EE	127	238	1	19.389806094519002	0.2368172316039715	0.001159715519028736	
1F:FD	31	253	1	11.329220470498393	0.14959216131975261	7.382636376302187E-5	
39:FF	57	255	1	5.247508801113053	0.07021588908695975	3.604339887472126E-5	
FA:FE	250	254	1	39.22613291028707	0.5205010765964065	0.009437052156177538	
6D:FD	109	253	1	35.523217597629746	0.46909321156529016	0.0033746812510247167	
D9:F7	217	247	1	9.229960269002675	0.119346846880427	4.610543077072734E-4	
1D:FF	29	255	1	15.662456788211948	0.20957660542473563	1.3300916034495247E-4	
1F:FF	31	255	1	45.83327147188383	0.6132977803647922	0.001207769911859068	
6F:DF	111	223	1	15.336843613480976	0.1690173023824318	6.459546060328618E-4	
3C:FF	60	255	1	30.52801844685224	0.40850341863913026	0.0012646114624247798	
C6:FF	198	255	1	7.746281094974114	0.10365474840983112	2.991257582719231E-4	
77:F5	119	245	1	17.04188147405669	0.21734855891187974	8.42433084020521E-4	
5D:FE	93	254	1	20.43654964000145	0.27112567156902784	9.629802700152224E-4	
FD:7A	253	122	1	11.158552464123078	0.1313458060130901	7.728181682328669E-4	
FB:AF	251	175	1	1.3205467706833918	0.011875200865917594	1.0821275563856288E-5	
79:DF	121	223	1	4.236417072059614	0.046685406328376505	5.342431472752294E-5	
7F:F1	127	241	1	18.88599236180935	0.23530193839188868	0.001099682242405763	
F3:F9	243	249	1	6.956455144024164	0.0897603141545216	2.8920704320626684E-4	
7F:DD	127	221	1	10.511235221826977	0.11490596031648535	3.4168107095663915E-4	
9F:FD	159	253	1	1.5815734197159301	0.020883248367898375	9.873133481566791E-6	
BF:7D	191	125	1	2.9302066141779877	0.03550835154158801	4.003754694846853E-5	
D6:DF	214	223	1	11.020012733507576	0.1214463613900493	6.491627487109791E-4	
77:7F	119	127	1	7.784127064622512	0.09614794570827685	1.758939053147401E-4	
BB:FD	187	253	1	2.4172278542024555	0.0319174637188119	2.6749424328620856E-5	
7E:FB	126	251	1	19.304488451288318	0.252509021679777	0.0011395517717243096	
55:FF	85	255	1	9.453558418371903	0.1264978863100366	1.903575873259314E-4	
CF:BF	207	191	1	3.9723496544263206	0.0402639028057057	8.233888354602136E-5	
EF:DB	239	219	1	9.450562592420003	0.10155360756561262	5.286078837588865E-4	
FC:FA	252	250	1	3.8582540701860975	0.05002380562872274	9.18464425264121E-5	
7E:E7	126	231	1	1.2378459885482982	0.014714985494570737	4.696422940063518E-6	
7F:DE	127	222	1	11.15477577073939	0.12218074552578234	3.8478440118378015E-4	
7F:B7	127	183	1	5.580493614919615	0.05479695980534006	9.652152314382467E-5	
75:FB	117	251	1	3.0536635004424406	0.03994092222124352	2.666189795301093E-5	
5D:FB	93	251	1	11.833528740359135	0.15478155148904577	3.229884176763958E-4	
EF:7B	239	123	1	1.9084928733283115	0.02304755460313106	2.149822031556284E-5	
DE:F6	222	246	1	3.5490110671987156	0.04548247824595918	6.93423408626144E-5	
BD:FA	189	250	1	7.9108338294600555	0.10256841644151833	2.887857678860641E-4	
7D:FA	125	250	1	4.308082053245316	0.05585540926552076	5.642414966391429E-5	
7B:FE	123	254	1	9.454989210968167	0.1254342242306455	2.6843814373320656E-4	
F5:7F	245	127	1	3.075118971706342	0.03798308827650725	5.690736264680118E-5	
D6:FB	214	251	1	16.436556475870546	0.21500162436519102	0.001438224977913157	
DE:7B	222	123	1	1.6904571904821384	0.020414448204268576	1.5755581179019173E-5	
BE:BF	190	191	1	2.150648464265399	0.021798830566557615	2.155708999153595E-5	
DA:FB	218	251	1	10.529409979953853	0.13772788180155113	6.018698047977253E-4	
FE:D7	254	215	1	1.8190325244142773	0.019329147588522708	2.0644205268550646E-5	
AF:FD	175	253	1	1.729042429789381	0.022830470416207373	1.2844129152266179E-5	
FB:F1	251	241	1	4.514003664999483	0.05623860052200098	1.2556660436391625E-4	
7F:BE	127	190	1	4.565146387138195	0.04575874261930135	6.456647270035547E-5	
BD:F9	189	249	1	5.117242944567941	0.06602746894897424	1.2085087832215684E-4	
77:FE	119	254	1	0.0	0.006588577225513783	7.146993598622282E-7	
EF:ED	239	237	1	4.146704034099827	0.05038019700281189	1.014778146484404E-4	
F4:FF	244	255	1	6.797663255687733	0.09096126488758599	2.7652699483435755E-4	
5F:F9	95	249	1	6.965003030842465	0.08986835077489119	1.1376608274957581E-4	
B3:FD	179	253	1	5.019250705940205	0.06627571760838183	1.1087804578298506E-4	
CD:FE	205	254	1	4.294727419201407	0.05697546860865223	9.491657002087795E-5	
7E:BF	126	191	1	1.3135792912417925	0.013314273468038164	5.307390765551646E-6	
7E:EF	126	239	1	7.4357989613618445	0.09166225309477731	1.6932261019696337E-4	
CF:FE	207	254	1	2.1610341407091114	0.028668780326375043	2.421490188700743E-5	
DF:AF	223	175	1	2.776021679422217	0.02496394252085515	4.291739370916452E-5	
9F:F7	159	247	1	4.823427164833834	0.06236680435565382	9.188325363284585E-5	
F3:F5	243	245	1	1.6593863732560075	0.021162633229079214	1.646028462051596E-5	
F9:F9	249	249	1	1.688444080587925	0.021785601251145852	1.7438383296820737E-5	
95:FF	149	255	1	4.870934030863331	0.06517775221623862	8.87065779342363E-5	
3B:FF	59	255	1	1.5862577341052442	0.021225304439637247	3.382021785917015E-6	
FF:E9	255	233	1	1.2128385562743884	0.01438614303520359	9.185970475004946E-6	
2F:FF	47	255	1	5.708332938878312	0.07638204244187399	3.588579558245472E-5	
AF:F7	175	247	1	2.2182183816460928	0.02868124190045294	2.1151639389282576E-5	
D1:FF	209	255	1	1.8290889877785368	0.02447474787161272	1.748969998792359E-5	
E7:BF	231	191	1	2.4757851163314486	0.025094499231191413	3.521047202362703E-5	
FB:CF	251	207	1	7.064425052098952	0.07118143167436312	3.0903184206170447E-4	
FC:F7	252	247	1	3.0453475771402334	0.03937626549120008	5.722450449118858E-5	
7D:DE	125	222	1	3.206997126198681	0.0351260909728893	3.139476198237204E-5	
5D:EF	93	239	1	5.25761352934546	0.06481073626317556	6.385433921742971E-5	
D3:EF	211	239	1	3.1436850176036613	0.03875245734867685	5.216315567568837E-5	
B8:FF	184	255	1	2.184150248602969	0.029225774758649403	2.1547251123708605E-5	
CD:FB	205	251	1	2.5411534960760664	0.03323760271140987	3.324224691676529E-5	
E6:FF	230	255	1	2.6272646723690594	0.03515519755241382	3.9240639266042734E-5	
F7:9B	247	155	1	2.7788244608964097	0.023228984241474748	4.715426310869276E-5	
DE:FA	222	250	1	6.5320632715116815	0.08469183361968155	2.3483571387890762E-4	
EA:FF	234	255	1	1.6481326023555969	0.02205339897129108	1.5730234476875924E-5	
6C:FF	108	255	1	2.810047930285135	0.037600723900633924	2.0946328551291326E-5	
E5:FD	229	253	1	1.7729699611836893	0.023410555644232115	1.7818794486751674E-5	
7F:9F	127	159	1	1.1775858874168643	0.009995373165690533	4.309405237142548E-6	
FD:9F	253	159	1	4.872634515300611	0.04136012494891465	1.4833009840133486E-4	
8F:FF	143	255	1	4.849565367605131	0.06489177918951619	8.53234337097976E-5	
FB:DE	251	222	1	1.5012047752838344	0.016442618025435726	1.392953559521279E-5	
D8:FF	216	255	1	2.1064452717321656	0.028186058111197208	2.389689257147732E-5	
F9:F6	249	246	1	5.365052270195255	0.06875692860751118	1.7610560348086998E-4	
7D:F9	125	249	1	1.2312042204022167	0.01588583743895636	4.6090040853614355E-6	
5E:FF	94	255	1	2.6844320584810197	0.035919837843154286	1.6735484419831615E-5	
DF:F5	223	245	1	3.3920545556505957	0.04326023093617016	6.359488334998015E-5	
77:F7	119	247	1	9.216318569250365	0.11916769890220207	2.462912714782612E-4	
9F:BF	159	191	1	1.385703062490985	0.014045331345028361	7.626125709251304E-6	
B7:DE	183	222	1	1.3225866179739356	0.014486174471152835	7.861623176842718E-6	
73:FF	115	255	1	8.316395856743863	0.11128190521038273	1.9517937521486623E-4	
5F:BB	95	187	1	2.129988002763823	0.021035389825396298	1.0704656376467906E-5	
B5:DF	181	223	1	2.715419762588577	0.029923968301939854	3.2846794011127244E-5	
9F:FB	159	251	1	2.3644912332331582	0.030926792484725775	2.2073073963327796E-5	
FB:77	251	119	1	2.4535973698929188	0.02920742249488546	3.7139469647366296E-5	
F6:FD	246	253	1	1.1338061074742403	0.014970894284588894	7.746383793638627E-6	
FB:F8	251	248	1	1.7530622994960514	0.022422245427412647	1.892527137256786E-5	
EC:FB	236	251	1	2.5907060601538014	0.03388580513069894	3.9126525509256585E-5	
CE:7F	206	127	1	2.1209712401826746	0.026197501274804365	2.3274354633506413E-5	
5F:F3	95	243	1	2.0007752492041093	0.025280091015906173	9.39282835054397E-6	
DE:BB	222	187	1	1.355150194501391	0.013383259899268193	1.017010932094932E-5	
7F:F6	127	246	1	5.439357676220521	0.06970808929194411	9.114772305944507E-5	
7D:BB	125	187	1	4.106926116656134	0.040559590330288026	5.1598805893747816E-5	
7F:5F	127	95	1	5.289808352160047	0.050394095537880185	8.677745351891943E-5	
5F:BD	95	189	1	4.4406993359323375	0.044112131210644126	4.652382277328926E-5	
7C:FE	124	254	1	1.5752507676966663	0.02089750780297539	7.486314100306518E-6	
DF:A7	223	167	1	2.567553073319008	0.022543358236330937	3.6729201408522876E-5	
CF:7F	207	127	1	3.2666016739353707	0.04034817224284139	5.543196970528147E-5	
BD:FC	189	252	1	1.822668956296841	0.02386144425621898	1.5325619295586777E-5	
CE:BF	206	191	1	2.0564899865267	0.02084446033989056	2.19786394016278E-5	
FD:AF	253	175	1	1.6350699420493853	0.014703623760963057	1.6684685223724487E-5	
1F:EF	31	239	1	4.3471978163514	0.05358750396743406	1.0889560795640094E-5	
BD:BB	189	187	1	1.542909992643021	0.015237542274686319	1.1053485364998041E-5	
EF:3F	239	63	1	2.5720165006471705	0.027983693631723962	3.913999076587608E-5	
F7:F9	247	249	1	1.2674728644071982	0.0163538642384363	9.720569319150432E-6	
3F:7F	63	127	1	2.6352923351699538	0.032549982458192475	9.87274312094955E-6	
4F:DF	79	223	1	1.3339891955594743	0.014700444110147374	3.595694969237959E-6	
F7:BD	247	189	1	2.493649584149507	0.024771033642994	3.785226968317827E-5	
D3:FD	211	253	1	1.812226360150245	0.023928890927386252	1.7303595369846116E-5	
DF:6F	223	111	1	2.3450452428587836	0.022981626520672614	3.0576181902401806E-5	
FF:4F	255	79	1	1.837711674235054	0.012106653465148883	2.131508921134921E-5	
FC:FC	252	252	1	1.9340332095599304	0.02531945661555086	2.3072224468538113E-5	
5F:DF	95	223	1	2.465695320053122	0.027171830638538837	1.4311780908964862E-5	
F9:EF	249	239	1	2.1323770209482724	0.026285890051910978	2.7846323944280896E-5	
EC:EF	236	239	1	2.5859170143591017	0.031876758948177854	3.9041285060172876E-5	
9D:FE	157	254	1	1.8473894285232926	0.02450779952980719	1.3342459008020156E-5	
7D:EF	125	239	1	3.731770794474605	0.04600159798720511	4.239223938738625E-5	
D6:FE	214	254	1	2.2832677792040323	0.030290388621121392	2.773987989428154E-5	
7B:7F	123	127	1	1.5591536493276366	0.019258004543876384	7.312879502985467E-6	
57:EF	87	239	1	1.9894477794808705	0.02452378249716596	8.597267793246265E-6	
DB:7F	219	127	1	1.9084770833543616	0.02357283401551826	1.9877222322845327E-5	
EB:7F	235	127	1	1.4255662121400663	0.017608052634401728	1.1836159106351793E-5	
5D:7F	93	127	1	1.7102585074245025	0.0211243720821821	6.756291092830573E-6	
9F:7F	159	127	1	1.5284449768877217	0.01887872956929975	9.236877142774063E-6	
EB:FE	235	254	1	1.9885853716450062	0.026381044293582293	2.29891855832167E-5	
FF:3B	255	59	1	2.237901810802344	0.02441320285047768	3.1335870242996985E-5	
7B:BB	123	187	1	1.484021693362548	0.014655931392836845	6.658275614229595E-6	
B5:FA	181	250	1	1.1979265170941178	0.015531309881078413	6.367510168773651E-6	
ED:F9	237	249	1	1.8717600398655971	0.02415089951949926	2.050508458733246E-5	
DE:F5	222	245	1	2.326145828529963	0.029666094312978245	2.9792546226999703E-5	
97:FF	151	255	1	2.3614276293648104	0.03159786592695	2.1055202753017393E-5	
DF:DD	223	221	1	1.2528285839883226	0.013695232505944845	8.706989408734181E-6	
EF:EB	239	235	1	2.306734712126623	0.027771837368989402	3.1408655223063816E-5	
D7:D7	215	215	1	1.2976499939249464	0.013788845676336826	9.04328019436076E-6	
F9:EE	249	238	1	2.2321715043325376	0.027261358689137854	3.052076998510088E-5	
CE:FE	206	254	1	2.3613424421800944	0.0313261475996107	2.8795391915045398E-5	
4D:FF	77	255	1	2.337143542294745	0.03127279048763595	1.0778103812585131E-5	
DB:BE	219	190	1	2.2415317234556427	0.022467950663098188	2.75493405440379E-5	
FF:F2	255	242	1	1.081093703793485	0.013536298827922755	7.288985009276083E-6	
3C:FB	60	251	1	2.191538252672237	0.028664440897941568	6.521122571037238E-6	
FF:2F	255	47	1	2.129616674420232	0.016629709676778407	2.8554342195298703E-5	
FE:79	254	121	1	2.2043795331875713	0.026101413329455578	3.024327569092901E-5	
DE:BF	222	191	1	1.6466174745365756	0.016689990741916422	1.5007552727149254E-5	
EF:9F	239	159	1	2.1245635689668205	0.01803350036584859	2.6834969181249802E-5	
DD:DF	221	223	1	2.174438431244118	0.02396234261848841	2.6037082698066275E-5	
F4:FE	244	254	1	2.2138396549972557	0.02936937039883652	2.933542219816721E-5	
F7:7D	247	125	1	2.0884689237538674	0.0253081178272089	2.6434018616112268E-5	
DE:F9	222	249	1	2.2092345627233803	0.02850529173725923	2.6864935212349632E-5	
DB:FC	219	252	1	2.213478614195335	0.028977828725512748	2.6698283268635346E-5	
5D:DF	93	223	1	1.5716877068493988	0.01731987719129483	5.72117969488917E-6	
7E:DF	126	223	1	1.9294318950601612	0.02126223893910452	1.1430215210481139E-5	
EF:DD	239	221	1	2.1150392008475087	0.02312057255425552	2.6464345053829706E-5	
3F:BF	63	191	1	2.0881579274451787	0.021165282130030806	6.226581715783139E-6	
FD:77	253	119	1	2.091159912934206	0.02489294299584793	2.7131564835183408E-5	
FE:F7	254	247	1	1.9299731964147007	0.02495433440757699	2.3131363471977426E-5	
3D:FD	61	253	1	1.8885161481527604	0.024936059283795615	4.909307868858926E-6	
7B:FD	123	253	1	2.062393858987803	0.02723204659449318	1.2773459694488275E-5	

