BMLVN	12	x2	MULTI	ch2.0
metabolism	0.9970000
mutations	0.0000100
catastrofic	0.0010000
minWeight	0.1
start biomas	2.0	_
env.size	25000.0
feedSourceH	0FF
0C7
0B5
023
011
feed port max	50000.0
timeQuant	0.01

key	suscepBits	activeBits	maxsize	popBiomas	currincome	currloss
22F:00E	559	14	1	1606.6809669571526	6.69145415387373	1.7953066728233402	
027:0EC	39	236	1	5174.5536901926425	23.183820901203532	10.279380949598245	
005:00E	5	14	1	6113.0789006875375	24.62595675698617	6.464692707694597	
9FF:7FE	2559	2046	1	1976.3723170515998	9.540736602864913	3.2888380109052835	
1DE:7FE	478	2046	1	1505.9837368817082	7.257764581468965	2.6068288842357994	
067:0FA	103	250	1	2601.484265620973	11.460825779891525	4.012539744367734	
BFF:FDF	3071	4063	1	1156.6280537885777	5.4594546015884395	1.7518290241663135	
FFD:FFF	4093	4095	1	729.2903384132225	3.5057260047262977	1.25160314070433	
02F:7FE	47	2046	1	2706.012552886098	13.067200488804874	5.377066792165194	
00F:000	15	0	1	14609.377809728347	85.79638671875	188.59614915758578	
045:00E	69	14	1	3604.7969560575375	15.015602869790705	4.620710113467623	
8E7:0FE	2279	254	1	2317.788957853544	10.722682308941536	4.034739690361561	
8EF:7FE	2287	2046	1	2501.919770829676	12.081635437771984	4.969202995254609	
8EE:7FE	2286	2046	1	2067.5398555356774	9.980596464441788	3.390147803176087	
F7F:FDF	3967	4063	1	748.0884884856117	3.536985515351869	1.2416952917771664	
777:000	1911	0	1	9693.859023878455	325.7367248535156	233.7953966334229	
0E7:0FE	231	254	1	1234.1333762271229	5.682651452197472	2.2008501600196975	
0AF:7EE	175	2030	1	1784.9023018605315	8.44332046217989	3.1318845925884666	
0A7:0FE	167	254	1	1521.8168454940562	7.001315383206507	2.09394271853144	
BFF:FFF	3071	4095	1	949.8743374697582	4.561758322189763	1.1827527915786011	
9FF:FFF	2559	4095	1	1694.1340683463495	8.1071844556715	2.366928068343576	
0FF:000	255	0	1	11763.241716101335	466.659912109375	209.315467213983	
0AF:7FF	175	2047	1	1778.0888851509108	8.595697067516786	3.107330508670929	
FFF:000	4095	0	1	10331.549520876753	173.27517700195312	258.37227571011437	
0AF:5FC	175	1532	1	1264.5088811783846	5.683887355162803	1.567438379211792	
004:00E	4	14	1	6174.5538620707985	24.648065181953957	8.16430389146284	
3E5:7FF	997	2047	1	927.2918114495546	4.4751110449446205	1.3175130175658232	
AFF:7FF	2815	2047	1	1442.3915790281872	6.966940740718497	2.3040875617500114	
FFF:FF7	4095	4087	1	630.5497931331023	3.025812180029188	0.9365374987577054	
BFB:FFF	3067	4095	1	1462.8443732578435	7.008318106273528	2.789503071320705	
0E5:0FE	229	254	1	1181.6609651623355	5.442942348126488	2.00704915984502	
EFF:7FF	3839	2047	1	715.7500916360519	3.4568419318351147	1.0678480003096136	
027:0FC	39	252	1	3158.8458137646458	14.270999314775054	3.8744685016046088	
007:02E	7	46	1	2543.9251338572967	10.25959795798439	2.1742212359263626	
EFF:FBF	3839	4031	1	769.1080538996298	3.5319708772153233	1.2299059400475822	
02F:0FE	47	254	1	2256.17925308363	10.404208588537005	3.704417423378239	
FBD:FFF	4029	4095	1	629.1053207239718	3.0247209970248434	0.9045372569912141	
7FF:FDF	2047	4063	1	485.5104653140356	2.298147155583793	0.6725441004286539	
007:00E	7	14	1	4710.247819980961	19.011583275974882	6.949075990845625	
02F:7FD	47	2045	1	2677.6655622902226	12.925428781569227	5.26480057846692	
0E7:0FC	231	252	1	986.1238966097463	4.463010516836832	1.4080082721197835	
0ED:7FC	237	2044	1	1453.1063607195224	7.001026660196164	3.2011819677341093	
4E7:0FE	1255	254	1	888.2151557705336	4.107193653948169	1.5324235487411448	
027:0FE	39	254	1	4453.254571291698	20.39622419056291	7.633006117851135	
2FF:7FF	767	2047	1	1126.5430991785745	5.436283133384158	1.726217680300177	
7FF:FFF	2047	4095	1	600.361570973702	2.889310685197848	1.028517725659805	
1EF:7FE	495	2046	1	1503.5560797072353	7.246832021238202	2.837594957967473	
3FF:FFF	1023	4095	1	1111.497167192056	5.34735572160948	1.991615052803087	
DFE:FFF	3582	4095	1	718.8730400414012	3.4552588756174365	0.9609829195779496	
BEE:FFF	3054	4095	1	1261.3086907740937	6.049515353530771	2.06060869686485	
8AF:00E	2223	14	1	1745.5565359480215	7.271023869564862	2.2362217794484494	
FBF:7FF	4031	2047	1	785.5987830487835	3.794291606814871	1.4149645504067134	
37D:7FF	893	2047	1	1395.5941564324853	6.726534703549258	2.184099783201521	
9FF:FBF	2559	4031	1	1508.4518645943724	6.904957350465636	1.8821305424782608	
00F:00E	15	14	1	1333.718192855508	5.519408299794292	1.5052608015671052	
0E7:0FB	231	251	1	955.013199193037	4.273028869025815	1.3210520410859503	
1BF:7FE	447	2046	1	1554.0538695245389	7.488392985099351	2.449726057711866	
067:0EE	103	238	1	3137.5310764800042	14.311984357923473	5.781207453999557	
BF7:FFF	3063	4095	1	1070.3059408839622	5.137826873677173	1.4934659199635205	
555:000	1365	0	1	11047.979027839066	125.80028533935547	236.04634454082483	
CFF:FFF	3327	4095	1	999.1038246314914	4.797724226072698	1.596583017702301	
FFF:7FE	4095	2046	1	769.9911727844645	3.7139911494863793	1.3997333116658923	
2FD:7FF	765	2047	1	1363.1975328548644	6.575587694171922	2.517039205056156	
00D:02E	13	46	1	933.9841587932436	3.773729348876176	0.6369958163951611	
2E7:0FE	743	254	1	1491.9167986521475	6.888346993794999	2.8572683903070337	
08F:7FE	143	2046	1	2950.736959012315	14.251183555512997	6.3255945559058375	
1BF:FFE	447	4094	1	1426.350789217401	6.857474112579762	2.069136725590108	
067:0EC	103	236	1	2646.9785339145524	11.891994584177878	4.14026664847085	
027:0EE	39	238	1	4964.793106606752	22.675592595407714	9.442414140591769	
27D:7FF	637	2047	1	2327.8565655262364	11.191667456914729	4.228848138059926	
DF5:FFF	3573	4095	1	934.2768704665531	4.487733590539716	1.6140381124175878	
02F:7FF	47	2047	1	2382.14916151409	11.515875200382927	4.164969541554374	
37D:7FD	893	2045	1	1753.8915247121474	8.428703701724615	3.4446330045746367	
1CE:7FE	462	2046	1	1997.8138202225944	9.620538283772015	4.3646280229780015	
0EF:0FC	239	252	1	848.2100469339243	3.8410316390622863	1.0885900037313347	
3DF:7FE	991	2046	1	1035.2690297469435	4.988552692124925	1.6042172681189635	
3FF:7FD	1023	2045	1	1048.3043060384916	5.049746183220941	1.7668920790695721	
1FF:7FE	511	2046	1	1610.329306741855	7.760611536428402	3.4013247913975944	
EFF:F7F	3839	3967	1	686.5070815695091	3.1900427078177476	0.9801299779423938	
9FF:FFB	2559	4091	1	1847.4378280112567	8.809375211200674	2.810375111088856	
067:0FF	103	255	1	2414.5807824096355	11.182041738839192	3.4539194620614353	
0BF:5FE	191	1534	1	1560.3467595093166	7.02894583330783	2.458414876463025	
2FF:7FD	767	2045	1	1224.1440497407912	5.896432001322552	2.038030686303711	
0FF:7FF	255	2047	1	1010.3038840042035	4.881209859212764	1.6011546743286076	
0AF:7FA	175	2042	1	1793.1105898383623	8.610172132639063	3.1603545057570086	
FFB:FDF	4091	4063	1	618.7344952192806	2.9263596727506043	0.9004353800276489	
067:0FB	103	251	1	2731.074982905638	12.134708835847617	4.414805173505275	
EFF:FFB	3839	4091	1	672.7279593112933	3.225707656794699	0.940780114103695	
0BF:7FE	191	2046	1	1955.5336955498892	9.44311752681998	3.873783600210952	
FBE:FFF	4030	4095	1	706.2178017718142	3.3949319738329358	1.1403139547810197	
06F:0FE	111	254	1	2501.722040153254	11.468569930742856	4.810385638277461	
02F:0FC	47	252	1	2627.43627387751	11.886084617543755	5.024165579434362	
DFB:FFD	3579	4093	1	797.908577658712	3.8313482866393933	1.1814833954131467	
FDF:FF7	4063	4087	1	553.2562495966217	2.6552005415628903	0.7108390123417858	
E3F:7FF	3647	2047	1	1032.5941849583292	4.986811183385152	2.0157513710814974	
1ED:7FE	493	2046	1	1008.6768068754653	4.863412190726254	1.2711156488735917	
DDF:FFF	3551	4095	1	931.9590129848664	4.476614555096072	1.5867833146416372	
0EF:7FC	239	2044	1	1284.3615689431404	6.1876318384762685	2.514689672294422	
3FF:FFE	1023	4094	1	1082.0269313289175	5.202364727861638	1.8873823536592482	
27F:7FF	639	2047	1	2767.770229729922	13.280035521433343	5.978914275582762	
006:00E	6	14	1	2900.986643498164	11.914933488502243	3.1713309133981	
1DF:5FE	479	1534	1	1283.9408033860495	5.778881284157396	1.89303495504602	
BFE:FFF	3070	4095	1	1397.139670684415	6.69609822829928	2.550541210452116	
1FF:7EE	511	2030	1	1476.99710430856	6.976000059036898	2.86280877627965	
02F:0EC	47	236	1	2092.187673854977	9.469735582261672	3.1876963588075196	
DF7:FFF	3575	4095	1	953.003522514936	4.5773746287955355	1.680770179060358	
2FF:FFF	767	4095	1	1099.9142212307581	5.2915316072092935	1.6496956031320023	
0AB:7FE	171	2046	1	1644.4753358664839	7.937776825305117	2.5781955483861534	
00D:00E	13	14	1	1609.4823191288772	6.6507679505620985	1.849558526479446	
0E7:7FE	231	2046	1	1276.9911503030567	6.162063264517355	2.381014115751127	
0AF:7BE	175	1982	1	1013.3376642517759	4.333860651644472	1.0088342805319972	
FEB:FFF	4075	4095	1	595.4111561162483	2.8629321104492087	0.8278219022107757	
10F:02E	271	46	1	4089.6626703386023	16.545751555425216	4.760342861001555	
FEF:FFB	4079	4091	1	677.7995345239013	3.2502681600065926	1.074408714762506	
8EF:7FA	2287	2042	1	2377.338121918854	11.416934662523971	4.485995275242807	
205:00E	517	14	1	2256.8801956970788	9.40257813972196	3.2920996350012715	
1DF:7FE	479	2046	1	1380.5594411950094	6.654233697931091	2.190117247637434	
FFF:FF3	4095	4083	1	379.23318175452783	1.812403069672074	0.33895524006201017	
3FD:7FF	1021	2047	1	1190.940958860546	5.744790862204608	2.273136614822911	
0AF:00E	175	14	1	1194.197362933654	4.973835426976191	1.4018958755251922	
02F:7FC	47	2044	1	1982.7558005079343	9.553417574894995	2.8838382380630803	
8FF:FFF	2303	4095	1	1626.7539504036772	7.79292701973773	2.333649549459891	
0E7:0FF	231	255	1	930.6946045462255	4.332998551793572	1.2541657187307969	
087:00E	135	14	1	2083.5241205598077	8.68007945492544	2.975242866123402	
02F:00E	47	14	1	1641.656663389673	6.816628527762347	1.957465000296235	
FF6:FFF	4086	4095	1	706.257036078546	3.395186564448585	1.1704172929107877	
0AE:7FE	174	2046	1	1432.7139810185727	6.914554156518663	2.024715503044598	
0AF:7F6	175	2038	1	1734.2182896705579	8.334805992805881	2.9557996187955613	
0AF:0FE	175	254	1	1457.3016404965242	6.7060670040022945	2.053120766609465	
DFD:FFF	3581	4095	1	924.3938654242528	4.440423824588372	1.5867162943422497	
02D:02E	45	46	1	840.250185274512	3.3885133272945045	0.456864768783691	
0A7:0EE	167	238	1	1999.6806256147408	9.16603105896981	3.593114521216302	
27F:7FD	639	2045	1	1988.5068202047166	9.556024242814582	3.0980041481483176	
FFB:FF7	4091	4087	1	467.0877753002387	2.2418794000057765	0.5132230561363524	
067:0FE	103	254	1	2952.245603073501	13.494785966074277	5.139422735450545	
FEF:7FF	4079	2047	1	836.7355782829483	4.041226990891021	1.6414017132553287	
1AF:5FE	431	1534	1	1781.4812533650052	8.009488996660787	3.047221709189959	
FEF:7F7	4079	2039	1	708.0732197522965	3.404641485758263	1.1752872787060462	
FBF:7F7	4031	2039	1	814.0263703464234	3.9140230973009134	1.5193580651009413	
9FF:FFD	2559	4093	1	1574.7223229776375	7.535215469385507	2.047627250671839	
EFB:FFF	3835	4095	1	744.3819667094654	3.5778119014652057	1.1494870585011008	
DFF:FFF	3583	4095	1	952.4086153247771	4.574533645429444	1.6856689746912352	
0FF:7FE	255	2046	1	1233.0778893018748	5.9504712538870885	2.3861702022763165	
02F:0EE	47	238	1	2509.0492059570197	11.564394293246636	4.575472594993708	
B7F:7FE	2943	2046	1	1181.0971431689336	5.696866000408453	1.6986028281654197	
04F:00E	79	14	1	1907.989958299981	7.926131520755487	1.9878412822325784	
B7F:FFF	2943	4095	1	1159.2295304864053	5.562701516139477	1.6217146453786635	
0ED:7FE	237	2046	1	970.3468757535607	4.681675838302272	1.4262063410271804	
FEB:FFB	4075	4091	1	674.9375607924782	3.2365506662719326	1.063567316484601	
DFF:FFB	3583	4091	1	543.0934494712926	2.604545189845507	0.5489871401583352	
8AF:7FE	2223	2046	1	2631.4538810216336	12.706454029955063	5.081912392081654	
D7F:FFF	3455	4095	1	977.1344118294933	4.692739824527053	1.6516819780862522	
DEF:FDF	3567	4063	1	818.0342638315648	3.86659831190815	1.2339826250861756	
4EF:7FE	1263	2046	1	905.6178771768485	4.3649703182608794	1.6069774282707452	
FFD:FF7	4093	4087	1	658.4443287494362	3.1594978851774367	1.0204220276599059	
0EF:7FE	239	2046	1	1281.1975482555056	6.1827490910393115	2.5021980359780507	
3ED:7FF	1005	2047	1	1119.5727613889076	5.401301918038615	1.9552761100147373	
FF7:7FF	4087	2047	1	725.8809037088984	3.5059130688992224	1.2395574860343574	
046:00E	70	14	1	3779.7763057412953	15.7459085877294	5.191684982349524	
427:0EC	1063	236	1	753.735579483586	3.419334312467488	0.8333857589252092	
0A7:7FE	167	2046	1	1775.0786517625597	8.568747622378163	2.8988724170078055	
FDD:FFF	4061	4095	1	643.3471965177259	3.0931482290948176	0.9602612707983041	
067:1FE	103	510	1	211.20863400462903	0.7838789265438683	0.02707241139440114	
067:0FD	103	253	1	2974.5047619835223	13.471406219341011	5.219154231862791	
FDF:FEF	4063	4079	1	694.958209252205	3.3135576102924227	1.1213279268332987	
EF7:FFF	3831	4095	1	601.9886466563333	2.894278089695381	0.750621752615384	
085:00E	133	14	1	2094.8453291381825	8.72724760136616	2.9922171971684435	
FFB:FF5	4091	4085	1	624.9062490176451	2.9963997161172355	0.9183354417520285	
0E7:0EE	231	238	1	1135.513327280184	5.2318198404630545	1.8630384102519453	
AFF:7FD	2815	2045	1	1943.0687322151048	9.369291175033359	4.182947227609016	
DFF:FFE	3583	4094	1	916.0410746401542	4.3976797023080065	1.5596215468529648	
067:0FC	103	252	1	3113.2419206620343	13.953362418333588	5.713369168523746	
FFF:7FF	4095	2047	1	661.0466648946401	3.1927612768861744	1.0314988856470928	
FFF:FEB	4095	4075	1	528.2960629345735	2.513215750181628	0.657618115599363	
3FD:7FD	1021	2045	1	1167.1583252414862	5.620842164515559	2.183370890661543	
DFB:FFB	3579	4091	1	774.1181500987411	3.71077411236076	1.1121887135741888	
B7F:F7F	2943	3967	1	1099.8495286262616	5.101997692896308	1.4604190615816475	
3FF:7FF	1023	2047	1	1066.4401490840064	5.145602774207112	1.828440069580746	
FFE:FFB	4094	4091	1	593.400993424414	2.8460157533095	0.8293498143662184	
0AF:5FF	175	1535	1	1399.0562350485925	6.313780552107834	1.9185553800907924	
AFF:FFF	2815	4095	1	1293.4433778061696	6.203060169141447	1.8324168656175848	
7FB:FFF	2043	4095	1	431.5043474534196	2.0762599765724232	0.5293586345928852	
0C7:0FE	199	254	1	1579.0478326517014	7.255589392461555	2.564571975478823	
EEF:FFF	3823	4095	1	623.4472908233852	2.9973289803266923	0.8018771271079391	
82F:00E	2095	14	1	1840.966912825728	7.66842486471923	2.3522050988343026	
0AF:7FE	175	2046	1	1952.253887014046	9.426702597413755	3.747203244193781	
77F:7FF	1919	2047	1	688.7295584346193	3.324564224783222	1.1953212923150358	
047:00E	71	14	1	4434.144058506784	18.47596230538965	7.0713725268072185	
06F:02E	111	46	1	525.8116264840148	2.124747839435566	0.21587324980314482	
0EE:7FE	238	2046	1	1092.0579464109107	5.269411841329988	1.8223264891723887	
0AF:7FC	175	2044	1	1824.8780830444098	8.795693121711501	3.2734131820481176	
1FF:FFE	511	4094	1	1139.1931516247464	5.478241579814073	1.7055316029218222	
DBF:FFF	3519	4095	1	856.0503750726006	4.112997079940224	1.3155216588219494	
0F7:0FE	247	254	1	983.6944794732285	4.534970385642547	1.4444316238026331	
0EF:5FE	239	1534	1	966.08958782008	4.353925946604725	1.422263175266158	
3EC:7FF	1004	2047	1	892.5947610631827	4.307941344675774	1.2432541897152616	
F7F:FFE	3967	4094	1	724.6301031267777	3.481036944974582	1.1648866633472634	
77F:FFF	1919	4095	1	368.0427644076874	1.7705500014787359	0.34182186049705215	
FBF:FF7	4031	4087	1	759.5683528894731	3.643787009192966	1.3192343540832672	
FFD:FFB	4093	4091	1	672.1770356566456	3.2233607463499636	1.0634015522510902	
6FD:7FF	1789	2047	1	551.8100337363217	2.664289584552068	0.7660801033413416	
BFB:FFD	3067	4093	1	1299.0618170027049	6.2244652234018725	2.2022408651525267	
8E7:0FC	2279	252	1	2535.4309381520998	11.51541141469816	4.8304481054765045	
FFF:FEE	4095	4078	1	660.7876746526061	3.1489243577675676	1.0285281913674937	
3FF:77F	1023	1919	1	706.3932979423117	3.202851041627835	0.8037279732953517	
37F:7FF	895	2047	1	1451.505156202366	6.994815510803078	2.366073489470583	
FE7:FFB	4071	4091	1	756.845726710445	3.6286162707835325	1.3347161000552934	
FF5:FFF	4085	4095	1	520.2390876248985	2.5017429102806217	0.6349651320076107	
2EF:7FF	751	2047	1	1243.1476993306958	5.997759717969639	2.029139530300691	
FFD:7FF	4093	2047	1	704.3215397205809	3.401787363218761	1.1701807680968634	
3FF:F7F	1023	3967	1	344.73804466458904	1.6027367622519493	0.191573913259472	
04F:02E	79	46	1	1552.403786021296	6.278710490845917	1.3287797791664118	
5FF:FFF	1535	4095	1	623.1283228808917	2.9984156981754113	0.8990866052210359	
F7F:FFB	3967	4091	1	372.3020455835713	1.7858745840437187	0.3077782184038304	
00F:06E	15	110	1	652.3989129564527	2.7062644714519934	0.3676986368424697	
FFF:FFB	4095	4091	1	540.2264686536375	2.591180093038303	0.6875744992194202	
375:7FF	885	2047	1	1503.6796123326817	7.245184813090097	2.51179939593871	
03F:02E	63	46	1	893.7056910752372	3.6052611761091753	0.5055691137009989	
1E7:0FE	487	254	1	1313.6288883120667	6.060840263071915	2.0906003584753408	
FFB:FFF	4091	4095	1	667.2706912386618	3.2080484711398483	1.0469389904984017	
7FF:7FE	2047	2046	1	377.03067794781913	1.81815724071333	0.4049387376377808	
FBF:FDF	4031	4063	1	401.4771595449572	1.8992268959705707	0.3689204528186648	
0E7:7FC	231	2044	1	1158.929175262762	5.582605149528918	1.9607869841868504	
FFF:FFA	4095	4090	1	523.9463773581582	2.51157075939721	0.6467840294716993	
FEF:FEF	4079	4079	1	581.7571886741075	2.7744050376644616	0.7916880861019007	
FBF:FFB	4031	4091	1	547.9259913990347	2.628028318010907	0.6868205142079702	
CE7:0FE	3303	254	1	813.0292488636042	3.7596031160965393	1.0510025480660592	
FFB:FED	4091	4077	1	549.0448976838387	2.6164823674647923	0.7090627622766386	
7BD:7FF	1981	2047	1	681.1038842399068	3.2878325271251096	1.2080445617774331	
BFF:FF7	3071	4087	1	1176.7786327220213	5.635350728716369	1.81272531746915	
FF7:FEF	4087	4079	1	78.670883470833	0.37515814589510565	0.01454544824610988	
BFF:FFE	3071	4094	1	916.9263157015038	4.4012599709535705	1.1023709570587845	
F3F:7FF	3903	2047	1	621.5813032603994	3.002008906200682	0.833580455897708	
1FF:7FF	511	2047	1	1227.7355544514799	5.926999823376325	1.9773572801896346	
1FF:FFF	511	4095	1	1254.8858320087556	6.038576507227097	2.069778291095012	
F7F:FFF	3967	4095	1	709.8243395111404	3.4121649836521293	1.1178045054844576	
FED:FFF	4077	4095	1	405.69033664590245	1.951053582721593	0.38483420921523664	
1FF:FBF	511	4031	1	900.3693405711491	4.140865681219926	1.0670017412573631	
FFF:FF5	4095	4085	1	502.35590879778823	2.409189339477727	0.5946041233132335	
0AF:5DE	175	1502	1	1019.0743994925879	4.361935319757318	1.0202935173589593	
DFF:FFD	3583	4093	1	529.8727613709971	2.545676775010845	0.5226000287448636	
FF7:FFF	4087	4095	1	495.3021179620602	2.381886769613145	0.5760063055447165	
3F5:7FD	1013	2045	1	1053.5257047505731	5.074725781722756	1.7474033885699367	
EFF:FFF	3839	4095	1	469.1701693681816	2.256086530555897	0.45785268831607967	
0AF:5FE	175	1534	1	1610.5891990416137	7.2554883226665	2.542749081354013	
3FF:77B	1023	1915	1	464.1836346566	2.096907719491	0.34713846286084143	
DEF:FBF	3567	4031	1	574.9550267987504	2.641356364200798	0.6103359652930961	
0E7:0FA	231	250	1	746.6225193768435	3.311899889298751	0.8086852309655508	
0AB:5FE	171	1534	1	1441.713803477231	6.49484684371863	1.9768313526438204	
6FF:7FF	1791	2047	1	424.1967977098737	2.048220158746874	0.4534028784869468	
01F:02E	31	46	1	690.1624470459775	2.7892330422757814	0.23919713620773894	
FEF:7FC	4079	2044	1	453.0399994550016	2.1812785483359796	0.48095649604751867	
00E:02E	14	46	1	655.9633806973579	2.651021030408551	0.397320572119792	
EFF:7FE	3839	2046	1	535.5790753258038	2.5830478126145606	0.5978038988380057	
6FF:5FF	1791	1535	1	401.53377690796367	1.8122431430536496	0.4068015924244898	
FFF:FFF	4095	4095	1	516.7166102371739	2.4848207301407914	0.6290450928843219	
02F:02F	47	47	1	890.1340007607641	3.8389303275790714	0.5696020947005354	
DFF:FF7	3583	4087	1	518.2236259937978	2.4868454330504672	0.49990537691604703	
03F:00E	63	14	1	1946.045719684923	8.079716682042154	2.4131511710572853	
DFF:FEF	3583	4079	1	704.393283185671	3.358041671954614	0.9230200076452674	
FFF:FE7	4095	4071	1	428.1174675453902	2.035059433808914	0.43195463593299294	
FEF:FFE	4079	4094	1	490.9082193120056	2.3592860149889128	0.5638069240749259	
86F:02E	2159	46	1	749.3208847260523	3.0296624975710853	0.4000573306789419	
6FF:FFF	1791	4095	1	564.581989940109	2.716704269735216	0.8043937222685151	
22F:0FE	559	254	1	2093.0771594329176	9.680357281848122	3.046096276401225	
FEF:FBF	4079	4031	1	85.78513505482536	0.39413576745220075	0.017239009601973318	
FFE:FEF	4094	4079	1	241.91474071210342	1.1538627615976833	0.1379448581732193	
7FF:7FB	2047	2043	1	480.21515791015315	2.3063084972244403	0.6569472933982609	
FFF:FCF	4095	4047	1	315.8014920709615	1.4817258773212048	0.23512468605156325	
FDF:FDF	4063	4063	1	390.13881638140674	1.8455989503971455	0.3536380106652766	
DE7:FFF	3559	4095	1	504.1632448347575	2.424121827995479	0.4672275222263018	
7BF:FFF	1983	4095	1	276.80330544730265	1.3314646684894207	0.1999024508916802	
0E7:0F6	231	246	1	699.783300266757	3.1338561607449233	0.7103156091473842	
DFB:FFF	3579	4095	1	139.4613807763201	0.6705650374611002	0.0361833072416546	
FBF:FFE	4031	4094	1	382.67244548910435	1.8391929263600582	0.335126708202992	
5FF:FDF	1535	4063	1	393.3342477656718	1.861323786017582	0.35813758881911667	
9FF:EFF	2559	3839	1	626.4070177678395	2.6478523386648085	0.3279076654539395	
FFD:FFE	4093	4094	1	483.0845371061671	2.3217122176449965	0.5494611611916776	
FFF:FFD	4095	4093	1	319.6661946708793	1.5361497070315504	0.24085222349442795	
375:7FD	885	2045	1	992.6464207125957	4.780797255625527	1.0968622055034287	
7DF:FFF	2015	4095	1	115.85184987162727	0.5570900959061049	0.03558180937188344	
7FF:7FF	2047	2047	1	259.23807865953137	1.251682273783174	0.19143570811596705	
027:02E	39	46	1	1594.88280050538	6.3968813529098645	0.9521820706742862	
1AF:7FE	431	2046	1	1481.6349239340827	7.139895445086639	2.1118016719222648	
FFF:7FB	4095	2043	1	77.74277824451602	0.373211983838695	0.01425640711581405	
77B:FFF	1915	4095	1	168.7285021170577	0.8114321929040336	0.07167491468137145	
FEF:FF7	4079	4087	1	399.1881558624754	1.9160429186739678	0.3728867951055198	
5FF:FFE	1535	4094	1	178.24730378663986	0.8566673982235133	0.07350243234849343	
F7F:F7F	3967	3967	1	192.7542936687099	0.8959868023784835	0.08255825229059195	
EDF:FFF	3807	4095	1	345.0767781531297	1.659441771468368	0.24393497894217148	
FFF:F5F	4095	3935	1	130.18275079120616	0.5975298326517479	0.03997923684065859	
EF7:7FF	3831	2047	1	179.16194639270503	0.8648878489627467	0.06661903239904908	
7FF:FFE	2047	4094	1	244.77130231277482	1.1766503034254387	0.17078994421120772	
FBF:FFD	4031	4093	1	228.65941931972867	1.098750707217546	0.11969789260054031	
FF7:FFD	4087	4093	1	98.20426140254996	0.4718170985356083	0.022662634819392537	
F7F:7FF	3967	2047	1	205.52289605810745	0.9922069653886968	0.09389700426224809	
DEF:FFF	3567	4095	1	27.994075282018464	0.134581857513013	0.0014491673018504738	
FFF:FFC	4095	4092	1	358.62070970489424	1.7222755417102202	0.3031070591823717	
FE7:FFF	4071	4095	1	262.4145168240379	1.261983504256347	0.1606195146577029	
FED:FFE	4077	4094	1	360.46154317953085	1.7324713257824027	0.3038412666638146	
7FF:F7E	2047	3966	1	53.99871238554588	0.2508140313553593	0.008310245427322132	
EFB:FFD	3835	4093	1	88.61083426615174	0.42570941794388956	0.01632137494349735	
0EF:7FA	239	2042	1	344.1816594033574	1.6505840812563484	0.1802808610642462	
EBF:FFF	3775	4095	1	117.7416119041482	0.5661264681629677	0.027963349224327527	
7FF:FFB	2047	4091	1	21.878004306246282	0.10491192626787792	0.0013635930590741845	
6DF:FFF	1759	4095	1	40.62666438053194	0.19532237286820653	0.004024018066800941	
FDF:FFF	4063	4095	1	14.148911293252551	0.06801989192894656	4.654368928086152E-4	
82F:02E	2095	46	1	34.05615906847121	0.13762621967847705	8.031427625794356E-4	
FFF:F7B	4095	3963	1	38.583134523415396	0.1788718675651758	0.003511980226396448	
FFF:F7D	4095	3965	1	78.71771868727666	0.3655990786643143	0.014617161601877706	
FEF:7FE	4079	2046	1	82.81615781616657	0.39919714838858633	0.016063623559385086	
EFF:FEF	3839	4079	1	98.95977812088442	0.47191516026235125	0.020394090156303734	
FEF:FFF	4079	4095	1	175.5445695775039	0.8441513212758441	0.07214248934598973	
42F:02F	1071	47	1	20.003488306023478	0.0864695299624727	5.900479041066199E-4	
02F:06E	47	110	1	163.64424178132103	0.6786276500511387	0.019589502180740345	
DEF:7DF	3567	2015	1	54.63927350521681	0.24311916628985275	0.005525591263611373	
FFF:7DF	4095	2015	1	56.05995073411189	0.24944771280011946	0.007418038237185375	
DFF:F7F	3583	3967	1	15.559474327467754	0.07230601129027399	4.5164167828120976E-4	
FDB:FFF	4059	4095	1	78.00439055964473	0.375048771120643	0.014120973279250885	
B7F:FDF	2943	4063	1	1.3210564843642234	0.006246976477945632	2.123654902415373E-6	
7FF:F7F	2047	3967	1	24.37222043404673	0.1132640241893554	0.0016927554411441876	
067:02E	103	46	1	2.013696750056257	0.008137479366322116	2.461306399629876E-6	

