BMLVN	8	x2
metabolism	0.9970000
mutations	0.0010000
catastrofic	0.0010000
minWeight	0.1
start biomas	2.0	_
env.size	25000.0
feedSourceH	FF
C7
B5
23
11
feed port max	75000.0
timeQuant	0.01

key	suscepBits	activeBits	maxsize	popBiomas	currincome	currloss
FF:00	255	0	1	6934.382634324092	280.4089050292969	315.3292186647035	
C7:00	199	0	1	8577.023425001282	451.0521240234375	372.7035374921307	
B5:00	181	0	1	9115.954545283426	693.7342529296875	359.4519531001831	
23:00	35	0	1	18571.86577744593	389.2247314453125	323.38580355620013	
11:00	17	0	1	25000.0	412.7366638183594	28.91034604025134	
FF:FF	255	255	1	1857.1261997739407	24.35674156849755	22.237429365537224	
FF:FE	255	254	1	1829.4102717452042	23.783264662408605	21.577745531811793	
FB:FF	251	255	1	1885.30547321327	24.725338977272926	22.61439335309694	
FE:FF	254	255	1	1869.4705340909572	24.51873214262559	22.46720419767644	
BF:FF	191	255	1	2497.0948718586783	32.70308480596912	30.012218952392494	
FF:F7	255	247	1	1795.538828153321	22.76649302179998	20.794880306203037	
F7:FF	247	255	1	1910.7627713896754	25.05871493297036	22.97114787780406	
EF:FF	239	255	1	1975.5656306789108	25.904139624223827	23.70180283411216	
7F:FF	127	255	1	3668.563126248325	47.92124724736215	43.6612048898519	
FF:FB	255	251	1	1825.635837716948	23.49180433711337	21.494938226002642	
FD:FF	253	255	1	1870.2789085055717	24.528786257337323	22.409324217792435	
FF:FD	255	253	1	1832.305878131737	23.65097197083378	21.651264236404604	
FB:F7	251	247	1	1801.0989552425083	22.835254379118744	20.642685058635358	
FB:EF	251	239	1	1737.3953475796086	21.115877095831024	19.21870886591765	
DF:FF	223	255	1	2122.795045857493	27.824656996755145	25.432410108023443	
FF:DF	255	223	1	1455.8629172577275	15.207383091337421	13.688628429663058	
FF:BF	255	191	1	1486.389704532325	16.135630922411156	14.268319282328566	
7B:FF	123	255	1	3761.651063903194	49.12881074045554	44.68270644897613	
FF:EE	255	238	1	1693.1984889633193	20.38790079847274	18.498620198474153	
FF:DE	255	222	1	1443.6933658898167	14.990082985969982	13.460854913786086	
EF:FB	239	251	1	1934.89462652372	24.892103307527126	22.74031061898435	
FF:7F	255	127	1	1527.8441133044348	17.2281226840833	15.084091762787676	
DE:FF	222	255	1	2125.856564703022	27.864339729545474	25.417439267511266	
FB:FE	251	254	1	1847.8963565680388	24.022257761690376	21.722880592490544	
BF:FD	191	253	1	2452.2769266305318	31.60964500331494	28.949734834213718	
FD:FB	253	251	1	1832.8648115794094	23.584162794478647	21.52572331959822	
FD:FD	253	253	1	1839.4460360469839	23.74087181961143	21.677934022193934	
FF:BE	255	190	1	1463.2533044930617	15.704536907983185	13.827655663983789	
FB:DF	251	223	1	1472.727927473267	15.38317441969548	13.821966816816776	
F3:FF	243	255	1	1931.9041038933558	25.334556009298844	23.162940788536957	
FF:FA	255	250	1	1804.662715077581	23.017030660858826	21.004459143387706	
EF:FE	239	254	1	1959.9396387237246	25.47511740696736	23.33071115556065	
BB:FF	187	255	1	2531.317823142769	33.14860822166917	30.30325225762278	
FE:FE	254	254	1	1848.0208535873335	24.024813509007238	21.954370940259903	
FB:F6	251	246	1	1795.9397935175693	22.567095186075097	20.528585231301804	
F7:FD	247	253	1	1872.2065006205587	24.164078586437693	22.054921701305222	
FD:FE	253	254	1	1854.858098736485	24.114247322876988	22.043296670298698	
FE:FD	254	253	1	1834.1497592847586	23.674398012064742	21.628157774579062	
DF:FE	223	254	1	2099.6145692756636	27.280792283698318	24.881317860271395	
FB:BF	251	191	1	1502.7742208884347	16.31331149934998	14.391452119926676	
EB:FF	235	255	1	2002.3415942539198	26.25385342494026	24.007045522298004	
AF:FF	175	255	1	2721.383895281464	35.622329325722184	32.6818289650308	
F6:FF	246	255	1	1910.1527927063464	25.050193251053827	22.883816727554468	
FD:7F	253	127	1	1526.3507251260785	17.210753889085552	14.956841074991218	
BF:F7	191	247	1	2405.0754303787667	30.457535620435753	27.85599478246866	
EE:FF	238	255	1	1981.0337850380288	25.975549672553726	23.75678245424906	
6F:FF	111	255	1	4158.842630135425	54.269503303462514	49.374887077457736	
7A:FF	122	255	1	3781.7184693669305	49.38930030819532	44.87505376850324	
3F:FF	63	255	1	7777.076775369334	100.56107737545044	91.74600672727759	
FA:FF	250	255	1	1890.574017495248	24.794182983122763	22.670985960236298	
BD:FF	189	255	1	2514.6123695922442	32.93130400756644	30.179475767096445	
F7:DF	247	223	1	1484.3172545281163	15.503967832056873	13.883370723901857	
FF:EF	255	239	1	1710.7211345967005	20.79217032804133	18.882372709343123	
7F:7F	127	127	1	2942.4292739214784	32.8160522932816	27.904195650508655	
7F:F7	127	247	1	3530.7937159773087	44.62310096652699	40.489472505192325	
B7:FF	183	255	1	2577.7422215631677	33.75506962822457	30.966437835240452	
FF:F3	255	243	1	1754.2374518168267	21.848394439488196	19.85096559272236	
FB:7F	251	127	1	1541.171324279984	17.378482729018618	15.145060037904155	
FF:7B	255	123	1	1484.1890013999212	16.499407841567844	14.232481478613535	
FB:FD	251	253	1	1852.8230315785097	23.9145716810034	21.84453536616744	
FF:DD	255	221	1	1435.3645893775324	14.840453694838754	13.306160007075942	
F9:FF	249	255	1	1901.6352643933606	24.939150844979682	22.859641769665497	
BF:DF	191	223	1	1931.2647935229058	20.16047779500008	17.99382497728303	
FF:F6	255	246	1	1770.6603201384228	22.25020336377843	20.222279350193087	
7D:FF	125	255	1	3709.910148846268	48.45771592921141	44.07102395223942	
FE:EF	254	239	1	1714.1233609032943	20.8333165295616	18.899699867325708	
F7:7F	247	127	1	1542.9862672755585	17.398538463922883	15.00993786643716	
F5:FF	245	255	1	1915.5381877428056	25.120457267335293	22.93315946972715	
5F:FF	95	255	1	4896.251508028596	63.778373292647395	57.76059517544747	
77:FF	119	255	1	3852.8030531924414	50.313493934974325	45.79999045115443	
FB:F5	251	245	1	1778.5456360958835	22.18604822628357	20.133295035160284	
DF:F7	223	247	1	2040.08357022076	25.853593323166873	23.497506955726532	
FF:DB	255	219	1	1403.876909681485	14.366700535111034	12.727477530269104	
BE:FF	190	255	1	2498.848351455055	32.72548678036141	29.933424904604014	
FD:DF	253	223	1	1446.495627000324	15.10869729134774	13.423961197261132	
CF:FF	207	255	1	2268.1789977650574	29.72117056971434	27.124820084709068	
DF:DF	223	223	1	1638.0286393027009	17.086008305394195	15.150870164743733	
F7:F7	247	247	1	1836.6083600317304	23.2793306819389	21.222391552295544	
7F:EF	127	239	1	3359.852236206551	40.73299924455363	36.70352497976524	
FF:F5	255	245	1	1758.3418902055798	21.934971771351705	19.943321513999674	
FF:7E	255	126	1	853.1510722619139	9.335845898003038	4.669256083121662	
F7:FE	247	254	1	1885.8209899293554	24.51541404007085	22.375296161372663	
FC:FF	252	255	1	1872.863524411061	24.562316131005804	22.401961956120402	
EF:FD	239	253	1	1938.4708879334182	25.01535938629304	22.822402152379837	
7F:FB	127	251	1	3580.168669454034	45.90240782078329	41.605670462978246	
FE:BF	254	191	1	1471.307073057568	15.970918119298833	13.93489780673193	
DF:7F	223	127	1	1652.0498635727258	18.626668576850047	15.437063925658963	
FD:F7	253	247	1	1802.9613270641182	22.86001301736776	20.83200736554837	
FE:DF	254	223	1	1442.169078934948	15.06359746482164	13.389016289500224	
EF:DF	239	223	1	1539.4674102497208	16.078821222774295	14.417034082277773	
FD:EF	253	239	1	1716.1095894080192	20.857109009613307	18.878793774007484	
DF:FB	223	251	1	2076.17138404034	26.70059822236365	24.332217591024076	
FF:FC	255	252	1	1808.8377832416943	23.144661451674825	21.100162700008816	
9F:FF	159	255	1	2985.0360088397633	39.04944629591986	35.723856254844115	
F7:FB	247	251	1	1864.348337137193	23.988060039596903	21.871044244938673	
EF:F7	239	247	1	1898.9258498812264	24.072183920229158	21.905195284391315	
DB:FF	219	255	1	2140.2335874304463	28.0511573575724	25.460826424107104	
ED:FF	237	255	1	1987.614146001955	26.061468299397948	23.829178614292985	
FF:BB	255	187	1	1385.567981267503	14.692388623271617	12.39133152019139	
DF:FD	223	253	1	2077.0663196376468	26.79452251774554	24.350122719901634	
DF:F6	223	246	1	2008.627351531274	25.227551313336438	22.777826405215343	
FE:F7	254	247	1	1788.8210806548627	22.680575748305372	20.5742903989473	
7F:DF	127	223	1	2789.086952851255	29.096944706995483	25.344558146376976	
BF:FA	191	250	1	2405.454831900136	30.639718988223695	27.857314345846238	
BF:7F	191	127	1	1953.6797744554435	22.03714569851504	18.4381784059518	
FE:FB	254	251	1	1613.6597377979567	20.753868937249	16.703878163623457	
F9:FD	249	253	1	1855.6018776958133	23.94792179098249	21.764389397957334	
7F:FD	127	253	1	3589.0603161622516	46.151872445056085	41.80204225528221	
EB:F7	235	247	1	1908.4545698079169	24.1912511406505	21.8119508278256	
D7:FF	215	255	1	2170.6933594755765	28.44951645574765	25.8603278724049	
FB:B7	251	183	1	1080.0453470384484	11.281522452423737	7.405828045094784	
7D:FB	125	251	1	3577.831370786342	45.87154383997421	41.005076420319575	
FE:7F	254	127	1	1243.1279364055276	13.999448761982551	9.922198837899284	
9B:FF	155	255	1	2999.1499811252766	39.23138365787858	35.349380487355845	
FF:F9	255	249	1	1781.3340552896202	22.554456760622948	20.464073168377592	
EF:7F	239	127	1	1294.3549760818855	14.576123275721063	10.163390713345308	
F9:F7	249	247	1	1803.2417392378566	22.861581462718163	20.5557282176626	
BF:FB	191	251	1	2362.4533549447538	30.357712298315295	26.854542534007752	
7F:BF	127	191	1	2101.177581320993	22.778304112316988	14.346248919929176	
FF:5F	255	95	1	232.20540858325973	1.8353762510971157	0.34552249159330206	
FF:77	255	119	1	1280.5345332995255	13.930325375761173	10.574617697100518	
FB:E7	251	231	1	1562.0805852931485	18.309394579019568	15.522669455257319	
FE:FA	254	250	1	1766.9415504559797	22.53304948655503	20.0646061836518	
BF:FE	191	254	1	2433.0768340018903	31.58717023723786	28.487670399549593	
FB:F3	251	243	1	1638.4108347763788	20.396437527150297	17.059619907055893	
FA:EF	250	239	1	1649.3843502714406	20.041863376543592	17.250861958738042	
E3:FF	227	255	1	1977.9659167630111	25.929218293501773	22.801815157844786	
BF:FC	191	252	1	2050.5524339360627	26.195522155650682	20.188120998924436	
DE:FE	222	254	1	1961.4018217276732	25.4789551051207	21.61004871931284	
7B:BF	123	191	1	1784.824522289406	19.33303090326397	10.057823973850345	
FD:DD	253	221	1	1028.073313691619	10.615192581228849	6.751987883328814	
F3:EF	243	239	1	1718.8086592847358	20.88623429154474	18.33675216985738	
BF:BF	191	191	1	886.51305107655	9.584938090147405	3.753619754169613	
FB:CF	251	207	1	287.73165265262384	2.761800201170397	0.5218970086984792	
DF:BF	223	191	1	345.90326068399906	3.7352044593175764	0.6680141718147208	
7B:EF	123	239	1	2575.050803249589	31.214350652497085	20.90755749564092	
DA:FF	218	255	1	2015.3442100651705	26.40979679239196	22.471777028246745	
3B:FF	59	255	1	5566.940670453032	72.40093950762291	44.3531222355732	
BB:7F	187	127	1	1050.2223509888975	11.801444008860285	5.1924818765032486	
FF:ED	255	237	1	1487.4536172066114	17.765016228922192	14.247647671049613	
FB:EE	251	238	1	1565.273303855902	18.840224292444745	15.57497348914131	
E7:FF	231	255	1	1585.6618386556122	20.772230922022118	14.816003083030285	
FE:BD	254	189	1	793.8763710883202	8.38863017536986	4.028924687767192	
FF:BD	255	189	1	819.4443011888565	8.659916310154907	4.306972760190556	
BE:F7	190	247	1	1767.0825923940542	22.362327970440393	14.907265818153265	
9F:F7	159	247	1	2431.9099747597343	30.767647273349326	23.668726639826925	
FE:DD	254	221	1	313.3200389449538	3.2246100491145637	0.6245282381899808	
BF:EF	191	239	1	2033.607817064051	24.68508681964216	19.88784014448592	
FF:CE	255	206	1	507.855354958034	4.850368791590038	1.6518357863381554	
7E:FF	126	255	1	2670.07362817042	34.89932319060008	22.891380981168005	
FD:EE	253	238	1	1221.6269894582028	14.68947712329915	9.519121087437037	
FD:BF	253	191	1	1073.3840476880355	11.634401474322496	7.358874419030271	
FC:FB	252	251	1	1649.8698541051524	21.22059986502489	17.354528054336253	
DF:EE	223	238	1	1597.9758121701525	19.22104848084881	14.38070375141268	
DB:FE	219	254	1	1669.2896958300219	21.672556704471205	15.429052099384528	
7B:FE	123	254	1	2897.5760676637906	37.541120232550625	26.43119936297552	
F2:FF	242	255	1	1475.9899213414042	19.33557898917712	13.415866899458656	
F6:F7	246	247	1	1393.5732616510684	17.64610952796437	12.125736629247763	
AD:FF	173	255	1	2274.7536801699316	29.77206194934597	22.573715989412143	
BF:F9	191	249	1	1908.4711982299254	24.12349324702602	17.47579987645262	
7E:FD	126	253	1	1064.4428456657959	13.67244519795018	3.616529231214695	
7B:7F	123	127	1	92.41624106733964	1.0339143719263229	0.026681800174832685	
7D:EF	125	239	1	1764.3529743058539	21.371830416490603	9.91790940209276	
FB:FB	251	251	1	1357.4219876626782	17.4433718436009	11.664838330433948	
DF:DE	223	222	1	459.31373747024605	4.748977463725559	1.1796239740834928	
5B:FF	91	255	1	2735.561424732192	35.713166940735405	17.323221688352675	
A7:FF	167	255	1	1891.158095578387	24.740377299722113	15.187873014296002	
8F:FF	143	255	1	2486.850865361666	32.52257990355248	22.564845543419132	
CE:FF	206	255	1	1287.2281092319274	16.83798008675861	8.635140020430306	
FE:7D	254	125	1	538.906397914772	5.898267810291085	1.8505440142189633	
6F:EF	111	239	1	784.617279395546	9.483780093906256	1.7411696105615282	
7A:F7	122	247	1	1557.2959591095937	19.66610248098589	7.554004354352425	
F1:FF	241	255	1	1632.3005042225354	21.391456988581155	16.37503299618275	
BD:F7	189	247	1	1398.3494155046606	17.682787746387273	9.268725933049199	
ED:FD	237	253	1	1502.0083518409676	19.363416962889538	13.549348690861578	
3F:FB	63	251	1	3189.088607185632	40.80967099374828	15.415209247843029	
F3:F7	243	247	1	1267.4623132248657	16.042364614561492	9.911543056961001	
1F:FF	31	255	1	3159.6361557468667	41.13562886576361	5.628257011816017	
7F:FE	127	254	1	2469.474529614005	31.997433961659237	19.693322691200517	
FD:F3	253	243	1	516.2374990850802	6.4003745575678055	1.6859556327432228	
FF:EC	255	236	1	695.2221379316362	8.202499021915386	3.08716741044082	
3F:F7	63	247	1	1292.8428081771083	16.294147824641687	2.5316120110540266	
F9:EF	249	239	1	1427.6369791491452	17.3368826590719	12.849534492721798	
7F:BB	127	187	1	443.96693722822414	4.682479334305298	0.6348330777694636	
FD:F9	253	249	1	1276.049641013357	16.133767677605015	10.377095371197575	
FD:DE	253	222	1	186.4237155939416	1.925351815216511	0.22003337227746997	
77:EF	119	239	1	1453.9905153804825	17.60229878412458	6.481013219351027	
EF:F9	239	249	1	1220.7747424779755	15.427916558396015	8.993162532922478	
BB:F7	187	247	1	1970.6770329016297	24.944593657202415	18.31510780759565	
F2:FB	242	251	1	1468.5553737250873	18.874421427404553	13.285983027912698	
6F:FD	111	253	1	2883.0474526585085	37.07377649238742	23.64254406040564	
F7:BF	247	191	1	259.2569263586846	2.798766177726879	0.4178652200734981	
5F:F7	95	247	1	1281.6311947373247	16.166559682561722	3.92887151621732	
D5:FF	213	255	1	733.8405909124307	9.583189051405459	2.89787404364741	
EF:FC	239	252	1	184.8879108859825	2.3503865938249895	0.2041747374754021	
BF:BD	191	189	1	461.09141212917547	4.86013540322779	1.0132907483077314	
9F:F6	159	246	1	1400.7857208623607	17.54313976711395	7.808595979543199	
6F:F7	111	247	1	1184.6665976852582	14.947463684310248	3.972082889641319	
7F:E7	127	231	1	694.3877812600996	8.098967831965997	1.5505807632491961	
B5:FF	181	255	1	1937.3837653234043	25.357218741197855	17.26345703171375	
F7:FA	247	250	1	1445.0156501833794	18.411101322048022	13.085815701676353	
D7:FD	215	253	1	1445.1333478731501	18.617844265959427	11.39589668580397	
FB:FC	251	252	1	592.3701556557384	7.547285601886217	2.2046548110539295	
AF:FD	175	253	1	1068.2404712065843	13.734771554174161	4.985372023332053	
AB:FF	171	255	1	1294.1870171041423	16.914134998523277	7.193749969524103	
FD:BE	253	190	1	431.6628663153562	4.612124264419056	1.1821040211108755	
EE:FE	238	254	1	1010.2653686459131	13.097833885119584	6.121976802574703	
FA:FE	250	254	1	1435.2696336394358	18.638943080181182	13.007945064888492	
FE:ED	254	237	1	797.9610700456328	9.506484293364851	4.05805159117111	
EF:F6	239	246	1	827.9942387534596	10.37012040277613	4.122273886620572	
6F:BF	111	191	1	600.1635105879282	6.479650775845745	1.0220387531618904	
ED:DF	237	223	1	100.49949305594437	1.0435789544132148	0.060155290168106945	
F7:EE	247	238	1	962.1961249799132	11.557869284797802	5.7826518635545705	
FF:D5	255	213	1	17.39024267534916	0.17258480825649014	0.0019251037229084016	
EF:F3	239	243	1	852.6701692993408	10.58584186698394	4.373791797677258	
FE:FC	254	252	1	410.72248028618463	5.22823470349819	1.0688770271902808	
FD:F6	253	246	1	410.79998915121257	5.135767578282375	1.0661872755291864	
B7:EF	183	239	1	540.9480853258781	6.541117012571248	1.3476036102894753	
EF:BE	239	190	1	120.53527376605967	1.285522882229674	0.08709112283979381	
FF:D7	255	215	1	407.03554853929313	4.089845741346322	1.058821003392042	
EF:DE	239	222	1	132.27840841569233	1.3656551297198891	0.1049675038224323	
FB:F4	251	244	1	712.9586048418589	8.783634100504882	3.200493417227222	
FE:DE	254	222	1	299.0307008733257	3.0903317014596534	0.5687215124833626	
F7:7D	247	125	1	102.75326632427611	1.1217154976332742	0.06551802829015684	
5F:FE	95	254	1	494.1714849712743	6.382477988382989	0.5824308746365708	
EF:EF	239	239	1	282.14332042990685	3.409408457878908	0.4764970711234002	
F3:FE	243	254	1	1129.7996687353025	14.656059053046192	7.860421769013922	
FF:F2	255	242	1	689.6050251070803	8.479890803232545	3.0341142466918045	
B7:FD	183	253	1	1458.3541601210582	18.772507937117417	9.839835163917453	
6F:FE	111	254	1	781.9169049846647	10.107121333679865	1.726525083428014	
FE:EE	254	238	1	1.8718827094712538	0.02237562439031275	2.214289061157719E-5	
EB:F6	235	246	1	1116.7773394620558	14.001466108047824	7.4139725789577815	
7F:B7	127	183	1	14.113756990930453	0.14660997456460395	6.401856606566006E-4	
F9:BF	249	191	1	38.608650374243275	0.4162525033270708	0.009289088543680069	
B9:FF	185	255	1	1181.934159215882	15.448038249109205	6.48864498574611	
CF:F7	207	247	1	678.2600240812737	8.561408393779123	2.3968222949670643	
DD:FB	221	251	1	1032.0300449311592	13.239706685591463	5.91333874987376	
DB:F7	219	247	1	855.6919495071403	10.81037156034939	4.028765566291272	
EF:7B	239	123	1	13.331418100691328	0.14703369150799386	0.0010634145367315355	
F6:FE	246	254	1	372.368321455711	4.814439815999003	0.856482692665084	
7F:F5	127	245	1	728.6440549095955	9.040476375282903	1.7045780084247641	
E9:FF	233	255	1	724.9012584458368	9.469017348638754	3.0870251719319235	
DF:F4	223	244	1	269.2276196500518	3.3087787711265384	0.4030986262190499	
FC:DF	252	223	1	92.1864968963232	0.9572419273352241	0.053581126016240745	
FA:FD	250	253	1	448.16920508452114	5.755631366018777	1.2559290044853073	
EB:DF	235	223	1	89.17810457317955	0.9259551559877583	0.04701552615724152	
FF:3F	255	63	1	11.462215374056466	0.1280467145770576	8.341959407788816E-4	
77:F7	119	247	1	914.4870818855624	11.534058718261942	2.5539235204298136	
B7:BF	183	191	1	177.5783021460212	1.9155508613642338	0.14520012207119945	
7F:CF	127	207	1	53.5007015483194	0.5127432320447349	0.009215749709817391	
DE:FD	222	253	1	251.8313419798048	3.2301732160881182	0.3510355221643511	
FC:FD	252	253	1	717.2625103340251	9.223738279405321	3.2481187272753833	
7B:F7	123	247	1	1214.9017500023497	15.333924162587149	4.62021818441936	
F7:F5	247	245	1	327.0814490457466	4.05757216229977	0.6632687322855162	
7A:BF	122	191	1	268.160918856129	2.892802885689089	0.22372515085847847	
EB:FD	235	253	1	534.8994102773976	6.87136179013783	1.6901899572964114	
FA:F6	250	246	1	209.48468992223414	2.6159841224509486	0.27393357466843776	
3F:EF	63	239	1	522.9096555894051	6.313500780878998	0.41436623881047685	
BF:F5	191	245	1	533.606548972605	6.62217262252494	1.3532672964327626	
6F:FB	111	251	1	638.1539695023257	8.162191588173565	1.149852970433612	
7D:FE	125	254	1	381.951824463416	4.933354827523089	0.4611295651820035	
BF:D7	191	215	1	268.368801227971	2.6934115838924817	0.3433231901626824	
D6:FF	214	255	1	568.8975986082625	7.424290603262377	1.7460412336051327	
7F:F3	127	243	1	86.39494171128317	1.0682851919692697	0.02389977451563951	
EE:FA	238	250	1	193.3948862949756	2.4507094909604654	0.22271881316010544	
F5:F7	245	247	1	328.7520381278376	4.144753048207962	0.6654078840920481	
7E:FE	126	254	1	96.82066138769974	1.2495302337108196	0.029800084504687165	
9F:FD	159	253	1	643.7328631570267	8.264499233241057	1.640720817434233	
7B:FB	123	251	1	289.8180360664459	3.704113851275767	0.261817341390452	
7D:F7	125	247	1	97.14394223571115	1.2228075154927265	0.02981534988998517	
F3:FD	243	253	1	508.13816120037865	6.527401534327682	1.5806032027175365	
B7:FE	183	254	1	410.7663677496847	5.30880235885463	0.7749280714762752	
6B:FF	107	255	1	480.21592684953345	6.257273078384231	0.6264029646951131	
FB:BB	251	187	1	53.68044752764504	0.5655690651984907	0.01808575938936965	
6D:FF	109	255	1	801.0019288757808	10.444383230370276	1.7711995670416356	
FD:BD	253	189	1	101.54136391163017	1.0689609738815	0.06519565256751744	
F8:FF	248	255	1	283.8560639123118	3.7004366246842184	0.4995111893719392	
7C:FF	124	255	1	240.44056434843694	3.1315093814414188	0.18145812179866805	
ED:F7	237	247	1	230.61873783424426	2.9058513911022614	0.3157370018747975	
B6:FF	182	255	1	645.1042949564849	8.417601070690198	1.9060958319772308	
F6:FD	246	253	1	575.4360880668643	7.394559516824339	2.0498911575796286	
7D:DF	125	223	1	104.88767545802483	1.0888647074178353	0.034916817156634736	
57:FF	87	255	1	1030.1694192711295	13.432397355371492	2.3752203484599987	
DF:FC	223	252	1	233.04675269419934	2.963112184768446	0.3016721885592483	
EB:FE	235	254	1	405.10309074441176	5.238040612294196	0.9680775773299638	
D7:FE	215	254	1	253.00865993635693	3.2684869422230913	0.3457300792771248	
5D:FF	93	255	1	734.1617637013543	9.569072587017333	1.2646729302069764	
3F:FD	63	253	1	783.961879726606	10.052514736723206	0.929681398248147	
7F:5F	127	95	1	30.549064821442332	0.24113838307212943	0.0030143815617768594	
F5:BF	245	191	1	115.24794680819055	1.2430934153213624	0.08190916335735954	
BB:FD	187	253	1	275.10353016114465	3.5282833379485177	0.3524944755210187	
B7:DF	183	223	1	46.521333700256044	0.48289385590087935	0.009966270250208109	
9E:FF	158	255	1	225.63818893055316	2.939098076127793	0.20014899538760025	
73:FF	115	255	1	222.47986143262537	2.897330140106322	0.14647899125092034	
BB:F6	187	246	1	233.5414437147209	2.915775887357886	0.25413954089269764	
F6:FB	246	251	1	226.79082771849747	2.8999789988686158	0.3173364930651763	
EF:FA	239	250	1	12.31175719788052	0.15585416407653366	9.039602794214329E-4	
72:FF	114	255	1	407.86336344352856	5.314097490031359	0.48937784469854356	
79:FD	121	253	1	13.875483171038546	0.17774930500032465	5.915455316137091E-4	
BD:FE	189	254	1	260.21335894041613	3.3610947499109702	0.31815246013845105	
F7:F3	247	243	1	53.38484551030024	0.6601463674950802	0.01762217799032162	
5E:FF	94	255	1	849.1759882924922	11.070433657993219	1.707335535579313	
4F:FF	79	255	1	687.2782283634917	8.955578423143475	0.9567950208954827	
EB:F3	235	243	1	100.92853772709472	1.2483809659118579	0.05998591255670479	
77:BF	119	191	1	51.03297946624209	0.5501574117959908	0.007958231352019512	
E7:FB	231	251	1	19.007671638323746	0.24275378862632488	0.0020992298163673723	
FF:CF	255	207	1	81.60137164466268	0.7823213371582147	0.04244583422195039	
3F:7F	63	127	1	147.75884603800043	1.6529520110765035	0.033107943678412854	
F7:E7	247	231	1	6.025087770457227	0.07013616330601143	2.2468830296931024E-4	
7F:FA	127	250	1	94.95444884723746	1.2022956965712581	0.028853320430627737	
FE:F9	254	249	1	291.71213870743617	3.672277252767779	0.538684604675156	
FB:EB	251	235	1	137.6790320669895	1.632518157674138	0.11875372444772994	
CF:FB	207	251	1	16.15358032853219	0.20629769030141087	0.0013517651173386306	
5F:7F	95	127	1	62.07947244268234	0.6944272916066481	0.009212531963246449	
75:FF	117	255	1	93.49412105437194	1.2171313544658053	0.026233466926097654	
AF:F7	175	247	1	185.68256890853468	2.338408494692496	0.14986465406206417	
97:FF	151	255	1	118.2744960487214	1.5399813895991363	0.053245351490597455	
7F:EB	127	235	1	112.26035967646617	1.3304741217324543	0.040399881699548466	
37:FF	55	255	1	74.7790842186843	0.9733238220964173	0.007617319680522402	
7E:FB	126	251	1	53.30976727203083	0.6808773921687686	0.009035235978761807	
5F:DF	95	223	1	85.03756422800994	0.8826825475186791	0.01731758946400989	
78:FF	120	255	1	147.94450322078828	1.9262951382080717	0.06682808095470734	
7B:DF	123	223	1	18.060836831703934	0.18744326087308585	0.0010206615431603856	
F3:BF	243	191	1	46.82829691968547	0.5048940104415544	0.013418648761314437	
FA:FB	250	251	1	25.062247505472087	0.32009338667609205	0.003911217284357929	
77:DF	119	223	1	25.30874297753407	0.26267063286636766	0.001958563979274603	
9F:FB	159	251	1	95.0985762118658	1.2148513649798172	0.03570280750363609	
FC:FE	252	254	1	298.6823084798177	3.860323314515765	0.5607550853566823	
2F:FF	47	255	1	13.46144268315304	0.17519915952585727	2.0848207972050216E-4	
E3:EF	227	239	1	57.073404568082125	0.6888056074019049	0.018688790214432958	
FC:7F	252	127	1	4.417993117033924	0.04941437427360552	1.2275109369273645E-4	
F7:7B	247	123	1	35.258156602025714	0.3889196799281232	0.007706466642693389	
1F:F7	31	247	1	85.76131043886814	1.0792554001458152	0.004179643648970812	
F6:DF	246	223	1	54.49686190641362	0.5657485675797175	0.018381223983238392	
5F:FD	95	253	1	115.0284721640018	1.473882789637486	0.03153498010176496	
F7:DE	247	222	1	58.83408286288946	0.6071598111859969	0.021493512488964014	
BD:7F	189	127	1	61.19175461983061	0.6845947275887755	0.01763274868066329	
7F:EE	127	238	1	18.157231635000134	0.21705318192323106	0.0010562045919861526	
FB:B5	251	181	1	9.145686715789607	0.09310871734951508	5.25097418533786E-4	
7D:7F	125	127	1	16.643537660192926	0.18615921719716863	8.773299183067251E-4	
DF:DB	223	219	1	24.912016208800353	0.253356003117242	0.0034585785654564377	
B3:FF	179	255	1	107.10138725967623	1.394547703243804	0.05162896413788236	
ED:FE	237	254	1	31.082204079487457	0.40108729873158455	0.0057208170631522165	
DB:DF	219	223	1	54.123537993608174	0.5618501171430179	0.01607803208560711	
AF:7F	175	127	1	23.115273857814895	0.2585585280191258	0.002326783780620156	
F7:FC	247	252	1	30.752547329112335	0.3906001327764591	0.005842436778814002	
77:FB	119	251	1	20.255730153961718	0.2586806482646499	0.0012484732206633404	
7A:FE	122	254	1	120.03371288028995	1.5492030972162665	0.044589047405387064	
67:FF	103	255	1	203.2450971358572	2.6465382742248984	0.10936079994391626	
AF:FB	175	251	1	115.23988660905519	1.4723271040810733	0.057676769196652856	
FC:F7	252	247	1	146.57445304519092	1.8461096364244127	0.13492416935847143	
FB:7E	251	126	1	5.641214560017842	0.061429436636411976	1.994880371176926E-4	
CF:FD	207	253	1	44.716803173856405	0.5729432463356307	0.010360204318252391	
DF:EF	223	239	1	39.12046846004645	0.47208505616001784	0.008497415971398052	
7C:FB	124	251	1	46.32645651940531	0.5916719092792329	0.006734595922795558	
9D:FF	157	255	1	13.587914486623225	0.17685178955693662	7.214350446108176E-4	
F4:FF	244	255	1	95.42595727704611	1.2426491184296373	0.055714314194850206	
EB:F5	235	245	1	9.594146346024834	0.1188013394610318	5.415585844256306E-4	
EE:BF	238	191	1	39.43208920699269	0.42512807316800516	0.00928094707036846	
7B:F6	123	246	1	23.386174708238713	0.29169568186818096	0.0017040963814519386	
DF:F5	223	245	1	35.547028686085305	0.44022908754417667	0.007011201661767439	
6A:FF	106	255	1	29.501624644566437	0.3839846696055585	0.002344896334651668	
3D:FF	61	255	1	154.08009901095565	2.005743343162972	0.03487460156536666	
B5:EF	181	239	1	17.782601279115045	0.21456212100462851	0.001438533187612191	
F3:DF	243	223	1	17.17692737025673	0.17827826965974236	0.0018063298002776525	
BE:EF	190	239	1	14.809845350718101	0.17869135910351835	0.0010351102443884222	
F5:FB	245	251	1	29.53006161114635	0.3771653826241954	0.005351183272964225	
BD:DF	189	223	1	24.99068932831493	0.259380052075029	0.002944705892798962	
9F:7F	159	127	1	25.99404383776958	0.2907599911495989	0.0026751833135302	
7F:ED	127	237	1	11.70650316946903	0.1388739370428357	4.3910713296459956E-4	
BD:FD	189	253	1	15.416680868581397	0.19749835914635147	0.0011150688804096689	
AF:DF	175	223	1	27.959342922866256	0.29019308061688764	0.003409679774898588	
FD:EB	253	235	1	68.74896333839554	0.8148511133826162	0.029794531372002678	
EE:F7	238	247	1	24.65465447443437	0.3102943182323795	0.0036144051777929694	
7F:DB	127	219	1	22.007661180552923	0.22380359064068092	0.0015572981505289837	
7D:DD	125	221	1	8.322254819981138	0.08549385878585175	2.1976501329005286E-4	
DD:FE	221	254	1	114.97595135676684	1.484304653996597	0.07279386166887837	
FF:79	255	121	1	16.756958259164378	0.18018600568373494	0.0017844795219094825	
FD:F5	253	245	1	8.898915348212634	0.11019246130736879	4.983578607221907E-4	
7F:F9	127	249	1	19.89783578729126	0.25006879255740333	0.0012668445594174417	
77:FE	119	254	1	41.90951913871276	0.5407734238402468	0.005343518392570673	
7F:7E	127	126	1	1.3347406678725466	0.014534073744264213	5.719272774290732E-6	
BF:EE	191	238	1	20.325072937625173	0.2429769500560274	0.0019578701144529445	
7A:EF	122	239	1	19.25933665790612	0.23237528401967456	0.0011494173095737477	
6F:DF	111	223	1	18.089566414790006	0.1877404424555179	9.264994121727371E-4	
D3:FF	211	255	1	13.526879116947757	0.17606066318389935	9.709462076481927E-4	
E5:FF	229	255	1	38.2220786916225	0.49755696533233024	0.00842724069981677	
E7:7F	231	127	1	15.335463955952038	0.17153463087254334	0.0013708202216683397	
FE:DB	254	219	1	3.956394247646567	0.040232130729422416	9.927701773681282E-5	
59:FF	89	255	1	10.75141741723121	0.139929717003439	2.6146272268024254E-4	
BF:77	191	119	1	5.731095065327708	0.06190734669186947	1.560134523832209E-4	
75:FB	117	251	1	46.180277146838776	0.589801024376656	0.006402405815988346	
FB:C7	251	199	1	4.348041195106782	0.040287989470061965	1.1889715032181603E-4	
9F:FE	159	254	1	52.77164351909747	0.6809853341556322	0.010988472891669442	
8B:FF	139	255	1	1.6953630739241234	0.022064751069529816	1.0141030962870556E-5	
FB:F9	251	249	1	89.8287747920136	1.1294851863935662	0.05045389019572867	
7B:FA	123	250	1	3.0794752736272994	0.03898051051227637	2.9534518201408496E-5	
FE:5F	254	95	1	13.050215805096947	0.103010132984358	0.001085231953144016	
ED:FC	237	252	1	6.353548747340173	0.08068673693992505	2.390805391529592E-4	
4D:FF	77	255	1	8.181791231488292	0.1064851716815551	1.3281585774204557E-4	
CF:FE	207	254	1	49.6085063673433	0.6401979264851453	0.012748966005131226	
5F:EF	95	239	1	18.65616084985204	0.22509422269269272	8.30583717520265E-4	
F7:F9	247	249	1	13.209269790194721	0.16601229141945192	0.0010780279670238838	
5A:FF	90	255	1	41.66643571844306	0.542326643306433	0.003962895161115026	
3F:FC	63	252	1	14.384886184927094	0.1826776169759282	3.1293104990447434E-4	
EC:FF	236	255	1	25.58341636882187	0.3330100298805232	0.003862202521843611	
5F:BF	95	191	1	4.105587545872252	0.044253570170911985	4.032743138683829E-5	
BB:EF	187	239	1	19.422639397163312	0.2343527832689592	0.0017565849481472528	
7D:BF	125	191	1	9.077112947438572	0.09784281355000847	2.611762526158754E-4	
73:FE	115	254	1	14.802675721203704	0.19098840819470853	6.481195008772716E-4	
5F:FB	95	251	1	48.22905513207082	0.6159529529373976	0.005543272177140059	
EB:E7	235	231	1	12.668392041776134	0.14747426057084362	9.456654114606083E-4	
CF:DF	207	223	1	11.615412735383805	0.12055030140079377	7.022813639704066E-4	
BD:EF	189	239	1	34.24645365067498	0.41324508790000436	0.0055114381668213384	
DD:EF	221	239	1	23.216517831257875	0.28013998020828856	0.0029707783716413755	
FA:FA	250	250	1	27.50143930191383	0.3481735996858368	0.004710764056177478	
BB:DF	187	223	1	5.87928361500667	0.06101601608426583	1.614871399566899E-4	
EF:EE	239	238	1	7.6722880005229595	0.09171410083596906	3.515256836055548E-4	
DA:BF	218	191	1	4.9365279955584285	0.05321107287139998	1.3313014233693626E-4	
3A:FF	58	255	1	6.720922448309194	0.08747152652102391	6.369575193746673E-5	
6D:FB	109	251	1	3.460911486718376	0.044196111880369544	3.300086846179436E-5	
DE:EF	222	239	1	1.607075703797884	0.019389340197953152	1.4286372598618439E-5	
7F:F6	127	246	1	9.660917440668495	0.1204955812584555	2.9868503760294027E-4	
7B:FD	123	253	1	6.198457362580627	0.07940234889826311	1.1962333902322546E-4	
3F:DF	63	223	1	5.864987775620404	0.06086652766762414	5.226451457284725E-5	
7D:BB	125	187	1	4.4248791147826	0.046605000609290535	6.209343107955733E-5	
BB:FC	187	252	1	3.8004745392331594	0.04826307475926081	6.716202648265856E-5	
FF:B6	255	182	1	26.925540427811185	0.2765440297197026	0.004612290556965245	
DF:F9	223	249	1	10.840893658769826	0.13624395622168575	6.517183459005668E-4	
CB:F6	203	246	1	3.0717864589997532	0.038312208528294915	4.812886879901406E-5	
FF:E5	255	229	1	3.7796775199403063	0.0428420189948511	9.066795192343441E-5	
F9:E7	249	231	1	2.934628986148317	0.03416045130095497	5.355385377543904E-5	
CF:EF	207	239	1	6.459944520605514	0.07794102715278224	2.164738357097272E-4	
BF:F8	191	248	1	10.311076011298177	0.12845226896432183	5.033310581188316E-4	
DF:BE	223	190	1	1.5786991078986035	0.01682527595764424	1.3872887424698618E-5	
FB:3F	251	63	1	1.1404676594654968	0.012739560672660155	8.148344088620444E-6	
7F:7B	127	123	1	9.524732803230354	0.10504418131311194	2.9116341034076575E-4	
D7:DF	215	223	1	4.760658263287358	0.049406685154686	1.2277529186434995E-4	
DB:E7	219	231	1	3.850356559890309	0.044820073605566536	8.112979271106087E-5	
93:FF	147	255	1	15.116133706702268	0.19674276842745858	8.517645284800943E-4	
E9:F7	233	247	1	1.0409528463038398	0.0130992191876727	6.328626330471415E-6	
7E:DF	126	223	1	2.1238641600575674	0.02204130121134313	1.4407414441700908E-5	
9F:D7	159	215	1	1.4446420036492162	0.014481274453995259	8.280492457358917E-6	
7A:FD	122	253	1	8.977799097626995	0.11500673532725521	2.493797107763929E-4	
FD:FC	253	252	1	9.044968962545312	0.11486856113769053	5.145216736974113E-4	
DE:BF	222	191	1	1.378441468521129	0.014858000962172744	1.0537850821715313E-5	
B9:F7	185	247	1	10.788220836596471	0.1357635072607836	5.367670505496469E-4	
C7:FF	199	255	1	1.3194455082535959	0.017172283649099465	8.751451435202796E-6	
BE:FB	190	251	1	13.316325372854731	0.1700595197642527	8.356612188857422E-4	
ED:7F	237	127	1	13.74228752040956	0.15371299251436935	0.001122007020221281	
F9:CF	249	207	1	1.7654354159674854	0.016916985068898046	1.946185866095828E-5	
F2:EF	242	239	1	6.2464484981971395	0.0753654749274011	2.3729403593916585E-4	
E2:FF	226	255	1	1.2383913928426713	0.016117389685457544	8.748800228647594E-6	
7F:D7	127	215	1	6.1292323676961065	0.06144105719456604	1.208171760269473E-4	
F3:DE	243	222	1	3.836074876954266	0.03957446013365997	9.008981380204861E-5	
BE:7F	190	127	1	4.407376347974644	0.04929528674863623	9.183068636517153E-5	
BE:FE	190	254	1	5.536006341887979	0.07142590242794758	1.4438270177843807E-4	
D8:FF	216	255	1	1.9760168444426551	0.02571751387747793	2.1079030290331474E-5	
ED:BD	237	189	1	1.4458380828453123	0.015211402224052265	1.2434827346226444E-5	
F7:DB	247	219	1	2.148730170554951	0.02184994111145999	2.866086952746682E-5	
AD:EF	173	239	1	3.971156679349044	0.0479123280057384	6.796136869739755E-5	
DF:5F	223	95	1	1.0624445228439565	0.008385619249109242	6.318230518671279E-6	
FE:EA	254	234	1	8.761050783334442	0.10282548466951047	4.853006876569904E-4	
F2:FE	242	254	1	3.99817996100725	0.051584677175027835	9.705130148494846E-5	
BE:FD	190	253	1	8.439809120259493	0.10811630670175224	3.3564240100815906E-4	
BE:FA	190	250	1	4.558098702364478	0.05769785535960733	9.792653761331567E-5	
D6:FE	214	254	1	4.022009027612719	0.05189198259343476	8.68820794784342E-5	
E6:FF	230	255	1	1.8759263116629286	0.024414857708837827	2.036726529755427E-5	
77:AF	119	175	1	3.8262927629957058	0.03689181249311447	4.4828709832563346E-5	
BF:DE	191	222	1	3.8589522485380368	0.03981026839630509	7.080122176977698E-5	
CF:BF	207	191	1	3.0757519714409343	0.03315331630293915	4.9200225520579773E-5	
6F:7F	111	127	1	2.476227877951503	0.027695542517316055	1.7331310065710287E-5	
FA:EB	250	235	1	7.524680844908423	0.08915286691553238	3.531683591955545E-4	
BE:FC	190	252	1	3.513501953251556	0.044618696370169714	5.8180065109016406E-5	
FC:EF	252	239	1	9.942979690915315	0.11996826462990931	6.206681319782415E-4	
CD:FF	205	255	1	2.2898083758103924	0.029801488373533386	2.693794906870216E-5	
6D:7F	109	127	1	1.2576143909661712	0.014065826088233355	4.371439602331475E-6	
F9:DF	249	223	1	4.087568596581387	0.04242126702520863	1.04165782213657E-4	
9B:F7	155	247	1	5.72924421374851	0.07209724125086411	1.2705066543985954E-4	
DF:F3	223	243	1	2.7711719480075088	0.03425713057392262	4.2599668536250634E-5	
F1:7F	241	127	1	6.633765767827941	0.07419827373020108	2.6717747945591356E-4	
E3:FD	227	253	1	3.2352523208954547	0.04144360815752336	5.9933527423288885E-5	
6F:FA	111	250	1	3.0109521957653205	0.03811309202466078	2.554877204263033E-5	
EF:77	239	119	1	2.5844201395822104	0.027916605361949728	3.9978229918680316E-5	
DD:DE	221	222	1	1.3542379483532414	0.013970629759848023	1.0141780406620001E-5	
76:FB	118	251	1	1.0984248252465223	0.014026884570933235	3.647591368231207E-6	
FB:DD	251	221	1	2.0919076965259107	0.02148971672112033	2.7464886347135834E-5	
1F:FE	31	254	1	4.435551526783612	0.05722642219608134	1.1171893513430949E-5	
FF:7A	255	122	1	2.415782601368278	0.025915153557292025	3.708400839055187E-5	
F5:FD	245	253	1	3.821915767513735	0.04895901148329753	8.960627209728449E-5	
79:EF	121	239	1	1.02952486049612	0.012421128564675065	3.261356883540832E-6	
9F:F5	159	245	1	1.2924676194830986	0.01600340818652241	6.596444182753463E-6	
8F:F6	143	246	1	1.6377535804282009	0.02042633743540055	9.680095799215017E-6	
FA:F5	250	245	1	2.583901312822855	0.03199436474453644	4.159749880968103E-5	
FF:EB	255	235	1	3.0895828212719154	0.03660456542522037	6.051894884509259E-5	
FA:BE	250	190	1	1.383964875903753	0.014749858098831068	1.1974882373702632E-5	
CF:7F	207	127	1	1.9332186277802106	0.021622283694620784	1.942081678522991E-5	
BB:EE	187	238	1	1.651211236568795	0.019737737741242458	1.269699299379059E-5	
DA:FE	218	254	1	3.316280919979642	0.042786522913564363	5.982292260547047E-5	
FC:FA	252	250	1	2.0480855690452526	0.025925092023556136	2.6300697669299172E-5	
7B:BD	123	189	1	2.927218280656856	0.030796753709711175	2.680162627058901E-5	
E1:FF	225	255	1	3.581477141069468	0.046612748862241205	7.290509156760534E-5	
E7:BF	231	191	1	3.016173381434621	0.03251117454928484	5.3063583753168454E-5	
F7:9F	247	159	1	1.8430615140226119	0.01632295840077512	2.1142274896030532E-5	
FF:F4	255	244	1	1.8566662241331071	0.022786199654319994	2.183640885302245E-5	
1F:FD	31	253	1	1.8583964714889267	0.023805659316397835	1.961513621682552E-6	
FE:7E	254	126	1	3.427449967649258	0.0373223628677709	7.439782868078717E-5	
D5:FB	213	251	1	2.5922263579387534	0.0331030775547234	3.595864244668522E-5	
F6:FA	246	250	1	5.993712631802739	0.07587147552647754	2.2121234576177645E-4	
F3:7E	243	126	1	1.1838199746350841	0.012890726960777393	8.569595667728706E-6	
ED:FB	237	251	1	3.8402735681440467	0.049041240632526566	8.732999733085885E-5	
FF:DC	255	220	1	1.2585258013418799	0.01285108644711358	1.0074896850006781E-5	
0F:FF	15	255	1	1.1514788522793464	0.014986137261717285	4.4047834735864325E-8	
FF:D6	255	214	1	3.2364952957831865	0.03224979745194426	6.66640183340874E-5	
FB:E6	251	230	1	1.343039327222908	0.015333308060932053	1.1294451832186692E-5	
5E:F7	94	247	1	1.9630477065976248	0.02470270909265561	9.114193542664808E-6	
FB:FA	251	250	1	2.9065109053552116	0.0367914126945348	5.2765521119888283E-5	
6E:FF	110	255	1	5.515881232471979	0.07178857012199348	8.509982745049231E-5	
F5:7F	245	127	1	1.2568205426095622	0.014057006970108452	9.72158525594398E-6	
DF:7E	223	126	1	1.7402839954437364	0.018950162137317973	1.6850276961075452E-5	
5D:EF	93	239	1	2.111153051015204	0.025470924662668957	1.0460424050454518E-5	
FF:CC	255	204	1	2.396986918444488	0.022585827202437486	3.6605204391755825E-5	
EB:7F	235	127	1	5.314116642386318	0.05943754824326954	1.6654434048666102E-4	
BF:F2	191	242	1	1.576060578494985	0.019306930954853908	1.1763763357266889E-5	
E7:DF	231	223	1	2.8228784988160514	0.029295901983994895	4.651766941554982E-5	
BA:FF	186	255	1	2.474439253068355	0.03220441957815779	2.833854022064771E-5	
DE:F6	222	246	1	1.644582614932549	0.020511575288422533	1.4948710788856204E-5	
DF:AE	223	174	1	1.048462437217386	0.00999263566257816	6.132783077904604E-6	
FF:73	255	115	1	2.2075975607422884	0.023535591207326102	3.097189611820603E-5	
7A:D7	122	215	1	4.111177582376648	0.04121125476842682	5.258814164569047E-5	
7B:DE	123	222	1	2.1566631335872377	0.022248615888757185	1.4554322447786186E-5	
F2:F3	242	243	1	1.3872894215975244	0.017149504665024306	1.1696969769034422E-5	
DB:EB	219	235	1	2.5931702526584886	0.030723034384896177	3.678357851154165E-5	
EF:3F	239	63	1	2.605917955074624	0.029109575341770253	4.061596388994704E-5	
EA:FF	234	255	1	1.8584316606458857	0.02418716848783853	2.022721476463612E-5	
DF:DD	223	221	1	5.07697882131134	0.052155494998985336	1.4359111964043437E-4	
7D:FD	125	253	1	2.435379152460581	0.031196889623131326	1.872293039670042E-5	
FE:9F	254	159	1	2.1117684111388275	0.01870278061169368	2.8358392485148157E-5	
E7:FA	231	250	1	1.2393719881337049	0.0156881395802344	8.925500963230422E-6	
F6:ED	246	237	1	2.584012427965843	0.03065341361382157	4.1180320256598214E-5	
BB:FB	187	251	1	2.679244096269091	0.03421425745001057	3.33739040410517E-5	
1B:FF	27	255	1	1.298706643598524	0.01690227016745888	7.61388162865185E-7	
F7:B7	247	183	1	1.710740196247393	0.0177701017543375	1.8159363278388657E-5	
AF:BF	175	191	1	2.461442711426573	0.026531580129694983	2.640044594885349E-5	
7F:BE	127	190	1	1.5827734908273148	0.016868637176160835	8.04618666169305E-6	
BB:B7	187	183	1	1.264004155226669	0.013129624856568283	7.463841734932548E-6	
BF:F4	191	244	1	1.8194600270754218	0.022329511341277208	1.5677129293050986E-5	
AB:EF	171	239	1	1.3700709267752302	0.01652983162777602	8.014035586515327E-6	
DD:7F	221	127	1	2.003798707347963	0.02241171658245634	2.216543670899777E-5	
F7:ED	247	237	1	2.3707673986331663	0.028123712156097855	3.477131222755005E-5	
DF:EA	223	234	1	2.241472778505249	0.02630628258837236	2.7905692432465083E-5	
7E:F5	126	245	1	1.411240135965656	0.017474045593662998	6.3354442528238145E-6	
2F:FD	47	253	1	1.1695879135349943	0.014982174100635912	1.5744618986891718E-6	
FF:AC	255	172	1	2.053036238654799	0.019174270486631142	2.6858147528376172E-5	
D7:FB	215	251	1	1.1931431522257834	0.01523648482159885	7.674571297358326E-6	
B7:7F	183	127	1	2.2474966484577594	0.025137365841388988	2.3215696000122255E-5	
B7:FB	183	251	1	1.4196651414316068	0.01812918079359101	9.233397231893937E-6	
7D:7B	125	123	1	2.1008858910823096	0.02316921718756574	1.3983127349575007E-5	
AB:7F	171	127	1	1.5960996702866068	0.017851684570564175	1.0895794845936287E-5	
3F:FA	63	250	1	1.3951334743665744	0.017659700080321018	2.9437400081761966E-6	
EF:ED	239	237	1	2.1543846093689836	0.02555678131981954	2.772113956501383E-5	
2B:FF	43	255	1	1.989763068087614	0.025896198139479836	4.230996793239845E-6	
9B:7F	155	127	1	1.195075770804903	0.013366376524206587	5.543574860642632E-6	
FD:D9	253	217	1	1.4557500440989437	0.014629954154599407	1.3398332624880052E-5	
DF:ED	223	237	1	2.1848877414328283	0.025918611335430754	2.6507758185417964E-5	
79:FB	121	251	1	2.143215958297485	0.02736895593706448	1.4113665746517376E-5	
FC:BB	252	187	1	2.075529258567042	0.021860472774658458	2.712638286405765E-5	
F3:7F	243	127	1	2.1013012049461284	0.02350228614238845	2.6984309521558785E-5	
F1:EF	241	239	1	2.112965952017983	0.025492996626800834	2.7056428796373567E-5	
BD:D7	189	215	1	2.086956236493456	0.02091999945794723	2.054695988656862E-5	
3F:E7	63	231	1	1.909310302142659	0.022224923159644683	5.524770945557309E-6	
7D:EB	125	235	1	2.091572398602105	0.024780079915548946	1.383662268881937E-5	
AD:FD	173	253	1	2.1017880444531896	0.026923667392932133	1.9008507080328138E-5	
35:FF	53	255	1	1.5180393265831786	0.0197568460585418	3.051148433137539E-6	
7A:DF	122	223	1	2.060501329979281	0.021383718528850744	1.3200399167763836E-5	
C7:FD	199	253	1	2.039175349014062	0.026121637370259642	2.0911659104842024E-5	
BB:FE	187	254	1	2.0610212165893245	0.026590988687651477	1.9743766675403495E-5	
CA:FF	202	255	1	2.061726931490658	0.026833010290615834	2.1578085354919326E-5	
FD:7D	253	125	1	2.0320883711979523	0.022169817169552616	2.6062319205781828E-5	
D9:FE	217	254	1	2.0403561137170767	0.026324409337783843	2.2557706046377973E-5	
6C:FF	108	255	1	2.0202023965362277	0.026292446387915752	1.1163489920874926E-5	

