BMLVN	12	x2
metabolism	0.9970000
mutations	0.0000100
catastrofic	0.0000100
minWeight	0.1
start biomas	2.0	_
env.size	25000.0
feedSourceH	0FF
0C7
0B5
023
011
feed port max	50000.0
timeQuant	0.01

key	suscepBits	activeBits	maxsize	popBiomas	currincome	currloss
FFF:000	4095	0	1	12158.568536854933	420.3813171386719	184.00365807900394	
0FF:000	255	0	1	11169.792766649818	140.55958557128906	217.98941538832258	
00F:000	15	0	1	25000.0	275.2402648925781	17.65892045127613	
777:000	1911	0	1	11773.993521833778	201.43234252929688	232.1918478103632	
555:000	1365	0	1	11424.177502582337	93.84602355957031	243.01659260932308	
0FF:0FF	255	255	1	216.60816366476436	0.7308156556714392	0.08020987978543616	
0FF:1FF	255	511	1	94.06423564062963	0.28799142271671074	0.01515325334263501	
0FF:0F7	255	247	1	134.4240045067304	0.43190912694557154	0.030917245513916704	
0DF:0FF	223	255	1	255.86463984602128	0.8632221789908097	0.09504601335109752	
0FF:0FE	255	254	1	194.15135326247545	0.6469493697526552	0.06445496601571742	
0FF:8FF	255	2303	1	187.5668686294587	0.5711891915835433	0.06028770294739763	
8FF:0FF	2303	255	1	752.7219141846307	2.5394492951229073	0.2864437913909903	
0FF:0DF	255	223	1	13.584076054609731	0.03840842511068916	3.161862618904221E-4	
0FF:0EF	255	239	1	74.62208421750408	0.22906284599782653	0.009533718641450908	
07F:0FF	127	255	1	457.68637009120283	1.5437875423121992	0.17412487593200496	
0FB:0FF	251	255	1	222.00708223301706	0.7490279145354664	0.08294093052759811	
0FE:0FF	254	255	1	218.57016735598967	0.737434437775602	0.08137924307598206	
0FF:4FF	255	1279	1	511.3202467109975	2.055136967097414	0.4473091039687036	
1FF:0FF	511	255	1	313.5757276488634	1.0579631451751326	0.1157479037389217	
0EF:0FF	239	255	1	233.6134088954887	0.7881751184767202	0.08684104481566725	
4FF:0FF	1279	255	1	178.89512152970752	0.6037133617253909	0.07288533926739944	
0FD:0FF	253	255	1	219.36583686484923	0.7401181830108964	0.08161238285962709	
0FF:0FB	255	251	1	168.56896074955387	0.5537232107515211	0.04860103860036777	
0FF:07F	255	127	1	456.30534608030695	1.7156427950126207	0.3559317090722284	
0BF:0FF	191	255	1	307.3289679298864	1.0367801283982447	0.11313304511647182	
0BF:1FF	191	511	1	135.14387261258418	0.413758039374395	0.021933525991941708	
0FF:1FB	255	507	1	74.61312230211419	0.22392398372916908	0.009535727443014813	
0FF:0FD	255	253	1	181.20872775047383	0.6005978597885604	0.05615459568962103	
2FF:1FF	767	511	1	173.10982320495677	0.5300037237493325	0.02926461601606572	
0FF:3FF	255	1023	1	394.1558411540872	1.439412745114142	0.2658996968640705	
07F:1FF	127	511	1	203.73251269276506	0.6237432333659193	0.03462684903918471	
2FF:0FF	767	255	1	382.73243530529334	1.2912960879923625	0.1427888187329372	
0FF:5FF	255	1535	1	999.9685827685801	4.930959838387534	1.7094914047122627	
0FF:2FF	255	767	1	379.6501978136608	1.3784921002060238	0.24662213613351214	
0F7:1FF	247	511	1	99.32319896537328	0.30409303771492635	0.016357197773689432	
07F:0FE	127	254	1	408.35287811747105	1.360430149236858	0.1386826475807167	
0FF:1F7	255	503	1	56.06389076089642	0.1650624799772904	0.005384570622321321	
4FF:1FF	1279	511	1	83.3199615210366	0.2551094347380613	0.015817319726254966	
0FF:1FD	255	509	1	85.85239354143373	0.260410531864523	0.012623877774905918	
0FF:1DF	255	479	1	10.348570452259446	0.027881279164758507	1.835631522385689E-4	
0DF:4FF	223	1279	1	603.2554813848806	2.424545785743758	0.5288852435587361	
1FF:1FF	511	511	1	139.41855550272058	0.42681820764820894	0.022890929072229806	
0DF:1FF	223	511	1	112.89824664804084	0.34565352717363806	0.018544417047707252	
8FF:1FF	2303	511	1	340.84286644019227	1.0435765108452044	0.05889973069197518	
0FF:1EF	255	495	1	23.46187978955879	0.0655515829392261	9.433162341051855E-4	
2DF:0FF	735	255	1	441.5362237369565	1.4896689688129918	0.16378520607422975	
1FF:0FB	511	251	1	242.32478242787226	0.7959940949145201	0.06915913754728484	
0FE:1FF	254	511	1	96.62219550325194	0.2958237628632408	0.015931927942599722	
0DE:0FF	222	255	1	256.8769438906412	0.8666366058667783	0.09541313712185746	
0FF:9FF	255	2559	1	128.00050742945413	0.3681835609562825	0.028085500819492366	
0DD:0FF	221	255	1	257.18206275768597	0.8676652749271764	0.0951613165928901	
0FB:1FF	251	511	1	97.82996134433887	0.2995214422136301	0.016135124048500756	
1FE:0FF	510	255	1	314.71475220306627	1.0618057013190327	0.11615961637897962	
0EF:1FF	239	511	1	103.21821358929928	0.3160178222212136	0.016985490676419062	
0FF:0FC	255	252	1	175.28169767191451	0.5777831225852941	0.052545294559165075	
0EF:8FF	239	2303	1	193.58527726971278	0.5895094031480812	0.0597822800861444	
0FF:0D7	255	215	1	2.4958268913590125	0.00673039679063341	1.0676980584552592E-5	
0DF:2FF	223	767	1	446.362384387404	1.6206483047607934	0.28957140424920025	
0B7:0FF	183	255	1	322.0466830242111	1.0864111228387239	0.11837921888100267	
1FD:0FF	509	255	1	316.12043667760986	1.0665475210035633	0.11666895034758376	
0DF:8FF	223	2303	1	217.9473699229208	0.6637164839008061	0.0691710760515107	
0FD:1FF	253	511	1	96.66943969078336	0.2959682395800404	0.015877505442149296	
07E:0FF	126	255	1	460.1962022921521	1.5522506073432991	0.17497956345654522	
CFF:0FF	3327	255	1	342.0068760297955	1.1541976994718854	0.1393249788287245	
07F:4FF	127	1279	1	1065.565058657666	4.283746525384267	0.94768975518167	
0FE:0F7	254	247	1	134.6292543600535	0.4325684441926131	0.03090186362875171	
0FF:0E7	255	231	1	32.2397383045681	0.09444605276693493	0.0017804699076139365	
17F:0FF	383	255	1	560.3166682889749	1.8904218273439435	0.21043493338917224	
07F:0FD	127	253	1	388.43917975843874	1.287206338601438	0.1255159517833693	
4FF:0EF	1279	239	1	67.60739379716075	0.2075404191288676	0.010412297454434756	
0BF:0FD	191	253	1	260.1499884578411	0.8621698423438943	0.08110590855409952	
09F:0FF	159	255	1	390.90682527348207	1.3185714094265668	0.14173363292606506	
0DF:0FE	223	254	1	227.9253591657327	0.7594622382953558	0.0754434345354787	
0FE:4FF	254	1279	1	514.6728511476424	2.0686134750323504	0.4515891718301814	
1FB:0FF	507	255	1	318.53283841929994	1.0746857626418178	0.11754278804187317	
03F:0FF	63	255	1	1044.0907789618386	3.5190008132318273	0.39836349200838705	
4FF:0F7	1279	247	1	114.5109932408207	0.3679665586828838	0.029867005054818055	
8FF:8FF	2303	2303	1	642.5980601087047	1.952675233339717	0.2051768759386061	
8FF:0F7	2303	247	1	472.2313738308236	1.5172615594203167	0.11286150074524734	
0FF:0F3	255	243	1	104.25151215070615	0.32822272356933	0.018601525251436563	
0FB:07F	251	127	1	462.7231348725348	1.7397857974837168	0.3603211592560187	
0FE:8FF	254	2303	1	188.4185892948141	0.5737830198661172	0.06062104612302831	
1FF:0F7	511	247	1	193.7792340253096	0.6226165494340145	0.04424159362173105	
1FF:0DF	511	223	1	20.02198105317362	0.05661135623761207	4.7302936522822464E-4	
0EF:0F7	239	247	1	64.40806827853238	0.2069332783752545	0.006610244874815697	
0FE:0FD	254	253	1	185.22629425119635	0.6139132721967696	0.05846298742511058	
0FE:0FB	254	251	1	169.1740108488769	0.5557104774582962	0.04877699961990038	
2FF:4FF	767	1279	1	892.3978859580307	3.5875219676737515	0.7776755703596654	
8F7:0FF	2295	255	1	766.8977445964885	2.587291076305177	0.2916993087418339	
077:0FF	119	255	1	485.5887649951702	1.6378584186964564	0.1846283255672565	
4FF:0DF	1279	223	1	14.694888251493637	0.04154965356985847	4.920703923805954E-4	
8BF:0FF	2239	255	1	991.170924254014	3.3449078960341625	0.381435052946654	
07F:0DF	127	223	1	28.978280036380077	0.08193493983774562	7.012276670705786E-4	
0DF:0FD	223	253	1	216.68265729656173	0.7181481623388654	0.06819258212383401	
8FF:0EF	2303	239	1	268.2626824529531	0.8234665774606621	0.036450597765486044	
0BF:0DF	191	223	1	18.767638414043848	0.05306468536512774	4.2329663386217226E-4	
0F7:3FF	247	1023	1	406.88255004084164	1.485880582845231	0.27432472891774695	
0DF:0F7	223	247	1	157.42205395200483	0.505793799441523	0.03601626103906604	
0FE:0DF	254	223	1	13.37561243715806	0.037818987362773386	3.0547107867724216E-4	
0FF:0F9	255	249	1	134.35468624215812	0.43653447377693877	0.030882846706136148	
0FF:8FE	255	2302	1	185.35547660275137	0.5638226481876726	0.05887468653528084	
07F:0FB	127	251	1	355.13258710668634	1.1663839337705044	0.10495555884626212	
0FF:CFF	255	3327	1	687.8942477042879	2.751423146779465	0.8108859134487054	
8FF:0DF	2303	223	1	48.895010367644225	0.13824899750453012	0.0012122966372944788	
0BF:0FE	191	254	1	273.15046939960746	0.9101069676799978	0.0894011995688394	
07F:0EF	127	239	1	157.99704308928153	0.48498340321000305	0.02081793306728541	
0FB:8FF	251	2303	1	189.85363072989784	0.5781522029706319	0.0608034584101345	
0FF:6FF	255	1791	1	1059.9388714209615	5.288461935059137	1.9211283421104666	
4FF:0FE	1279	254	1	160.15063236819762	0.5337527865768777	0.058413277506310174	
0EF:0FE	239	254	1	208.25898046117706	0.6939486136698089	0.06903125743675577	
4FF:8FF	1279	2303	1	151.56425586000393	0.4615724866427453	0.05235735970870008	
0FD:0FB	253	251	1	169.8996934339921	0.5580938705316691	0.04898012714122745	
0BF:8FF	191	2303	1	263.75587186783827	0.8032171581642242	0.08362976088090866	
0FF:2DF	255	735	1	181.56835503267524	0.5848308364260983	0.05645779081156861	
0EB:0FF	235	255	1	237.59835513427905	0.8016164418798417	0.08833747757925649	
07F:0F7	127	247	1	283.3364365204386	0.910290834556404	0.06686193366482024	
0FF:4BF	255	1215	1	300.6532698960995	1.0826663221015669	0.1547655240338793	
0FF:0DE	255	222	1	7.508518199351745	0.021105405745347264	9.660916200680503E-5	
0ED:0FF	237	255	1	235.83241066140792	0.7956597567962652	0.08769702180983108	
0EF:4FF	239	1279	1	550.1525165169262	2.2111787500718236	0.48203693350999743	
0D9:0FF	217	255	1	262.11894289415466	0.8843165449899116	0.09707883285362964	
0FF:1DB	255	475	1	4.330678097684962	0.011432674566713272	3.2150291354380104E-5	
0E7:0FF	231	255	1	242.14567124583232	0.8169539885975409	0.08999454410978915	
17F:1FF	383	511	1	251.11702935551094	0.7686651061715314	0.04217947920832746	
27F:0FF	639	255	1	719.0049996592925	2.4264294834352493	0.2769525916866182	
0EF:0EF	239	239	1	79.94457077336504	0.24539937486947297	0.010185118750697384	
07F:8FF	127	2303	1	393.1233622275345	1.1971941722021553	0.1290991484009289	
0BF:4FF	191	1279	1	728.1396752422745	2.926275939356036	0.6359080282848554	
07D:0FF	125	255	1	464.3411117389839	1.5662239898616448	0.17664005182188744	
2FF:8FF	767	2303	1	328.10248887507095	0.999175835987447	0.10521282873969967	
8FF:07F	2303	127	1	1543.8328788618458	5.807157536133223	1.208167917022503	
0FE:0FE	254	254	1	194.82460166863314	0.6491914664204075	0.06467165752764212	
4FF:0FB	1279	251	1	140.82491393580096	0.4626572938901495	0.045167805170640604	
0FB:0FB	251	251	1	171.19647203168074	0.5623504765628629	0.049342762750734306	
0FD:8FF	253	2303	1	188.40805883146223	0.5737501815004182	0.0603481119715152	
0FB:4FF	251	1279	1	520.8311855055564	2.0933597888493995	0.4568631512025647	
05F:4FF	95	1279	1	1470.6393416939102	5.912214688591298	1.3087087019881183	
0FB:2FF	251	767	1	385.5901898831907	1.4000552226206608	0.2504290330132924	
0DF:0EF	223	239	1	87.40551464897574	0.2683019037944087	0.01111160869641832	
0FF:07E	255	126	1	363.0772791181046	1.304696436098003	0.2254522507817851	
8FD:0FF	2301	255	1	752.5386510501324	2.538838767338163	0.2852624030620231	
0F9:0FF	249	255	1	222.28298156648015	0.7499578187879987	0.08247980701122583	
8FB:0FF	2299	255	1	756.8087684847277	2.5532497690527776	0.28752609156747544	
0FF:47F	255	1151	1	398.55779341849245	1.525708089696126	0.2720301963939566	
1BF:0FF	447	255	1	430.6988380419623	1.4530451060419272	0.15742878912793895	
0FB:0FE	251	254	1	197.1566092210718	0.6569616153251844	0.06542777294010164	
2FB:1FF	763	511	1	175.12414263080095	0.5361707158547335	0.029533783429120733	
0DF:07F	223	127	1	536.7977801148966	2.0183840211802204	0.41860659456744315	
0BF:0EF	191	239	1	104.73313248405188	0.32148866310098106	0.013168336545189431	
0BD:1FF	189	511	1	136.50669557037747	0.417930238853756	0.022124411032645515	
0FF:4FD	255	1277	1	508.55249226194525	2.0399207628367084	0.44249081753916425	
2FF:3FF	767	1023	1	683.6313851892899	2.4931169982417103	0.4526954170059013	
0FF:87F	255	2175	1	35.46938252423426	0.09342669175820112	0.002156943710938478	
0EF:1FB	239	507	1	79.92811104200061	0.23987463964188294	0.01018677003319758	
0AF:0FF	175	255	1	335.4386195589755	1.1315530008844736	0.11724569445300545	
07E:1FF	126	511	1	204.9199887025913	0.6273786365567554	0.03482111588354341	
0FD:0EF	253	239	1	75.1393386372574	0.23065056904752404	0.009589812640103574	
1FF:3FF	511	1023	1	566.8764613601602	2.0690508928175078	0.3776372788148298	
0FD:0F7	253	247	1	133.6189733438677	0.42932192305347744	0.03030635040903358	
87F:1FF	2175	511	1	468.2980861601663	1.433818405977342	0.08274416842901376	
1FD:1FF	509	511	1	130.91848465555242	0.4007963962574442	0.020021072883331263	
4DF:8FF	1247	2303	1	159.67260195413832	0.4862675645850671	0.05581406322782381	
2FF:0FB	767	251	1	298.5241655848187	0.9806032250969966	0.08691194033304259	
0BF:0FB	191	251	1	237.39453521590232	0.7797520299776576	0.06755528202385426	
8FE:1FF	2302	511	1	339.51721334221946	1.0395166839434116	0.05834130732636008	
2FF:0EF	767	239	1	136.6897474337731	0.41958921636119967	0.018240413538496793	
0DF:1FB	223	507	1	87.0521740492296	0.2612542555930302	0.011027495869626982	
1FF:8FF	511	2303	1	268.45326427198165	0.8175219743611098	0.08506057877756544	
3FF:0FF	1023	255	1	359.38642611407846	1.212625755628747	0.1346370704270159	
06F:0EF	111	239	1	180.31280321991494	0.553468633962937	0.023651254950086045	
05F:0FF	95	255	1	630.5082026298159	2.126277227118096	0.23912560745062875	
17F:0FE	383	254	1	498.44822951892615	1.6609044511430622	0.16657396857939433	
0FF:0FA	255	250	1	159.44229236146367	0.5208682452779203	0.04348490782830034	
2FF:5FF	767	1535	1	1745.2303544024815	8.610496216815765	2.9738321080392387	
1DF:0FF	479	255	1	361.37449481884784	1.2192047703835298	0.13294858471024126	
07F:5FF	127	1535	1	2063.2912002659787	10.17990383847308	3.5526855866162763	
0FE:1FB	254	507	1	74.7570994524553	0.22435603283398708	0.009538661206928206	
0FF:1DD	255	477	1	8.129762118296313	0.021703397834293984	1.1329281395826723E-4	
2EF:1FF	751	511	1	183.101317632926	0.5605939559487867	0.03085863480161641	
8DF:0FF	2271	255	1	975.7312346870483	3.2928039379631184	0.3756167246688589	
0DB:4FF	219	1279	1	614.0433983840488	2.4678922433772215	0.5382362993115885	
0BE:0FF	190	255	1	308.90879804856934	1.0421081391993676	0.11376594726668113	
1FF:4FB	511	1275	1	718.5315786379597	2.869297966746661	0.6088637263805814	
0FD:2FF	253	767	1	382.6345185258721	1.3893256323033092	0.24852985196232374	
4F7:1FF	1271	511	1	83.9611310133811	0.2570724924606785	0.015913505597130683	
4FE:0FF	1278	255	1	178.27501557649674	0.6016198284958463	0.0722972394865512	
0F5:0FF	245	255	1	226.64305914745776	0.7646649850174418	0.08432070580001949	
0FE:07F	254	127	1	458.14938302547796	1.7225796572156862	0.3575473786613216	
07F:0F6	127	246	1	265.512670785716	0.8482802176047254	0.05872555363598807	
4FF:1FB	1279	507	1	66.16686380316852	0.19858303935203625	0.009975496708151056	
2DD:0FF	733	255	1	444.28432709678873	1.4989416049050814	0.16478737043981076	
9FF:0FF	2559	255	1	922.6081815804046	3.1134980104535153	0.3458433339460426	
09F:2FF	159	767	1	688.6743055114507	2.499966667959575	0.44068436056508736	
0BB:0FF	187	255	1	313.7965993755191	1.058591484284223	0.1155155540452449	
1F7:0FF	503	255	1	323.72156790193753	1.0921895377061654	0.11939708731661319	
0FF:8FD	255	2301	1	183.91381239028894	0.558892386531724	0.05796263737171019	
4FF:5FF	1279	1535	1	767.4584306927021	3.7805740377497203	1.3351083736522946	
1FF:5FF	511	1535	1	1446.1986986069085	7.119063394079896	2.4500105069319393	
2F7:1FF	759	511	1	174.03272002686128	0.5328278872735369	0.028761816490277665	
07B:0FF	123	255	1	471.17728224189227	1.5892718481198043	0.17921280995017908	
CFF:1FF	3327	511	1	160.93149424431866	0.4927417044049078	0.030855026446812834	
4FF:0FD	1279	253	1	152.85896074362753	0.5067229129221174	0.05321596339214132	
2DF:1FF	735	511	1	198.19288628529236	0.6067975098496671	0.033064597751717745	
8DF:4FF	2271	1279	1	2224.6455242459506	8.943333905659564	1.9519707041494039	
1FF:1FD	511	509	1	123.78559084027239	0.37544742555157073	0.018049544382717355	
0BF:9FF	191	2559	1	181.979941052381	0.5234509038431	0.03981666965344829	
0F3:1FF	243	511	1	100.82840382691045	0.30870128781466055	0.0165865320980995	
0FD:0DF	253	223	1	8.62364256733948	0.02438280414025903	1.264224185582074E-4	
0FA:1FF	250	511	1	98.01901590113421	0.3001001806169167	0.01613940246976775	
0FF:4F7	255	1271	1	503.4854735824441	2.0157865442233094	0.4337372498016556	
2FE:1FF	766	511	1	172.79445966599604	0.5290378852162742	0.029066741824696908	
0EF:1DF	239	479	1	8.995032783249243	0.024234477098787104	1.2910864567072791E-4	
0FF:3FD	255	1021	1	383.68964432549296	1.393323746497692	0.251976622230329	
47F:0FF	1151	255	1	215.25889112647215	0.7264533092725466	0.08830825519964787	
4FD:0FF	1277	255	1	177.42598690680472	0.5987534994427695	0.07152793912368718	
8FF:2FF	2303	767	1	1280.0566392351855	4.648800279477152	0.8305804497380511	
0FC:1FF	252	511	1	97.32274598195711	0.29796851430009197	0.016032807576929937	
0FF:1ED	255	493	1	10.368368965713081	0.0287062085619396	1.8423807208502987E-4	
2FF:2FF	767	767	1	658.5268110613118	2.3869985719172107	0.4190417707868692	
1DF:1FF	479	511	1	157.92394380651356	0.483459341056632	0.025395098223879205	
CEF:0FF	3311	255	1	335.76666263093614	1.1331237446148272	0.13243821829708644	
07F:2FF	127	767	1	789.2310759899402	2.8649882128665043	0.5187555180839075	
87F:0FE	2175	254	1	911.8384975892569	3.03900221947592	0.31364497699545146	
4FB:0FF	1275	255	1	178.4723653949906	0.6022856430797833	0.0722235348823981	
07F:0FC	127	252	1	368.0897957042547	1.2131426832192265	0.11273585639494606	
079:0FF	121	255	1	478.1259819462521	1.6126988927337957	0.1817975326075441	
0DF:0FC	223	252	1	205.51390750683115	0.6774173553004691	0.06135126122895286	
8FF:1FD	2303	509	1	303.1596416137913	0.9195782925278946	0.046596765309860275	
05F:0FE	95	254	1	562.3998531736806	1.8733338872610736	0.19040130910272146	
0BF:0EE	191	238	1	88.35975912819558	0.26967608110680436	0.00937423977034414	
1F7:1FF	503	511	1	141.4390394129512	0.43300189172787384	0.022801845249979195	
06F:8FF	111	2303	1	449.3341050143585	1.3683739132113122	0.14720778247035893	
0DF:3FF	223	1023	1	463.4393095918708	1.6923669755194086	0.31225343764306535	
0FF:4FB	255	1275	1	498.91498887360086	1.9919364623159446	0.42589356406464485	
07F:1FE	127	510	1	184.32585226775413	0.5613513791479752	0.028347202599860986	
8FF:8F7	2303	2295	1	597.7313905308508	1.8006586100817048	0.17779602879940765	
0FF:9DF	255	2527	1	115.21595811812648	0.32809994627136957	0.02275568842090003	
27F:1FF	639	511	1	318.0536632308109	0.9737992964521374	0.054203546210766285	
4FB:1FF	1275	511	1	83.56653189977155	0.25586431554414735	0.01584135859369081	
0FF:7FF	255	2047	1	1490.7655605144114	8.617302481759479	3.798603479995049	
07F:1FB	127	507	1	121.83318695761581	0.36562670129617175	0.01238796904628016	
07F:1F7	127	503	1	116.29389105122252	0.34238831952698784	0.011288904454120025	
1FB:1FF	507	511	1	140.4310162830981	0.4299168687428412	0.022856045476230748	
2FF:CFF	767	3327	1	1199.0254863820567	4.795799544050064	1.4048068535764253	
CFF:0FE	3327	254	1	306.957606859383	1.023059440763634	0.11223187634944659	
0FF:1EB	255	491	1	4.937508557786779	0.013524121105286797	4.1783207599200054E-5	
0FF:1FC	255	508	1	71.6426343657141	0.216154954613544	0.008791302225354158	
1FE:0FD	510	253	1	266.3044607845085	0.8826313562530345	0.08320104129916846	
47F:4FF	1151	1279	1	478.29320760245275	1.9212841879012779	0.43428005642064804	
2FB:8FF	763	2303	1	331.6184821030904	1.0098820759286344	0.10598734143351986	
2DF:4FF	735	1279	1	1029.1471909876839	4.1372455086875926	0.8915255687995689	
2FF:9FF	767	2559	1	228.49308085489253	0.6572452531924288	0.05103379816948379	
0F6:1FF	246	511	1	98.31566193810035	0.30100781173900193	0.015968704680651043	
8FF:1FB	2303	507	1	214.97536216068752	0.6451670929328529	0.023430389305856548	
6FF:1FF	1791	511	1	94.72622914491498	0.29003227580338015	0.01768100101881231	
0CF:8FF	207	2303	1	235.72899909439317	0.7178664757930224	0.07464509784743995	
0FF:8F3	255	2291	1	167.75656348533843	0.5043003585632732	0.048227582238958705	
0DB:0FE	219	254	1	231.02820641174324	0.7697985426284283	0.07613376748589402	
0F7:2FF	247	767	1	391.93445406495033	1.423085495120492	0.2544678323146494	
077:0FB	119	251	1	371.1321556322642	1.2189200684474055	0.10798665424880459	
47F:1FF	1151	511	1	99.74748119221312	0.30540737898692266	0.018965471579614257	
0BF:1DF	191	479	1	7.236157773887321	0.01949559629363555	6.295035454008646E-5	
5FF:1FF	1535	511	1	67.33963996685122	0.20617178199952652	0.010355762930645818	
0FF:8E7	255	2279	1	65.3666248680616	0.18019374567072438	0.007324562275664929	
13F:0FF	319	255	1	1019.7938671446568	3.4414337898596763	0.3722171964762752	
07E:0FB	126	251	1	348.2291134617685	1.1437173968072678	0.10031414061532799	
06F:0FF	111	255	1	518.5263237250618	1.748889349137131	0.19495459395015693	
0DE:2FF	222	767	1	447.63885032071795	1.6252811406635723	0.29005624324374124	
9BF:0FF	2495	255	1	948.7940974041862	3.2018454305080115	0.34929626675608766	
0BF:0F7	191	247	1	184.07193309142477	0.5914050343522043	0.040639296034206296	
0FF:2FD	255	765	1	367.48154864621324	1.3255532967693466	0.23107949794335372	
0EF:1F7	239	503	1	43.65431759191029	0.12852346455540703	0.0030392430220675254	
2FF:07F	767	127	1	793.2347371449524	2.9824226266330447	0.6133243297727705	
0FB:6FF	251	1791	1	1077.4694854399536	5.375888711603584	1.9542121825314747	
1FB:07F	507	127	1	667.688600270693	2.510386127468213	0.5164658654714256	
03F:4FF	63	1279	1	2423.64641749471	9.743515364836936	2.1702076834112454	
0EF:3FF	239	1023	1	423.1217397170026	1.5451712866533747	0.28523679237268074	
8BF:2FF	2239	767	1	1672.562617457289	6.074273194518419	1.086162556379724	
0FD:1F7	253	503	1	50.99462289455683	0.1501364316381967	0.004419617568428172	
09B:0FF	155	255	1	397.06613694514294	1.339342428957272	0.1435174864188736	
1BF:0FE	447	254	1	382.34173011222515	1.2739717630348202	0.1241006482973489	
1FE:8FF	510	2303	1	266.49517545712075	0.8115561871516099	0.08351427192509121	
1DE:0FF	478	255	1	360.68093788438784	1.216865468245803	0.13190559799866244	
0FF:2DD	255	733	1	172.59302203388282	0.5524796673797793	0.05101601043146786	
0DF:4FD	223	1277	1	599.8762150419316	2.406141357666912	0.5229930227377385	
0EF:0FC	239	252	1	185.6927322029436	0.6120940866397608	0.05489424468863747	
16F:0FF	367	255	1	605.4946647784321	2.042862615382438	0.22223733977151994	
87F:0FF	2175	255	1	1005.4412891369795	3.393047348866165	0.3813381282352359	
0EF:9FF	239	2559	1	137.64626450953435	0.39592893072166757	0.030235239103507054	
0EB:07F	235	127	1	498.21861158292455	1.873297701919864	0.38854439690550924	
0BE:0F7	190	247	1	182.26154135872795	0.5855883234654559	0.039658999354099715	
07F:8DF	127	2271	1	120.53453197748703	0.33308655996503805	0.012137681397848791	
07A:0FF	122	255	1	470.2956890766938	1.5863029335737022	0.17744057495564147	
2BF:0FF	703	255	1	499.890888094533	1.6865583033189484	0.18648779092438678	
09F:0EF	159	239	1	86.01237964350794	0.26401608191036585	0.006885625477813531	
17F:1EF	383	495	1	8.761639642462804	0.024478871283970163	5.158198326031145E-5	
07F:8FB	127	2299	1	377.2086514207942	1.1439024159527211	0.11885802941410932	
06F:0F7	111	247	1	303.91204426487855	0.976382990875774	0.06713158417271088	
0D7:8FF	215	2303	1	226.95455727932327	0.691146908568309	0.07228700623395298	
CFF:2FF	3327	767	1	567.7926175932126	2.0621171281634654	0.38401584843417785	
0FF:3F7	255	1015	1	360.60339571662826	1.2934827109686915	0.22258807148943582	
03F:0FB	63	251	1	744.5832399058713	2.444687969691118	0.20342101653785916	
076:0FF	118	255	1	484.1784650094573	1.6331078828169627	0.1823903432492511	
03F:0EF	63	239	1	169.89212136777846	0.5214763041264368	0.010654739532663198	
2EF:5FF	751	1535	1	1850.8960910499948	9.131816240475338	3.1526126797523277	
07B:1FF	123	511	1	180.06031850280831	0.5512629316459636	0.026271430707374237	
87E:1FF	2174	511	1	326.37718587703966	0.9992366392903407	0.040169065786002996	
03F:0F7	63	247	1	533.7941822544445	1.714719747139246	0.10482125880944497	
0DD:2FF	221	767	1	450.35136203707515	1.6351276086136044	0.2921126351494012	
07F:CFF	127	3327	1	1427.1533878708738	5.708369147945381	1.7010928177512177	
0FA:1FB	250	507	1	66.8079027867594	0.2004969098261465	0.007498797735105799	
1DF:0F7	479	247	1	220.21619275226018	0.7075534813479876	0.04941957644776435	
4BB:0FF	1211	255	1	194.37972402385975	0.6559744214026234	0.07889726226926112	
6FF:8FF	1791	2303	1	172.52999167470293	0.5254185475258655	0.05867364185491912	
0AF:0FB	175	251	1	255.83506767040967	0.8402973591173334	0.06826458271971238	
0DF:87F	223	2175	1	18.14509227372302	0.047792707812845336	4.7956138628977305E-4	
0FB:5FF	251	1535	1	1015.7572501895603	5.008772965181212	1.7363585958582903	
0EC:0FF	236	255	1	235.07170429463727	0.7930932632681132	0.08680247099726036	
0FF:2EF	255	751	1	281.49107712617985	0.965510654131727	0.13564210093629414	
07A:1FF	122	511	1	183.77284556113005	0.5626294137385106	0.027196374459199184	
0DF:8F7	223	2295	1	201.81489258450267	0.6091099916667108	0.05931040126310121	
03F:0FD	63	253	1	847.89138649041	2.8084228368539943	0.2633977779282757	
03F:0FE	63	254	1	897.7778918394466	2.989322951173928	0.2950758890438574	
0FD:8F7	253	2295	1	173.7983951404412	0.5245438380001425	0.05135342764472432	
8FF:0FD	2303	253	1	595.7451538112163	1.9744588787817694	0.179523009025466	
0DE:1FF	222	511	1	99.00621668426811	0.3031169433448817	0.014204406636369973	
07F:0DB	127	219	1	1.561967962668077	0.00432211688256435	2.037809706628134E-6	
0CF:0FF	207	255	1	275.397189718646	0.9290985637637491	0.10155369323203871	
07F:0DE	127	222	1	2.3860024225258893	0.0067066517648743385	4.754681258207922E-6	
0DF:CFF	223	3327	1	811.551685683555	3.2460342117140604	0.9589042221414712	
2BF:1FF	703	511	1	200.07531517375088	0.6125539549400464	0.029931016426688384	
09E:0FF	158	255	1	389.2270476548807	1.3129098538305766	0.13986187258018876	
0DD:8FF	221	2303	1	219.6513028546972	0.6689052157971584	0.06962432936515918	
1EE:0FF	494	255	1	334.56779378502296	1.1287777742202467	0.12257821376225564	
23F:0FF	575	255	1	839.8768885502097	2.8342898018520306	0.30965509963257065	
0EE:0FF	238	255	1	231.19563297633795	0.7800185156869146	0.08473401863877461	
27F:4FF	639	1279	1	1631.6207800441991	6.5592818673809985	1.4257517062591052	
87F:8FF	2175	2303	1	847.4401403657503	2.571516984824701	0.26184581711877725	
8BF:07F	2239	127	1	2015.0736333829718	7.579737436055185	1.5765751083390285	
0ED:07F	237	127	1	493.8135358376885	1.856724674043634	0.38461734473126796	
27F:2FF	639	767	1	1208.8760102029362	4.366736502261219	0.7593557493093765	
1EF:0FF	495	255	1	332.66637741598646	1.122363292173071	0.12165812978493712	
09F:0FE	159	254	1	342.53413094891505	1.1411820118870188	0.10888576465082227	
0F7:0FB	247	251	1	171.74901095548935	0.564166643197459	0.04884514759255981	
3FF:4FF	1023	1279	1	834.952060584345	3.3565839717853243	0.7274974979828942	
09F:0DF	159	223	1	2.7707619280181692	0.00783406244069312	7.153088203159947E-6	
0CD:0FF	205	255	1	276.54666980310196	0.9329750196673023	0.10141758382437843	
4DF:2FF	1247	767	1	309.8199286977523	1.1252100905511293	0.21002810953923817	
0FE:0DB	254	219	1	1.4923012210939852	0.004129347342776674	3.803056065059177E-6	
07E:0FE	126	254	1	408.5331811888311	1.3610235201265504	0.13796313209052857	
1FD:0DF	509	223	1	1.440304744372422	0.004072319386261734	2.42793848323617E-6	
4EF:0FF	1263	255	1	180.44759136420268	0.608951584173742	0.07274304270523067	
0EF:8FD	239	2301	1	195.9368710907207	0.5954267848894352	0.06124480754818083	
07F:4F7	127	1271	1	1046.467666714493	4.190550093130634	0.9140241219944675	
0F7:1FD	247	509	1	82.30313047110928	0.2496426783881331	0.011232513528629218	
0FB:8FE	251	2302	1	187.16554437146203	0.5693274761845828	0.05909396612335189	
27F:0FE	639	254	1	631.4841532838237	2.1046171010440924	0.21362997344492723	
8FF:CFF	2303	3327	1	2326.4342940666675	9.16569100694364	2.604858761348402	
8ED:0FF	2285	255	1	948.2284894435279	3.1999699365133405	0.35896925386781814	
0DB:2FF	219	767	1	454.3197499253668	1.649532260450933	0.29465759341148096	
1FB:0F7	507	247	1	185.71928075100743	0.59671764413633	0.03999570792991427	
0FF:5EF	255	1519	1	938.0113654081334	4.520754635019233	1.504626128034853	
0EF:0F9	239	249	1	158.35930282010992	0.5145265304669693	0.0399343251797854	
1B7:0FF	439	255	1	458.32670102511264	1.5462240639243021	0.166467553400814	
07F:4FB	127	1275	1	1036.67008098553	4.1397879534762545	0.8969943734613414	
27E:0FF	638	255	1	712.7286768489597	2.4052384598977428	0.2714760986755295	
0EE:1FF	238	511	1	97.92338554257472	0.2998050330673509	0.015230164862849142	
0FE:0FC	254	252	1	173.23530055476866	0.5710365956772415	0.05114368972677411	
07F:2FE	127	766	1	778.9807769300587	2.8186186944951115	0.5054059550092889	
07F:4FD	127	1277	1	1056.5045153112756	4.238787143751315	0.9316427477566384	
0DF:07E	223	126	1	426.0111995722715	1.5308977308586427	0.2637601068911425	
0BF:1EF	191	495	1	13.561403356593768	0.037889173438132015	2.2105358814886397E-4	
0FF:2BF	255	703	1	58.53670060577814	0.16912045618552227	0.005871545969437587	
8DF:1FF	2271	511	1	348.70863804999755	1.0676220833249908	0.047980743827635786	
0FF:BFF	255	3071	1	528.7922932811545	1.939852104432085	0.47922303171347647	
07F:9FF	127	2559	1	266.2594310461323	0.7658769753384762	0.059228446200349075	
0BF:0F5	191	245	1	150.8738984343486	0.47939701709163607	0.027311184901060406	
0E7:1FF	231	511	1	100.38264312612827	0.30733387080809155	0.015497062534081394	
4BF:8FF	1215	2303	1	166.13041137363166	0.5059337449827657	0.05792065080454302	
07F:8EF	127	2287	1	131.30487407176958	0.3635542176836543	0.014403817487803911	
07D:1FF	125	511	1	185.74976534887662	0.5686834257341437	0.02837179059714547	
2F7:0FF	759	255	1	390.78721609697214	1.3184720298495252	0.1447572857200903	
06F:0DF	111	223	1	1.724726038458047	0.004876490419835123	2.1683727829248444E-6	
0F9:0FB	249	251	1	169.02598333086223	0.5552201221637358	0.04771422676209973	
8FE:8FF	2302	2303	1	635.8592721987765	1.9322798325430852	0.20058547603821547	
0CF:1FF	207	511	1	114.07186824321231	0.34924337494438296	0.0174637264155923	
8EF:0FE	2287	254	1	839.7470280524237	2.7987103683001826	0.2818401863434188	
07E:0F7	126	247	1	263.6859512427797	0.8471653052567588	0.05756958490571933	
2DF:07F	735	127	1	916.0327218888267	3.4456363229888516	0.7065500500802304	
8FD:0F7	2301	247	1	381.3448721522536	1.225241742999292	0.07334604765214782	
03F:1FF	63	511	1	292.62296952565464	0.8958319381884204	0.031597265260656114	
0F5:0FB	245	251	1	166.32812662063554	0.5463590610259935	0.045439022349931545	
2B7:0FF	695	255	1	483.2533169003924	1.630431607253709	0.16665543361445592	
0BF:4EF	191	1263	1	647.0484021157939	2.5300860155515688	0.5023455583929817	
0EF:0E7	239	231	1	3.3904440273385066	0.009931835419125712	1.8333753938896047E-5	
2FF:5BF	767	1471	1	1116.0584561645342	4.774975357474025	1.2162434513224913	
05F:1FF	95	511	1	154.33683294572458	0.47249285897269017	0.014407251099107385	
0D7:0FE	215	254	1	223.47771170579557	0.7446406962387653	0.06989842870780073	
1FF:5BF	511	1471	1	925.9415027948612	3.9582074935203884	1.0076464069456164	
8FF:0EB	2303	235	1	18.66388994779908	0.056117791257099835	1.7655865227993745E-4	
2FE:3FF	766	1023	1	685.6514306479697	2.5004658251370833	0.45392919939732845	
2FF:4BF	767	1215	1	521.9739343686709	1.8797314728153558	0.2660901111993886	
8F7:0FE	2295	254	1	556.4196408115503	1.8540412485813216	0.15364617706321396	
15F:4FF	351	1279	1	1740.677123429614	6.997687022901033	1.517935859850964	
8F9:0FF	2297	255	1	671.8269868032264	2.266591103953893	0.22466543963173297	
0E5:1FF	229	511	1	64.63634314328249	0.1978837465888281	0.006316948255710583	
AFF:0EF	2815	239	1	43.08612107102403	0.13224836236544757	9.118023759233553E-4	
07F:27F	127	639	1	83.23595019378445	0.2418643122954599	0.005784238516974254	
8FF:3FF	2303	1023	1	1329.39317320238	4.855611426665473	0.8958470979497748	
2D9:0FF	729	255	1	378.86158322136333	1.2782334734494276	0.11833191896163205	
AF7:1FF	2807	511	1	86.44653169088414	0.2646434076423683	0.0036411235132295565	
4FF:0F6	1279	246	1	68.30954660725097	0.21825955389038057	0.01062703018484661	
27E:4FF	638	1279	1	1635.3746404191106	6.574372019943802	1.4288449320755694	
87F:1FE	2175	510	1	47.90765458934523	0.14588600909495764	8.657233084425342E-4	
47F:4BF	1151	1215	1	285.98084490605885	1.0295935710517807	0.15552180751022823	
2DF:0FE	735	254	1	224.99843867283764	0.7497178105290601	0.042565414989352554	
27F:4FD	639	1277	1	1617.502710122071	6.489459709727657	1.401186448002582	
0FF:5FE	255	1534	1	996.0063545308758	4.904250212760274	1.6960018666622487	
0FF:43F	255	1087	1	256.69481232447293	0.908369855908903	0.11285194344102072	
CFD:2FF	3325	767	1	567.7493696161929	2.061957582956549	0.3833021665250177	
0FD:5FF	253	1535	1	1007.8028849423487	4.969569703346715	1.7226199266551854	
3FF:6FF	1023	1791	1	1736.1531244120506	8.639908065905987	3.1183930763237093	
8FF:8FB	2303	2299	1	215.44091021389076	0.653040553153043	0.023370783854725036	
27F:4F7	639	1271	1	1598.9149667869463	6.402700376088929	1.3691612483143611	
2DF:CFF	735	3327	1	1386.5866003560607	5.545976126553038	1.6193937670565244	
0FE:2F7	254	759	1	339.08796271492844	1.204546777460253	0.1960804018282523	
0FF:4DD	255	1245	1	442.3647335330384	1.720628902495835	0.3349119832074299	
8FD:07F	2301	127	1	1495.8142635875492	5.6263823282021885	1.1299609472795027	
8FF:0F3	2303	243	1	37.05046895735307	0.11663619370268342	6.955526086749152E-4	
0E7:0FD	231	253	1	60.50671047466448	0.2005282325069793	0.005626344524568689	
8FF:87F	2303	2175	1	1.2293391924764498	0.0032378968290042876	7.665747020299328E-7	
07B:2FF	123	767	1	810.0569941394826	2.9405552144628917	0.53074304521587	
07F:2F7	127	759	1	699.2979247813672	2.483737924937037	0.4074884117344351	
1FF:47F	511	1151	1	573.1326909649371	2.193978915826026	0.3873765421151543	
1FF:5F7	511	1527	1	1429.649891816266	7.012053203876683	2.394839500680238	
2FF:2DD	767	733	1	163.10394867979872	0.5219876209550501	0.0259175076722732	
87E:0FE	2174	254	1	162.03018807058842	0.5398667203777071	0.009893622906381825	
077:4FB	119	1275	1	1099.578145172511	4.390999578570919	0.9508274239288195	
2FF:5FB	767	1531	1	1716.6290807058476	8.419203304677893	2.877166539814572	
07B:4F7	123	1271	1	1076.8757203014886	4.312316256477847	0.9400760445147972	
075:0FF	117	255	1	175.53544304507125	0.5921934195475143	0.023817015850251227	
43F:4FF	1087	1279	1	511.69769786321035	2.0553299635840023	0.46388706449754386	
4FB:4FF	1275	1279	1	399.6640364813407	1.6057240394660313	0.3611481723422062	
AFF:0F7	2815	247	1	15.622410287110164	0.05018859875102661	1.1983560720269591E-4	
077:5FF	119	1535	1	2189.5888367642124	10.803031006188487	3.7696588639929036	
8DF:2FF	2271	767	1	1582.22416649866	5.746045387755311	0.9876548318413089	
07F:6FF	127	1791	1	2187.5388089616545	10.920223838353307	3.9938055899570797	
8DB:4FF	2267	1279	1	2227.4329289482503	8.954537262596226	1.9538335308265296	
07F:CEF	127	3311	1	1378.1880451091079	5.4526399775825825	1.5863750897499376	
1DF:07F	479	127	1	726.1517740568695	2.730411946230649	0.5371304280091143	
0FF:2F9	255	761	1	338.4851112368652	1.2058262024861308	0.19607208310499863	
29F:1FF	671	511	1	25.23193771266878	0.07724191563469009	4.1741105132608414E-4	
0B7:4FF	183	1279	1	763.1415210079415	3.0668890644708644	0.6656831689306504	
07E:4FF	126	1279	1	1071.2754934001698	4.306700812280044	0.9521195893230388	
2FB:3FF	763	1023	1	686.069455742934	2.5019838220367716	0.44954644410681605	
27F:5FF	639	1535	1	3192.5500494867847	15.751268508350709	5.457743855093702	
2EF:5FB	751	1531	1	1820.2424940613707	8.927366413646297	3.0490597354163325	
23F:0FD	575	253	1	23.765569282797532	0.07875739076648608	2.4779066335541846E-4	
27F:4DF	639	1247	1	1415.2025807735388	5.515574099312028	1.0726267037152426	
07F:4DF	127	1247	1	925.5277801175548	3.6071805072472585	0.7149740048492592	
17F:1FE	383	510	1	12.541076932939506	0.03818907340650688	1.056205439202379E-4	
0FE:1FD	254	509	1	11.150771992376738	0.03381923778848893	2.1222472164864E-4	
2F7:1FE	759	510	1	11.954811745509604	0.03640395063808157	1.3573983371318492E-4	
27F:4FE	639	1278	1	1614.7532841384714	6.48042925500447	1.3964194456306118	
097:2FF	151	767	1	642.349568888951	2.3317319498782014	0.34309749574863707	
0DD:0FD	221	253	1	55.436341493212765	0.18372240527591194	0.00442802282506039	
1FB:5FF	507	1535	1	1469.8982474249494	7.235322047919736	2.4904814639403194	
0DD:2FE	221	766	1	427.8937477108433	1.5485341986297447	0.26371648891097116	
8DF:4FB	2271	1275	1	2147.239455203446	8.57452483540483	1.8184836454230286	
0BF:BFF	191	3071	1	746.2476664304985	2.7375527241909006	0.6693990089440803	
09D:2FF	157	767	1	659.2239647629717	2.393076230993391	0.3995046286431776	
05E:0F7	94	247	1	22.59245753090092	0.07258095929310736	3.0628124986772996E-4	
03F:4FD	63	1277	1	2379.124417467728	9.545225059525713	2.0911723542054337	
2EF:0FB	751	251	1	32.02111369694362	0.10517144140499105	9.433813612919508E-4	
4FD:0FB	1277	251	1	32.50730776413699	0.10677309066678539	0.002400395973072994	
07F:4F9	127	1273	1	1020.8382687575876	4.068371263137258	0.869797110936957	
15F:5FF	351	1535	1	3411.811790101624	16.687834828456864	5.685488002805647	
07C:0FF	124	255	1	31.47086440854511	0.1061665807077881	8.092197234337606E-4	
05F:1FE	95	510	1	7.672220045268736	0.023362749153939325	3.562334365585688E-5	
1FF:5EF	511	1519	1	1355.1848343932054	6.5215221936934435	2.15293653485267	
0DB:2FB	219	763	1	375.92508599538377	1.348001183631834	0.20176468496502342	
077:4FF	119	1279	1	1121.1874905421193	4.507323349706839	0.9885473305570378	
CFF:4FF	3327	1279	1	756.7820714056604	3.0397588335436247	0.6793111907054472	
2FF:4FD	767	1277	1	876.0632946369251	3.514749212305507	0.7494549597418116	
2FD:9FF	765	2559	1	18.62023822764567	0.053548925815699124	3.364309183346478E-4	
2EE:3FF	750	1023	1	678.7834638942772	2.4754637774883688	0.419146566742604	
0FC:0F7	252	247	1	10.458323036336532	0.033598756150383144	1.8509816163264037E-4	
4FF:5F7	1279	1527	1	758.5512748016322	3.7229114193395336	1.3044033998987408	
07F:3FF	127	1023	1	766.9738513372151	2.8003837931022098	0.4902044580349889	
2EF:5DF	751	1503	1	1723.2507993179518	8.298884695107281	2.7327751115711876	
8BF:3FF	2239	1023	1	1490.8854759225826	5.444946332334576	0.8628583516794005	
05F:4FD	95	1277	1	1394.3670143644035	5.594108048467922	1.1763913812761446	
0AB:0FF	171	255	1	65.76644620520192	0.2218690315881906	0.004442752550235902	
07F:0ED	127	237	1	1.5805043705776545	0.004794709793850706	2.0853452667990814E-6	
0BF:8FB	191	2299	1	32.87439809580354	0.09966572514843025	0.0012985029612967293	
0DE:2DF	222	735	1	75.33932734568646	0.24262727312733298	0.00822377126123393	
27F:2FE	639	766	1	734.6886340789141	2.6535648257697693	0.2837571500066974	
AFF:CFF	2815	3327	1	2380.5714004862198	9.399359897801787	2.662389109602651	
89F:07F	2207	127	1	1028.6320735293682	3.8677221381603784	0.4053629804381973	
2FB:07F	763	127	1	522.965928266826	1.9662425947512847	0.2629496557647986	
9FF:0F7	2559	247	1	13.015656956979592	0.04181403633589232	6.880131676929862E-5	
0E7:3FF	231	1023	1	336.4759955525565	1.2286502155373598	0.1739821554465877	
3FF:0EF	1023	239	1	4.3612599216246135	0.01338621122886133	1.9851738435115247E-5	
27F:4E7	639	1255	1	1241.414579253722	4.834437292251562	0.825214357161126	
23F:8FF	575	2303	1	34.823417467735894	0.10601604052680733	5.323161593761223E-4	
1FF:5F3	511	1523	1	1407.5674024344776	6.86635817316581	2.3218521564845105	
8FE:8F7	2302	2295	1	20.211184473305874	0.06098324617744435	2.0656549185904682E-4	
1FF:4FA	511	1274	1	677.4973593408879	2.700723333850333	0.5412620056753704	
8DF:5FF	2271	1535	1	4347.573992953814	21.449982583777462	7.45382271477162	
0F7:43F	247	1087	1	120.94091143037886	0.42787343715485815	0.0242422307525345	
0DB:2FE	219	766	1	367.98659248760003	1.3316934500213045	0.1933239903664924	
09F:0FC	159	252	1	21.39088429803488	0.07050161519276843	4.25871516159317E-4	
27E:07F	638	127	1	572.3200150796141	2.1511830047970837	0.174301506320593	
27F:7FF	639	2047	1	4770.876697888259	27.057000311796628	11.645887393310915	
8ED:07F	2285	127	1	599.6477480438757	2.2543656053342587	0.14340629766840493	
1FB:47F	507	1151	1	445.79967199507456	1.7062723717087886	0.23058542202799903	
27E:0FE	638	254	1	26.68528269049074	0.0889082703565307	3.8031683920721957E-4	
15B:4FF	347	1279	1	1534.6705720587458	6.168259574800664	1.0232525655695481	
0BD:4EF	189	1263	1	518.433838615365	2.027012593550523	0.3188028502266267	
27F:4FC	639	1276	1	1257.1928054048221	5.034389269827365	0.8461519660071899	
16F:0F7	367	247	1	10.243379054855534	0.03290785843517057	6.37101593527873E-5	
0F7:3FE	247	1022	1	206.67891840692286	0.7525146146958153	0.07076925799274329	
2FB:1FB	763	507	1	1.72191596374274	0.005167125363177641	2.856018120388982E-6	
072:0FF	114	255	1	31.21518044756689	0.10530383019947523	7.352605725770939E-4	
073:4FB	115	1275	1	854.5194913899103	3.411662431446366	0.5548169129046077	
0DF:4EF	223	1263	1	358.82538137274605	1.4029131955475629	0.1871343055210503	
8DF:4EF	2271	1263	1	960.310003918889	3.7543246274552695	0.3634436972273993	
27F:4DB	639	1243	1	670.7363936163673	2.595684749264925	0.2407644362104951	
07F:27E	127	638	1	3.1544324318589796	0.00914463034445326	8.308970031261868E-6	
27F:DFF	639	3583	1	3103.276700416614	14.038970363261178	5.16052922595019	
4FF:4FF	1279	1279	1	344.89121287790283	1.3857195325889655	0.2701661572512485	
CEF:1FF	3311	511	1	4.272576792247031	0.013079384864858434	2.1441343303967567E-5	
05B:4F7	91	1271	1	863.9498982015607	3.45837836763251	0.4325950330265065	
0FA:5FF	250	1535	1	1018.1278003274887	5.02044964912206	1.7381999121619143	
3EF:5FB	1007	1531	1	1729.4910142654837	8.469317825382756	2.8791279842653217	
8B7:07F	2231	127	1	259.67548648145555	0.9761105624764265	0.02606146653768297	
AFF:CDF	2815	3295	1	1905.0043994744738	7.47722316610704	1.7210447202080208	
97F:1FF	2431	511	1	5.253301973406047	0.016081570925141345	1.0225248814285313E-5	
05F:4FB	95	1275	1	704.0701072223293	2.8103681626835	0.2996980397553629	
1FF:3FD	511	1021	1	235.65742203032082	0.8554711516161535	0.06536138532731874	
8FF:5EF	2303	1519	1	3134.5858604116675	15.113398761087549	4.978127949676356	
15F:0FF	351	255	1	16.159646914611315	0.05451353302414921	1.3075832400322464E-4	
07F:4F6	127	1270	1	578.5960002781227	2.312177806368533	0.2792058161234203	
0E7:8FD	231	2301	1	14.635641318949938	0.04446387721037038	3.2950850795811774E-4	
2FF:CFB	767	3323	1	1047.1868662874417	4.17667920087572	1.0712451052840706	
05F:5FF	95	1535	1	2820.8688204295236	13.917442722782367	4.814068334916516	
27F:0F7	639	247	1	1.6622140903992735	0.005339997511182771	1.479525774875631E-6	
0CB:07F	203	127	1	190.10682085899552	0.7146851240488876	0.04695674691995362	
07F:4BF	127	1215	1	69.52283389243657	0.25025277058132667	0.004030920519027215	
2D7:4FF	727	1279	1	267.23856934886925	1.0736255053420896	0.05852242847251797	
0EF:0FB	239	251	1	3.2282461382417083	0.010602740149700307	1.6609793974157813E-5	
3FF:CFF	1023	3327	1	939.4722990904672	3.756937559678205	0.9212758364770542	
47F:0EF	1151	239	1	1.0853562294598258	0.003331324517393088	2.244576898138276E-6	
87F:8FE	2175	2302	1	15.69361714353004	0.04772360880066139	9.28400805281557E-5	
077:8FB	119	2299	1	1.6606663440155247	0.005034471286927244	2.1692004715410584E-6	
06F:4F7	111	1271	1	414.73220827039535	1.6598376564638402	0.12516238193784804	
0F9:5FF	249	1535	1	1015.4941722399882	5.007428161790193	1.7214944280859323	
07B:6FF	123	1791	1	2227.7304198918205	11.120639546434667	4.022625129294166	
1EF:3FF	495	1023	1	124.68797714393132	0.45516461658589097	0.017096357863156948	
27F:4DD	639	1245	1	211.26487102692226	0.821313176386662	0.02387338617949708	
04F:0FF	79	255	1	4.417870285637594	0.014903316321046214	9.783101571352265E-6	
0EF:8F3	239	2291	1	6.722188615792057	0.020202596588365332	7.206302932685978E-5	
27F:2F7	639	759	1	82.07314256467727	0.29143426825060054	0.0035976562965258805	
14F:4FF	335	1279	1	327.68747944811275	1.3163673647628638	0.04419028283555308	
CEB:0FF	3307	255	1	6.639049998452551	0.022396405155207782	5.15705230398865E-5	
67F:7FF	1663	2047	1	1631.1744125958965	9.38015727380544	4.175287736276896	
2FD:0FF	765	255	1	6.319709619250629	0.021319094851461242	3.871348053577097E-5	
0FF:9DE	255	2526	1	5.26878290229729	0.01499267595658563	4.756894267563832E-5	
06E:0FF	110	255	1	11.247131575092576	0.037941473918604314	9.147064586326149E-5	
0FE:2FF	254	767	1	54.30919541239218	0.19712533187010933	0.005028371599643217	
4FD:1FF	1277	511	1	3.308601293849751	0.010128449329325979	2.487513098507899E-5	
0FF:ADD	255	2781	1	26.840430596827495	0.08599788135277746	0.0012336801159875082	
CFF:6FF	3327	1791	1	1478.0582045633405	7.363827541498027	2.586658988341948	
0CE:0FF	206	255	1	8.390436756361199	0.02830468440842095	9.403492846176053E-5	
0FF:4FA	255	1274	1	114.72091673556581	0.4570354169279783	0.02250464687680243	
0F7:CFF	247	3327	1	257.16763368246285	1.027841945813475	0.10956099590064741	
07E:4FB	126	1275	1	133.07317317984723	0.5310082676198791	0.014669642580452908	
073:4F7	115	1271	1	116.48050433767361	0.46607811829529244	0.010297150762462808	
0B7:3FF	183	1023	1	31.008391901593022	0.11318609286493456	0.0010996093175950161	
2FC:3FF	764	1023	1	53.191762356309155	0.1941607337876752	0.002730979161267975	
CDF:4FF	3295	1279	1	101.46010047001634	0.4075663852908631	0.011886630471561702	
87F:4FB	2175	1275	1	98.30351638991236	0.3922366031658362	0.0036383353549904887	
29F:CFF	671	3327	1	328.78781346697593	1.3138158680248417	0.07077088986361124	
8FF:2FD	2303	765	1	34.16652001459155	0.12319207118943405	5.910153491212252E-4	
2EF:5EF	751	1519	1	949.2290856779143	4.573444687442303	0.8279934761523238	
27E:4EF	638	1263	1	56.65647915912563	0.22142119854849548	0.0017124347624750003	
0BF:2FF	191	767	1	33.33640671871242	0.12099472035297269	0.0013335151768989247	
86F:0FF	2159	255	1	8.34422301449475	0.028148565562705244	2.6068931820594588E-5	
075:5FF	117	1535	1	1163.055655607507	5.733606083872771	1.045665130059929	
2FE:3FE	766	1022	1	33.23032916807582	0.1209586796255558	0.00107352240149631	
87B:2FF	2171	767	1	29.916622084026258	0.10857960782104026	3.3664858073644596E-4	
16F:0FB	367	251	1	5.492463767644834	0.018039226298450176	1.831460920778802E-5	
4DF:5FF	1247	1535	1	551.6781484311158	2.7183024798738677	0.6627269917579246	
8EF:2FF	2287	767	1	17.68764588705211	0.06419540350831844	1.248828697395934E-4	
0BF:0F6	191	246	1	2.788262239816234	0.008907616380398338	9.337061589685706E-6	
27F:4B7	639	1207	1	11.667081340336376	0.041855608636032715	7.283698256051402E-5	
09F:2FB	159	763	1	10.702822981617455	0.038365207398869686	1.0657108327380804E-4	
8FF:4FF	2303	1279	1	40.80832637921734	0.16391420599665044	8.424428164326804E-4	
27F:4D7	639	1239	1	23.318105378798446	0.09045296411114127	2.907809656710284E-4	
1FF:9FF	511	2559	1	2.9531542195833773	0.008492691313757258	1.0290460237018177E-5	
09F:4EF	159	1263	1	18.624695890895243	0.07278688834384299	3.2251353851614527E-4	
2FB:7FF	763	2047	1	2104.8970924275154	12.114691413459754	4.205804964617975	
9FF:5F3	2559	1523	1	394.23976063412596	1.924288460349146	0.06293163891648636	
0D8:0FF	216	255	1	4.178711452415237	0.01409658505777612	2.4614155294810992E-5	
07D:5FF	125	1535	1	275.62828357212686	1.3578752814918182	0.06230232420941081	
077:57F	119	1407	1	115.47721751599308	0.5442974925071914	0.010455458211215289	
0FF:06F	255	111	1	8.770384400556898	0.031270151334105996	1.3161472679308988E-4	
037:4FF	55	1279	1	20.824307312916815	0.08364353096205884	1.4053073562368665E-4	
CED:2FF	3309	767	1	9.465476490480267	0.03435406415114522	1.0493514810636689E-4	
0EB:4FF	235	1279	1	14.322872547293512	0.05753056522043807	3.2108184016671135E-4	
17F:6FF	383	1791	1	162.8884295054461	0.8117520810528182	0.017756540084484743	
1EF:0EF	495	239	1	1.8190448173333849	0.005583261970023845	3.6450516528086645E-6	
8DF:6FB	2271	1787	1	144.2511832830855	0.7146235831367479	0.008178333551774419	
BFF:0FF	3071	255	1	4.234347869474454	0.014284219330975723	9.418561180624421E-6	
0BF:5FF	191	1535	1	70.94997081614416	0.34948324249258433	0.006025230092854438	
07A:4FF	122	1279	1	9.380920598989869	0.037679714068326715	7.077270521532508E-5	
1FF:4FF	511	1279	1	5.490060753003439	0.022051534735427824	3.548391833771515E-5	
2DB:1FF	731	511	1	1.3789316778778373	0.00422122511637228	1.5804962197511364E-6	
8DD:2FF	2269	767	1	7.263252775935141	0.02636108235305235	2.0769360215397997E-5	
0DD:4FF	221	1279	1	10.369745395155618	0.04165176372734084	1.5477989888613026E-4	
0DF:CDF	223	3295	1	17.90484515234764	0.07079112479546565	4.6571469358266097E-4	
277:4DF	631	1247	1	8.156261843566437	0.03176413748354001	3.484604538939821E-5	
47D:4FF	1149	1279	1	9.310763252385879	0.03739828393052458	1.645580646769466E-4	
AB7:0FF	2743	255	1	1.873419780749291	0.006319816354743214	1.4896724015879707E-6	
47F:4FB	1151	1275	1	8.57650971718899	0.03422004476073522	1.3989279740750374E-4	
16F:0FE	367	254	1	3.628949842348097	0.012090551147182736	7.99439304678231E-6	
077:4DF	119	1247	1	7.067193994098685	0.027522854434143908	3.9217764099276826E-5	
057:4FB	87	1275	1	8.035134626995658	0.03205960262561636	3.5937567172474945E-5	
07B:1F7	123	503	1	1.7843182070237862	0.005252910480657516	2.5818876792852E-6	
0FD:5DF	253	1503	1	25.123139811579456	0.12080289858300566	0.0010688333946228786	
17F:4FA	383	1274	1	6.746305562517397	0.02687167083296852	3.0513294591512487E-5	
13F:4FF	319	1279	1	6.224357899846243	0.025000827930156705	1.3838455010632793E-5	
0FF:4EF	255	1263	1	4.619993920732823	0.01805516018826543	3.649708723419075E-5	
03F:4ED	63	1261	1	5.791416090281318	0.022580086696895017	1.2372612969573883E-5	
0ED:07E	237	126	1	4.836284413456991	0.017373296996595757	3.691916257140679E-5	
077:6FF	119	1791	1	25.649996729122048	0.12781504951617315	5.1550063811104E-4	
13F:07F	319	127	1	5.916861706573316	0.022239086246334173	1.251138945244214E-5	
15F:4FD	351	1277	1	5.360745152665998	0.021488936480041337	1.4372151005247337E-5	
8DF:2FE	2271	766	1	1.32614573053386	0.004797441646227702	6.92982024219901E-7	
4BB:4FF	1211	1279	1	4.719355890756085	0.018955961736571207	4.6417510581841536E-5	
2FF:5FD	767	1533	1	12.014259135417293	0.0590733446777049	1.4045851239726258E-4	
03F:4FC	63	1276	1	5.101985448280526	0.020417079025696415	9.60020787660256E-6	
8BF:2FB	2239	763	1	3.518880977842404	0.012613630610913041	4.801944684482437E-6	
03D:0F7	61	247	1	2.4819141700601537	0.007973350416937395	2.208224252602912E-6	
1FF:1F3	511	499	1	1.712836995515182	0.0049467446175851726	3.461595632990825E-6	
2EF:4FB	751	1275	1	3.7002789185617604	0.014763827912096171	1.2581092130232739E-5	
0BD:0F7	189	247	1	2.3036696816566176	0.007400739075004136	6.301162787441748E-6	
85F:0FE	2143	254	1	1.2668309756709115	0.004220686163989721	5.971841539977456E-7	
87F:2FF	2175	767	1	3.128372587509641	0.011354024395154849	3.6870917802985538E-6	
07B:EFF	123	3839	1	7.948650036898725	0.03800734354120568	5.1049269576843445E-5	
1FF:7FF	511	2047	1	12.317520347750925	0.07107553255295636	1.7798633974913555E-4	
23F:1FF	575	511	1	1.235034942050579	0.0037807220382554785	6.695113274921295E-7	
47F:8FF	1151	2303	1	2.33502041444439	0.007108634429100264	1.0389508760325076E-5	
03F:0BB	63	187	1	1.2075409355372981	0.0027314574246196446	5.39646441203522E-7	
0F7:6FF	247	1791	1	4.740985166308409	0.02362424619783862	3.71309807640156E-5	
87F:3FE	2175	1022	1	2.553513959424335	0.009294555621889007	2.4564850838635068E-6	
2EE:5DF	750	1503	1	3.667794695908678	0.017635655450637642	1.2301392811437775E-5	
8FD:1FF	2301	511	1	1.986598863060258	0.006081432435285549	1.992880972174703E-6	
27B:7FF	635	2047	1	3.624762015345404	0.02091562964190235	6.926123901464544E-6	
1FB:5EF	507	1519	1	2.4487000466352495	0.011787770759666256	6.936077845650723E-6	
8BE:07F	2238	127	1	2.0731339055633344	0.007792060342387578	1.6654147697785712E-6	
26F:4F7	623	1271	1	2.072001872152933	0.008290062385780606	2.199229097535921E-6	

