BMLVN	8	x2
metabolism	0.9970000
mutations	0.0010000
catastrofic	0.0010000
minWeight	0.1
start biomas	2.0	_
env.size	25000.0
feedSourceH	FF
C7
B5
23
11
feed port max	50000.0
timeQuant	0.01

key	suscepBits	activeBits	maxsize	popBiomas	currincome	currloss
FF:00	255	0	1	8403.113773854378	312.4841003417969	231.75712910086298	
C7:00	199	0	1	10003.725949546342	95.68008422851562	248.19881449365835	
B5:00	181	0	1	9762.89547987992	424.8253479003906	234.27623868913977	
23:00	35	0	1	12565.333105968395	61.556251525878906	190.13194728946792	
11:00	17	0	1	14394.749191878807	281.3447570800781	183.4962325628332	
3F:FF	63	255	1	351.915630721796	1.4050972394540637	0.2720237042623316	
6F:FF	111	255	1	460.08546353951573	1.8364595202218799	0.3361152166849369	
7F:F7	127	247	1	312.5281105348886	1.2574620154151617	0.21039132306703462	
5F:FF	95	255	1	544.780242932283	2.1744063908489797	0.40862896550018446	
9B:FF	155	255	1	377.89105401911445	1.5083887617123461	0.2713263895215099	
67:FF	103	255	1	458.3556480411931	1.829530186398094	0.31526862936848943	
2F:FF	47	255	1	519.6486359213236	2.074572201301013	0.3826415718644735	
6F:F7	111	247	1	343.779405743262	1.3830179389199557	0.18770563105550753	
5F:FE	95	254	1	533.8090460326914	2.1085358043085503	0.3923909067592781	
17:FF	23	255	1	643.2672845801667	2.5687116631276603	0.5017952688480487	
1F:FF	31	255	1	570.9552977694642	2.2796437753899292	0.4581102751424583	
4F:FF	79	255	1	949.7430520096269	3.788363337047294	0.7539030822099062	
0F:FF	15	255	1	1380.2931211532953	5.511854109160831	1.0846957486391595	
7F:3F	127	63	1	386.8339400346331	1.4679418046411936	0.3224577686889187	
2F:F7	47	247	1	457.4498332250216	1.8406327955106394	0.2965728352776528	
3C:FF	60	255	1	378.87236221706627	1.5127037098957448	0.2916593235050206	
07:FF	7	255	1	1340.6417502395886	5.353632297799601	1.0826915356273792	
0D:FF	13	255	1	1960.441667230744	7.828247319974686	1.4691159142703398	
17:FD	23	253	1	557.4904553073096	2.191380489884906	0.37686198044524133	
1D:FF	29	255	1	560.298668094281	2.2369507105994604	0.4044019262784429	
1F:FE	31	254	1	525.20485797182	2.075164799364367	0.3876590334351657	
17:FE	23	254	1	578.9207690920954	2.2876129784211843	0.40639681621705687	
0E:FF	14	255	1	1619.486011472245	6.466613866303686	1.1728665642255935	
0F:FE	15	254	1	1300.676802426313	5.139838617958658	0.9631652886947747	
0F:F7	15	247	1	1437.6853513423587	5.786397663577499	1.176776435952882	
13:FF	19	255	1	658.7075592183411	2.630127446335128	0.4533284624946234	
0F:EF	15	239	1	977.7820941165638	3.813968985461567	0.5441650990227235	
3F:1F	63	31	1	235.27510680370742	0.8694377761560744	0.12156990679675345	
BE:3F	190	63	1	362.77203180079704	1.3770173806228925	0.35527941474124736	
E3:3F	227	63	1	206.14211085088021	0.7822994602529805	0.11782581195562943	
67:3F	103	63	1	588.433778030368	2.2330121527888482	0.5202718019011718	
17:F7	23	247	1	632.1683780362538	2.544220274970531	0.4845852214592625	
7F:1F	127	31	1	217.99402614087504	0.8055939202323548	0.10245434042710026	
0F:FB	15	251	1	1240.7060237463293	4.843691152919201	0.8764186210307633	
2F:3F	47	63	1	707.9737542422647	2.683648999925605	0.7074328174244157	
27:FF	39	255	1	196.8395405192462	0.7855923739988494	0.04951736991439336	
0F:FD	15	253	1	1159.4041781221117	4.557307091973703	0.7652088712657213	
07:FD	7	253	1	1204.3168734677952	4.734155512683702	0.873662309626333	
3E:3F	62	63	1	445.94199638842105	1.69157224411273	0.4229406868312387	
3F:17	63	23	1	373.2057489411106	1.352408557896593	0.3060776494722572	
07:FE	7	254	1	1253.3214814142493	4.9527776328930875	0.9462255454334791	
77:3F	119	63	1	469.03090771976554	1.7799595660169043	0.44622886394918776	
03:FF	3	255	1	1635.7475612499331	6.53209724032326	1.3231357803392654	
1F:3F	31	63	1	723.7166094880633	2.7447071141374164	0.7342452123231117	
87:FF	135	255	1	468.2666720490328	1.8690025594370672	0.3586514962735368	
3B:3F	59	63	1	466.9800777421551	1.7713105687739858	0.44260711974358813	
7E:3F	126	63	1	470.3087088400404	1.7847561448291576	0.4699445814496027	
76:3F	118	63	1	502.5569139761426	1.9072086485771667	0.5049679696439828	
6F:3F	111	63	1	629.6018350969226	2.389073013544798	0.6300202581759623	
05:FF	5	255	1	2858.756746352357	11.415154674788088	2.1025494261793582	
5F:1F	95	31	1	615.8919666967964	2.275777202184157	0.522694706557899	
47:FF	71	255	1	893.2870417162359	3.5637482928749407	0.6494918091751058	
06:FF	6	255	1	1994.4423561139454	7.9643963776253175	1.5903114846163018	
07:F7	7	247	1	1369.5536597169246	5.512216644413842	1.1298612620863324	
1F:1F	31	31	1	495.1224662973756	1.8282808861868571	0.342962828622433	
7C:3F	124	63	1	489.94594914400983	1.859269274914959	0.4948505700975587	
5F:3F	95	63	1	724.342708049	2.7490439597456646	0.7237655355169696	
3D:3F	61	63	1	463.4086130955783	1.7577576452763852	0.44490892026042744	
0D:FE	13	254	1	1814.07502614424	7.168279883867225	1.2579003601808245	
0F:3F	15	63	1	1772.2887851088917	6.707467689611268	1.768559095804691	
8E:FF	142	255	1	469.0210624138336	1.8719841593620652	0.3638837775091653	
3A:1F	58	31	1	222.26168344596599	0.8213175893613545	0.0982927270932859	
6F:1F	111	31	1	509.7395288029232	1.884470976737515	0.41372238770176795	
0C:FF	12	255	1	2396.9810010964907	9.571700352035945	1.8731959983335242	
07:FB	7	251	1	376.99329755041225	1.4710710672100926	0.08553053129629941	
0F:1F	15	31	1	1508.4876103608071	5.550448940816535	1.2699036036823939	
1E:1F	30	31	1	642.0695081809946	2.3697087425725654	0.5506579950627463	
3C:3F	60	63	1	483.65718925715106	1.8344855531344595	0.47429634915379226	
01:FF	1	255	1	4297.85878057183	17.162334806752778	3.3559765662317718	
0B:FF	11	255	1	1916.4607485935041	7.6529505780235	1.5175110795361926	
3E:3B	62	59	1	477.276969216739	1.8024872695870369	0.4845469429505117	
03:F7	3	247	1	1691.3523657713242	6.8074780460113775	1.4146093683748393	
03:FE	3	254	1	1546.2303057617453	6.110330471297558	1.1822732848762898	
4F:3F	79	63	1	1200.4923956253185	4.557800830878266	1.2123128230876308	
2F:1F	47	31	1	610.7495279850076	2.2574593767387996	0.5290244605483214	
03:EF	3	239	1	1384.3901771556796	5.400686671557978	0.9476783401072789	
02:FF	2	255	1	2699.92654990761	10.781664075351003	2.1682546454678437	
43:FF	67	255	1	1002.578108551751	3.9993193055046286	0.7859785163501584	
03:FD	3	253	1	1355.785150017899	5.329282966439915	0.9088403276329943	
1F:17	31	23	1	526.4860054560495	1.9064030236956087	0.3883427346231102	
25:FF	37	255	1	663.6505637191979	2.6494571965748914	0.5242262716124977	
03:BF	3	191	1	938.998065008855	3.4072379346277075	0.43603245322450096	
45:FF	69	255	1	935.084245521756	3.730362178529686	0.6999523708078289	
05:F7	5	247	1	3246.3839792896993	13.066268591791893	2.7117564090929376	
3F:07	63	7	1	528.2130682637636	2.261465701552316	0.6130886506515889	
0E:1F	14	31	1	1918.658776576416	7.042416189682064	1.5965822499538285	
05:FE	5	254	1	2949.151625432104	11.65427110673798	2.2379078123890923	
0B:3F	11	63	1	2455.9106093735672	9.282776547930185	2.4527380534680034	
16:1F	22	31	1	694.816227664126	2.564760751218869	0.5286391665345926	
1D:1F	29	31	1	660.9909107168811	2.4394123027036403	0.5594151646817843	
4F:1F	79	31	1	819.2939669717854	3.0285014429537815	0.5643955665551504	
07:3F	7	63	1	1681.1889381829253	6.37438823493174	1.69551723201232	
23:FF	35	255	1	628.4446638091175	2.508868673323767	0.4624759840851876	
2D:3F	45	63	1	778.5968531984249	2.950637007954016	0.7826291842923744	
0E:3F	14	63	1	2267.0788410092237	8.565798070312276	2.2591918062271596	
3E:07	62	7	1	558.5458823706072	2.3916796881997433	0.6653636477102449	
03:FB	3	251	1	1449.728198517647	5.659768741145364	1.0393042490003659	
02:EF	2	239	1	2362.4411459378703	9.21635763803229	1.6600500826442268	
16:17	22	23	1	781.9588697737314	2.8270638418161327	0.6672859900763956	
03:3F	3	63	1	2076.32858332611	7.883148297543188	2.133657985095637	
3F:03	63	3	1	582.6721125613644	2.5916428418271447	0.746274554406954	
07:1F	7	31	1	1451.9925425356587	5.357188119238106	1.2598711513152268	
01:FE	1	254	1	4170.711729758747	16.481537841345776	3.160465033292683	
09:FF	9	255	1	3127.0368297802975	12.487074346137724	2.466838981996372	
3E:03	62	3	1	588.4243070856501	2.617159845886992	0.7383014146660156	
7F:03	127	3	1	576.8641224718535	2.5657163809363115	0.7177591602351377	
02:FD	2	253	1	2444.5093418553283	9.609353312195735	1.7773702783623238	
01:EF	1	239	1	3882.707241586999	15.147262848894208	2.739039925263855	
2F:03	47	3	1	809.7347043575746	3.6011107892456358	0.9300149939280352	
BF:03	191	3	1	472.81533252252297	2.103027993432494	0.608397833654829	
87:3F	135	63	1	617.3380284930822	2.3437989734141516	0.6254134819358353	
01:F7	1	247	1	4585.256910411482	18.455015295823713	3.819969525544332	
3B:03	59	3	1	653.0969501625443	2.9050231699336537	0.8682303705626216	
2E:1F	46	31	1	627.6992373230463	2.3201424090899976	0.5433798316853	
36:03	54	3	1	574.0721301878885	2.5530424312224427	0.6564788947625974	
27:3F	39	63	1	757.803578926087	2.8726591086613937	0.7312221276877469	
01:FB	1	251	1	3951.697533922782	15.427525437389885	2.837297797588128	
07:3E	7	62	1	1260.7864994399415	4.48475240129145	0.9582966909535188	
02:FE	2	254	1	2547.0387246711216	10.065214376428177	1.9296302449424585	
0B:BF	11	191	1	1132.8543177776653	4.110677914182137	0.5302927759018707	
1E:07	30	7	1	881.9339051800214	3.7745191160451785	1.0442448106198619	
0B:F7	11	247	1	1974.2589336037981	7.945977288446592	1.6103993690747564	
11:FF	17	255	1	884.4555435143941	3.5318619561662263	0.6977473095862061	
41:FF	65	255	1	1020.2303031527672	4.06971539376963	0.7999830149708294	
05:FC	5	252	1	2589.9523269668575	10.075600435784143	1.7258561872885718	
01:BF	1	191	1	2659.239382003335	9.649467649506235	1.2849541957975394	
0A:3F	10	63	1	2046.4365097087716	7.744953678529015	1.3017384677792347	
1E:3F	30	63	1	725.7702333725216	2.7524607584601712	0.7059283053283614	
47:3F	71	63	1	1239.543621434079	4.706086381095265	1.2579090681493594	
02:3F	2	63	1	3462.181884886918	13.144825407071739	3.568408932698724	
03:1F	3	31	1	1771.2578475685132	6.54863832316915	1.552570872617342	
37:3F	55	63	1	315.12502023318757	1.1955402624829803	0.20422183982420786	
06:1F	6	31	1	2186.495813054541	8.051439950462239	1.880373179061499	
83:3F	131	63	1	224.78313409302774	0.8528622180581767	0.08113459538844718	
2B:03	43	3	1	1066.444942460167	4.7436203965953885	1.416612434336009	
01:F6	1	246	1	4355.130189237109	17.346042550976758	3.4461562438142197	
06:3F	6	63	1	2561.0864182240143	9.723589670432693	2.6245568904204086	
01:E7	1	231	1	4027.4681677159588	15.892637281837771	2.9469798520070443	
02:1F	2	31	1	2966.8227132478196	10.96891486971269	2.6200906475509167	
42:3F	66	63	1	1145.2619044055816	4.347621316107651	1.026717378451558	
2B:01	43	1	1	1183.9394447338352	5.438592883818342	1.745958146550811	
FF:03	255	3	1	397.0890094495053	1.7662651243813121	0.5242941464090893	
02:3D	2	61	1	2643.266456867472	9.460317982108231	2.079859626756461	
09:F7	9	247	1	3216.9871588976584	12.94764374183439	2.610753024969265	
06:17	6	23	1	2228.8262142216963	8.0328676090222	1.9416443585535925	
2F:13	47	19	1	522.2045035010037	1.8280308601952624	0.3872169827437692	
43:3F	67	63	1	1275.5351428347424	4.842678678325382	1.280118787652173	
12:3F	18	63	1	1074.191867742947	4.072611402033232	1.0776135208458324	
86:3F	134	63	1	600.4185156194187	2.279493026294693	0.5900368934584863	
5F:03	95	3	1	958.6351431001931	4.264053623837141	1.2685767627118971	
23:03	35	3	1	1050.5456655177786	4.672449783152615	1.2939908822348818	
06:37	6	55	1	2482.2990440230974	9.196815050463833	2.43908448207953	
02:17	2	23	1	2502.3311663679187	9.069199730363746	1.8636563758090712	
BB:03	187	3	1	502.97126967667634	2.2372336720171773	0.6642603701436343	
01:F3	1	243	1	4144.6155634746765	16.339542109724743	3.121067666357414	
02:07	2	7	1	4024.1530024418016	16.93359070697207	4.519944322414356	
02:37	2	55	1	3368.041360553549	12.514825853376868	3.3773473082841483	
03:17	3	23	1	1814.2108307957506	6.56377622964762	1.6166166184129154	
01:FA	1	250	1	3696.7792277754006	14.27884338438064	2.4830209452172984	
03:37	3	55	1	1999.653690009109	7.4301324205991515	1.9791542731508465	
03:07	3	7	1	2474.1310969115443	10.490675807865095	2.923961706234301	
01:F2	1	242	1	3874.3794864424212	15.110887899553507	2.7273001783732442	
0A:37	10	55	1	2891.569851019616	10.74342809431153	2.6442044080206304	
0E:37	14	55	1	2172.922029001875	8.073810442985806	2.1136800790518038	
02:03	2	3	1	4543.011767660773	19.208219203171915	5.140223739942666	
03:03	3	3	1	2714.255370925705	11.75351380553075	3.323842266804616	
82:03	130	3	1	834.2606568078224	3.7108806418743665	1.1153942536284185	
0B:37	11	55	1	2356.5630617360325	8.756171581119848	2.2966244753496197	
0B:1F	11	31	1	2079.519350906842	7.637123512360955	1.7369462586196904	
02:13	2	19	1	2807.1392352372723	9.790310982356967	2.3090432853035288	
03:13	3	19	1	1666.0519023016764	5.8209757770184405	1.3623167988163531	
05:F3	5	243	1	2913.741727520043	11.486963603127327	2.1844914228834	
22:03	34	3	1	1167.684043231414	5.1939975085449825	1.5643324879634777	
0D:F7	13	247	1	2124.4163001714755	8.55029856753959	1.7252595785507276	
01:FC	1	252	1	3802.5749288781367	14.793384821606784	2.627129051774158	
05:FB	5	251	1	2785.0063588321696	10.87271900898852	1.9957454172157345	
03:F6	3	246	1	1510.1632628021302	6.014560243311717	1.1276513892319506	
06:07	6	7	1	3073.610979335124	12.763458863155737	3.379828840565031	
06:03	6	3	1	3353.290545130874	14.781825536397395	4.362307306861376	
05:F6	5	246	1	3046.2136500572938	12.13266997504787	2.387609790201066	
23:01	35	1	1	1246.6263461037977	5.726480892610273	1.8224142292044023	
03:FC	3	252	1	1336.852771933206	5.200683628805718	0.8836903652058292	
03:E7	3	231	1	1517.8382749790933	5.989595700072735	1.1392346665274942	
26:03	38	3	1	975.5858829118981	4.3389864010755925	1.1860372397138492	
0A:1F	10	31	1	2738.8171567943778	10.01967138854716	2.2659794910618376	
03:F3	3	243	1	1516.4292826980954	5.978282303430323	1.137127626459401	
06:13	6	19	1	2067.765897818584	7.239048841189091	1.7111804895406308	
01:FD	1	253	1	4045.124060243805	15.901485964621074	2.9729834907072545	
05:FA	5	250	1	2105.3300634472535	8.130802456999918	1.140190913009987	
05:F2	5	242	1	2738.690165006947	10.681470628280449	1.929885343241697	
03:F2	3	242	1	1440.2970245084289	5.617505178273359	1.0258240766410405	
09:FE	9	254	1	2949.118652721095	11.653968438892305	2.194100060291485	
09:F6	9	246	1	3048.1076170324995	12.140033819697393	2.3438357301472013	
0D:F6	13	246	1	2006.0027877934633	7.989511385109869	1.5382800110589514	
1A:3F	26	63	1	806.7920508591885	3.059376977867447	0.7509246008000217	
11:FE	17	254	1	796.8745576318381	3.1488876368112657	0.5663623864804784	
09:FD	9	253	1	2218.692747500264	8.720213582556593	1.2414366129444718	
01:F5	1	245	1	4217.7551813160035	16.718489455892193	3.2321408946549455	
8E:3F	142	63	1	536.0695380196646	2.035002813862875	0.47685197613518754	
42:37	66	55	1	1247.7107477412085	4.636071944934567	1.2190147385520136	
0D:FD	13	253	1	1711.7414781816192	6.728358571129855	1.1199435706439547	
09:F5	9	245	1	2975.1434477011294	11.792795098175807	2.232970298978557	
02:33	2	51	1	3445.1926180847677	12.79537933053181	3.5340235544142984	
05:FD	5	253	1	2858.2437377942806	11.235834499270299	2.102055495051874	
06:33	6	51	1	2533.076381589837	9.407684076558889	2.567830355197407	
83:37	131	55	1	594.7667801526968	2.209907091558797	0.5687972436356213	
0A:17	10	23	1	2779.49761841142	10.07508243884454	2.443477156673753	
02:3B	2	59	1	3478.3988299861157	13.148433013220588	3.602071360419425	
0E:17	14	23	1	1968.0200936272342	7.120018187885919	1.720195136120195	
03:33	3	51	1	2052.744749800143	7.623780986640233	2.0857601729733526	
02:1B	2	27	1	2239.0369558909456	7.7338508229746745	1.4923773731560797	
05:F5	5	245	1	2963.3661551014357	11.746252224658743	2.259494509755085	
0B:17	11	23	1	2055.098218704876	7.449072850198878	1.7464964617577206	
01:F4	1	244	1	3949.659585962469	15.478054533282899	2.8342859023635047	
07:F6	7	246	1	1158.2934480106026	4.6129349809846705	0.8080352350007606	
06:3B	6	59	1	2580.1068629123097	9.752837096475474	2.6638147943923296	
02:1D	2	29	1	2136.4447457190035	7.356549592779434	1.3586958323578813	
05:F4	5	244	1	2779.642556650655	10.892927647019487	1.988000928477103	
0A:3B	10	59	1	3212.626072390082	12.053585163419562	3.1742414347199266	
0A:33	10	51	1	3081.9944959607597	11.44588717052412	3.0043130876028976	
82:07	130	7	1	3.065023800396925	0.013108851444741382	1.502047096956492E-5	
03:01	3	1	1	1.7959765287622074	0.008237966734623986	1.5905463109317222E-6	
0B:13	11	19	1	3.9002226289241575	0.0136430684691937	6.281371995061032E-6	
0B:FD	11	253	1	1.1452261769681917	0.004498619100399471	5.411073042708565E-7	
05:F1	5	241	1	3.366013627543234	0.013043356290787945	2.9113049339627283E-6	
43:EF	67	239	1	2.657461113243243	0.010360053288233936	5.544136982518504E-6	
42:17	66	23	1	2.255343835197169	0.008167992815142461	3.975951894623469E-6	
06:3E	6	62	1	3.1162288787330636	0.011076379455016053	3.879604882775967E-6	
0A:13	10	19	1	3.4132280369107364	0.011939543844625587	3.6792022780376102E-6	
0A:1B	10	27	1	3.7793702387254036	0.013045657414065333	4.510985571696655E-6	
46:33	70	51	1	3.4727037350066134	0.012884414430816456	9.807568755109188E-6	
2E:F7	46	247	1	1.0356213913214851	0.0041647773644335135	1.477075768226049E-6	
1E:17	30	23	1	3.2895977974995114	0.011913696275761894	1.4538931352934694E-5	
1F:F7	31	247	1	1.5761184213597992	0.006338404683490183	3.487915205466931E-6	
07:03	7	3	1	3.715379046409735	0.016504439869533982	8.294245836409097E-6	
03:83	3	131	1	1.0642018790764156	0.0029283981722993072	5.605265556704033E-7	
02:06	2	6	1	3.8392194904707106	0.013090202285622103	4.3820042710369125E-6	
6F:37	111	55	1	1.1740821314010421	0.004358255726381086	2.1912472163457187E-6	
02:97	2	151	1	1.0687592648448678	0.0035278687525233036	3.3968025625179347E-7	
03:1B	3	27	1	1.5474038651140134	0.005341337648399782	1.1834370580443135E-6	
04:F6	4	246	1	1.0797992458612962	0.00429734175287112	2.3239528082830888E-7	
01:B6	1	182	1	1.7994491978062053	0.006546657853654766	5.877926248203703E-7	
05:EA	5	234	1	1.1631277430206983	0.0043904424653110835	3.4769425122468584E-7	
19:FF	25	255	1	2.9741469387394974	0.011867246140170195	8.72067433690701E-6	
0A:36	10	54	1	1.325911335733705	0.004640793920129098	5.552002628973545E-7	
01:1F	1	31	1	1.0070303400889207	0.0037199104525127416	1.8406933476999268E-7	
07:F5	7	245	1	1.4665834490800544	0.005808863175055606	1.2936595241708168E-6	
02:27	2	39	1	1.5794418611591339	0.005373767296755305	7.417026283075528E-7	
01:C7	1	199	1	1.0536979896589216	0.0035598955346749905	2.016521210818863E-7	
13:DF	19	223	1	1.7652341268100022	0.006016222315833239	3.2549474128460402E-6	
2B:0B	43	11	1	1.3402132356496534	0.004317599280404106	2.2368302536694625E-6	
0B:F3	11	243	1	1.2864490657502596	0.005067835575253004	6.827729798559135E-7	
85:FA	133	250	1	1.2667232085704074	0.004889465665773075	2.6049428043305822E-6	
06:05	6	5	1	1.9476269344797719	0.006505168324614893	1.51603133757288E-6	
09:FC	9	252	1	3.8745432692285258	0.015063006698774384	3.782011667352781E-6	
31:FE	49	254	1	1.2528169628232506	0.004947071303807133	2.8175499758256295E-6	
87:FD	135	253	1	1.506428879410658	0.0059174888826934455	3.7155468321208393E-6	
17:3F	23	63	1	1.6725449226510622	0.006343625868095537	3.3883928748103588E-6	
15:FF	21	255	1	1.0371777867752985	0.004138471176062002	1.121953525021616E-6	
1A:37	26	55	1	1.8399231115490593	0.006829894865291339	3.91682718277068E-6	
0D:FB	13	251	1	1.7253268136188538	0.006730904950779878	1.1363708950172632E-6	
03:EE	3	238	1	3.3861679595535565	0.01305727886922701	5.662479527769757E-6	
0D:7E	13	126	1	1.9118999148824727	0.004764089801301636	1.39936874632305E-6	
1F:03	31	3	1	1.272931678310995	0.0056546089023257785	2.273171559935794E-6	
0D:EF	13	239	1	1.0118401442721572	0.003944629736732393	3.9084389772738856E-7	
1B:03	27	3	1	1.0997508704134058	0.004885304027220734	1.466401626768872E-6	
1F:7E	31	126	1	1.8236874315834306	0.004544289421840811	4.683993567417331E-6	
0B:E7	11	231	1	1.1355148833159647	0.0044775472309191	5.319532277546458E-7	
02:FB	2	251	1	1.9318622913837986	0.007536647699929499	1.1085143542518854E-6	
1C:07	28	7	1	1.451087836328547	0.006206162351321097	2.5537306360308697E-6	
83:03	131	3	1	1.3905166916186495	0.006176947016489395	3.0985304816219225E-6	
03:73	3	115	1	1.5211759522167287	0.003874011772396944	1.1457378334853452E-6	
7F:F6	127	246	1	1.7999650943757928	0.007163455033752777	6.977276660217735E-6	
05:D6	5	214	1	1.0115239085718248	0.003460864873079128	2.6314914380500877E-7	
0E:57	14	87	1	1.7358113923912049	0.0030676349355512104	1.3514609803612162E-6	
81:F5	129	245	1	1.3346738648094125	0.005286400459840238	2.832297619363445E-6	
03:B3	3	179	1	1.9168669163940586	0.006917187232395983	1.8154657252267851E-6	
22:FF	34	255	1	1.5132786584521873	0.006038178072079234	2.6227097262731455E-6	
4D:1F	77	31	1	2.030006385287376	0.0074987345649867206	3.4038587130265826E-6	
25:F6	37	246	1	1.7171258329690402	0.006833760999362602	3.5085709120601572E-6	
27:1F	39	31	1	1.6969843687791573	0.006268572202247792	3.6820808045196938E-6	
38:1F	56	31	1	2.030162287443322	0.007499326732993443	7.83491304701219E-6	
08:FF	8	255	1	1.8474590193665237	0.007371591311515413	7.529361273231351E-7	
02:53	2	83	1	1.7420663173827466	0.0030260060487227736	9.053109336188767E-7	
06:43	6	67	1	1.8245299373056303	0.002012412837871501	1.3364668490768417E-6	
01:7E	1	126	1	1.5230058900050738	0.0037950383706015483	4.2203048849271504E-7	
0E:36	14	54	1	1.406780809883867	0.004923844469026948	8.845994058439273E-7	
13:13	19	19	1	1.52628042443137	0.005338963887696981	2.432873790670058E-6	
0B:07	11	7	1	1.9066183180072873	0.008154414240390193	1.498724011178935E-6	
0B:3E	11	62	1	1.8998054043825143	0.006752699065358147	1.490182811655525E-6	
21:FE	33	254	1	1.9311576918276505	0.007625674123504191	4.160821341670537E-6	
02:35	2	53	1	2.0174048547977	0.006996846884503505	1.2099055897975553E-6	
29:F6	41	246	1	1.9662561828468852	0.007825244181957725	4.62166859251269E-6	
03:1D	3	29	1	2.0193129905966787	0.006948823720605145	2.0153799644976793E-6	
89:FF	137	255	1	1.13240584597495	0.004518446573835489	2.0676108721430795E-6	
02:9F	2	159	1	1.9177473144732007	0.0061611352582358996	1.093881153807515E-6	
16:07	22	7	1	2.0311976911551812	0.008687240178997102	4.538069534343663E-6	
21:F2	33	242	1	2.0186348591805445	0.007867592912194063	4.5467769557201175E-6	
04:F3	4	243	1	1.5924653948607705	0.0062733545221075855	5.0549452111453E-7	
5E:07	94	7	1	1.3761432271350473	0.005885631874291481	2.5084021602858586E-6	
86:1F	134	31	1	1.9596341053687845	0.007238794148007785	6.274210664962179E-6	
6B:01	107	1	1	2.034921277057281	0.009334003075842005	6.257565638342171E-6	
0A:5F	10	95	1	1.095251220531285	0.0021828802467001775	3.799743153644296E-7	
02:73	2	115	1	1.9894561993289313	0.005066590417100791	1.1787848298736975E-6	
22:13	34	19	1	2.00597553474849	0.007016953383466547	4.613102867895558E-6	
06:BB	6	187	1	1.98926586917916	0.00704965721641587	1.5809686490452138E-6	
25:F7	37	247	1	1.5656401214683966	0.0062962636980378765	2.916577306270896E-6	
02:F6	2	246	1	2.0083195659679545	0.00799263273898525	1.1978057057330526E-6	
12:17	18	23	1	1.6907543222034607	0.006123264377702439	2.679211109471663E-6	
1D:F6	29	246	1	2.012271418173697	0.008008376089630094	5.2128643175155235E-6	
4D:FD	77	253	1	2.011562800089841	0.007901727791028214	3.3406821997560395E-6	
05:DD	5	221	1	1.7125498494180007	0.005793124305667887	7.543447550652106E-7	
07:17	7	23	1	2.0083924476598867	0.007273625278303322	2.427681360778471E-6	
27:FB	39	251	1	2.003352436705224	0.007815562980820787	5.129453929068349E-6	
23:17	35	23	1	1.1424215657782504	0.004137412241083921	1.5289833535543938E-6	
2F:77	47	119	1	1.9964788942819904	0.005171866003534684	5.661725639179561E-6	
26:3B	38	59	1	2.006069337980114	0.007575189195668229	5.0093642028523475E-6	
0F:5F	15	95	1	1.9939274997659409	0.003973981755131814	2.2690052989424133E-6	
2C:3F	44	63	1	2.0046587874341295	0.0076032706558980855	5.08667611916753E-6	
41:FC	65	252	1	2.0050805031381844	0.007795127328740252	3.102379405289714E-6	
09:EF	9	239	1	2.0035178613598896	0.007810657752790869	1.011249882448085E-6	
01:7B	1	123	1	1.7326498712709164	0.004316173712353269	5.462141480790297E-7	
09:F2	9	242	1	2.0034963981726985	0.007808577444556035	1.0112302333435894E-6	
12:33	18	51	1	2.002789336614566	0.007430735607846028	3.758757365693983E-6	
06:53	6	83	1	1.9974575811488928	0.003469627049831191	1.5997847111148435E-6	

