BMLVN	12	x2
metabolism	0.9970000
mutations	0.0010000
catastrofic	0.0010000
minWeight	0.1
start biomas	2.0	_
env.size	25000.0
feedSourceH	800
400
200
0F0
001
feed port max	35000.0
timeQuant	0.01

key	suscepBits	activeBits	maxsize	popBiomas	currincome	currloss
800:000	2048	0	1	13577.59522622489	111.6196060180664	144.0095618721048	
400:000	1024	0	1	15298.361237000427	214.6233673095703	121.18894620572871	
200:000	512	0	1	15956.450491319818	178.1536865234375	136.80827610903248	
0F0:000	240	0	1	14542.464299055062	327.79736328125	139.47905562133352	
001:000	1	0	1	24960.90629219787	36.014862060546875	0.0	
FFF:FFF	4095	4095	1	814.6564000725854	3.600704893249359	1.1357992124929512	
F7F:FFF	3967	4095	1	773.9549528753491	3.421400439957224	0.9796239351879318	
EFF:FFF	3839	4095	1	844.6634283264532	3.7331180317844677	1.1444579416475227	
FF7:FFF	4087	4095	1	704.0756749927747	3.113250013974023	0.846512207408291	
DFF:FFF	3583	4095	1	895.9922752178641	3.9590910095922154	1.1218252929539563	
7FF:FFF	2047	4095	1	1128.5864687798603	4.988677646118038	1.5612688502992136	
FDF:FFF	4063	4095	1	836.4637261762914	3.6967597233597065	1.1834255549758306	
FFF:FF7	4095	4087	1	811.5063108250985	3.5865075133009547	1.1270710981880743	
FFF:FBF	4095	4031	1	822.1878148365809	3.6419810058337556	1.1569620002244887	
FFE:FFF	4094	4095	1	808.4816719100061	3.5735053971103294	1.1183077946732634	
FEF:FFF	4079	4095	1	820.6940295224604	3.6273056582381322	1.1464281103453935	
FFD:FFF	4093	4095	1	779.1955129347764	3.444466837565428	1.0385631234312913	
FFB:FFF	4091	4095	1	817.6475607814261	3.6138814931548917	1.1424895906203936	
FBF:FFF	4031	4095	1	845.093364295635	3.7347744042503788	1.1944028448318886	
BFF:FFF	3071	4095	1	926.2347658311123	4.093277352990521	1.0875638105525962	
CFF:FFF	3327	4095	1	1083.9362421701758	4.785889862160169	1.51492968432262	
FFF:DFF	4095	3583	1	646.1853323513436	2.6550410471255224	0.7163077946377643	
FFF:F7F	4095	3967	1	689.584333506579	3.019863299318357	0.8146539854151698	
FFF:EFF	4095	3839	1	854.3658754441473	3.823399409318262	1.2494165141528555	
FFF:FEF	4095	4079	1	811.2151315644921	3.5700629227682876	1.1263231536852598	
EDF:FFF	3807	4095	1	875.0024871519358	3.866726538300705	1.2126848657411278	
FFF:BFF	4095	3071	1	417.6500513914884	1.6285087989850728	0.2998291346423784	
FFF:FFD	4095	4093	1	801.4395409950381	3.542260590704086	1.099334725716951	
FFF:FF5	4095	4085	1	808.6973552648454	3.573921967071555	1.1193053734902125	
7FF:FEF	2047	4079	1	1105.6837494811202	4.866734191414954	1.4988687496250062	
F7F:FF7	3967	4087	1	851.9365337115823	3.7646032507521	1.1864246707781727	
EFE:FFF	3838	4095	1	841.1279996280867	3.71754723226645	1.1345061744182035	
F7B:FFF	3963	4095	1	853.5450631715419	3.772022626498436	1.1891589627302679	
FFF:FD7	4095	4055	1	781.5933918042424	3.41598609974358	1.0458604807262324	
FCF:FFF	4047	4095	1	797.5358456682471	3.5252965118912645	1.0702725946879974	
FF7:FBF	4087	4031	1	819.2067114497606	3.6288234106384465	1.145325196171472	
FE7:FFF	4071	4095	1	801.862085081557	3.5443512297737074	1.0914131588048797	
AFF:FFF	2815	4095	1	1185.6556908551042	5.234724378301653	1.6426127751913127	
7FF:FFB	2047	4091	1	1067.5171459163994	4.719297885205105	1.3972517121486856	
F7F:FFB	3967	4091	1	853.3503300752699	3.770968921504799	1.190344857564975	
6FF:FFF	1791	4095	1	1217.358139919131	5.380859232758415	1.685750805789448	
7FB:FFF	2043	4095	1	1124.2549032640507	4.969588170056999	1.543368436115785	
FDF:FDF	4063	4063	1	292.96728733480757	1.2814960209361126	0.14565601856186353	
DFF:FDF	3583	4063	1	930.9353203307174	4.065493651819929	1.2109637681293333	
DF7:FFF	3575	4095	1	999.0523683641488	4.412401658928492	1.390415585211294	
77F:FFF	1919	4095	1	1301.119871717893	5.748058374678335	1.7952884696775528	
F3F:FFF	3903	4095	1	875.6112322249157	3.869201132647017	1.224723849231051	
FDB:FFF	4059	4095	1	828.2012603436137	3.660374815628212	1.1585482938374163	
DDF:FFF	3551	4095	1	1007.6414092994905	4.450197105752883	1.4040181967540972	
FFB:FFB	4091	4091	1	767.4092081192458	3.3923297378020862	1.0067007989573469	
FBF:FEF	4031	4079	1	664.3235706243692	2.9251664698598674	0.7389306926224425	
FDE:FFF	4062	4095	1	823.8545175269463	3.641229712659533	1.1477113790907394	
FFF:FBB	4095	4027	1	754.0496238046759	3.341059939078464	0.9735327053077164	
7FF:F7F	2047	3967	1	1094.8798420768478	4.794077702719302	1.4707046879634396	
7FF:EFF	2047	3839	1	1159.8705740775438	5.192869554546873	1.650921423259447	
EFF:7FF	3839	2047	1	824.5767503868708	3.5800774921394027	1.0957387078118426	
FFF:FBE	4095	4030	1	820.171538735056	3.633022269618906	1.151310173082898	
F9F:FFF	3999	4095	1	821.0310372703171	3.628818121149113	1.114461347799889	
EFF:FDF	3839	4063	1	836.9714808943733	3.6566258853772053	1.1239541897854304	
7FE:FFF	2046	4095	1	1123.6089131367128	4.966744843771268	1.546078205010349	
FFB:FDF	4091	4063	1	781.095665030317	3.413060202568789	1.0430174652701758	
FFF:FDF	4095	4063	1	708.2897863447541	3.095760812790003	0.8592398875454483	
7DF:FFF	2015	4095	1	1225.5966992439312	5.415546182900817	1.7080121580251806	
DFF:FF7	3583	4087	1	984.045954886164	4.3460502689871525	1.3523297822459934	
BFB:FFF	3067	4095	1	1099.7441442916083	4.856501876778655	1.5282445646297045	
FBF:FFB	4031	4091	1	830.1405776404418	3.6687387010094636	1.1526242184226683	
7FF:FFD	2047	4093	1	1116.6871623339555	4.935949034480285	1.5286109417880773	
FFE:FF7	4094	4087	1	782.3321196603681	3.4579784495954287	1.0473144545820765	
FDF:FEF	4063	4079	1	812.0565441146667	3.57376338945748	1.115610325239464	
EBF:FFF	3775	4095	1	884.907102837832	3.9103491406845676	1.2253266340779918	
FFB:FEF	4091	4079	1	798.0781754839021	3.512439642079371	1.0886555414136179	
7F7:FFF	2039	4095	1	777.1160450635723	3.437741765967323	0.7351913956710538	
FDF:FBF	4063	4031	1	827.7197479588405	3.6664133638365985	1.15899420686063	
FFF:D7F	4095	3455	1	632.421116792198	2.5715759107215574	0.6863470550268959	
FFB:F7F	4091	3967	1	794.8505192738679	3.479555224935845	1.0801595969583329	
BDF:FFF	3039	4095	1	1036.4583543924946	4.578370930707338	1.3369358087945828	
FED:FFF	4077	4095	1	816.9562993375475	3.6108430813413355	1.1352392672322824	
EFB:FFF	3835	4095	1	831.3681914896118	3.6745585078879843	1.1070922098704672	
F7F:FEF	3967	4079	1	839.7667719145376	3.695326384345822	1.1529199758804074	
FEB:FFF	4075	4095	1	823.071691990393	3.6377793428698593	1.1514054083761192	
FEF:FEF	4079	4079	1	807.5116834629503	3.5537597243222825	1.1099916041132234	
FFB:FF7	4091	4087	1	803.3208199112493	3.550452054061946	1.1029139578827003	
DFF:F7F	3583	3967	1	961.8268497892591	4.207916206858499	1.2927351611604216	
FFF:EEF	4095	3823	1	851.1572135763288	3.8124826307219855	1.2400995000503507	
FFA:FFF	4090	4095	1	790.9744007505054	3.496373257544008	1.06897104559462	
FFF:F3F	4095	3903	1	792.3639156547425	3.4878760569071248	1.0750445816376124	
FFF:FBD	4095	4029	1	739.6757631683869	3.277412329189933	0.9368457160129182	
7BF:FFF	1983	4095	1	1243.4005785126453	5.493954468945982	1.7162262359422096	
F7F:FFE	3967	4094	1	854.3082168785712	3.7752656998681555	1.1930038255373612	
CFF:EFF	3327	3839	1	1128.3030414622847	5.041727616069286	1.6395117677469653	
FD7:FFF	4055	4095	1	830.7509192995714	3.6716052228981817	1.164015414361728	
7FF:DFF	2047	3583	1	909.1165185311359	3.736853605892842	1.0167768678823592	
7FF:FDF	2047	4063	1	1088.4012047958122	4.756311690088084	1.4526914947947953	
F7F:EFF	3967	3839	1	889.8591808818156	3.9817571286877085	1.2946557710985407	
FF9:FFF	4089	4095	1	816.0609790228474	3.6068937957577787	1.1372746354468533	
BFF:F7F	3071	3967	1	1060.6685695395165	4.639954496309759	1.4257119300275698	
7EF:FFF	2031	4095	1	1146.310926773932	5.066735044266498	1.5822413524287438	
D7F:FFF	3455	4095	1	1022.6458141394692	4.51634783773029	1.405579965063149	
FFF:F6F	4095	3951	1	791.0819233947475	3.465683917685255	1.0715279642256816	
BFE:FFF	3070	4095	1	1072.5931376279304	4.737192800777761	1.4562361126163612	
BFF:FFB	3071	4091	1	1078.5372430128534	4.763080622007662	1.4731001855130121	
FFF:FE7	4095	4071	1	781.6262035682581	3.4264207051225415	1.0458906470667584	
7FA:FFF	2042	4095	1	1130.0435371680705	4.995092627855262	1.5577752059680148	
CFF:7FF	3327	2047	1	981.1525350127753	4.260381067013941	1.2510570202901676	
7DB:FFF	2011	4095	1	1218.4427688402125	5.384066107567978	1.6833907828541699	
FFF:FFB	4095	4091	1	814.3545054869985	3.599188681176579	1.134968572168574	
7EB:FFF	2027	4095	1	1120.5590382103023	4.953272846680934	1.5063905147464194	
EBF:7FF	3775	2047	1	811.1968215469028	3.5221043115985493	1.0349221003373679	
3DF:FFF	991	4095	1	1292.84109440228	5.718154330483719	1.47930237582	
8FF:7FF	2303	2047	1	1472.2225027788697	6.398557607376488	1.9742770336909907	
FFF:7FF	4095	2047	1	773.4464019197926	3.3578196773057734	1.027919174504396	
ABF:7FF	2751	2047	1	1196.013941493651	5.198085697815925	1.5998944342654877	
7BF:FEF	1983	4079	1	1232.8490060500094	5.4241140725485515	1.6875481856262045	
8FF:7FE	2303	2046	1	1470.8786474857554	6.393411756820514	1.970667705852488	
AFF:7FF	2815	2047	1	1125.5243232417436	4.88935833713849	1.4944552374906825	
8FD:7FF	2301	2047	1	1458.467061827797	6.338681190996369	1.9344165834521523	
8BF:7FF	2239	2047	1	1605.3490536574932	6.977141956978021	2.1507607193971623	
8BF:7FE	2239	2046	1	1604.7829628646298	6.975444907074821	2.149240064389312	
7F7:FBF	2039	4031	1	1145.2339203113472	5.073663838126702	1.5947943955492727	
8BF:3FE	2239	1022	1	751.8931550605748	2.8893819181794242	0.4716107868457753	
8FD:7FE	2301	2046	1	1436.757002340168	6.2448897615408985	1.8771797701693502	
8FD:3FF	2301	1023	1	635.460260923003	2.4426918272826756	0.3670450286552822	
FFF:6FF	4095	1791	1	991.8159735773975	4.6745487217041815	1.6895551014466395	
77F:FEF	1919	4079	1	1257.3766899608406	5.5317478344297175	1.6772202042849176	
7D7:FFF	2007	4095	1	1217.929610561224	5.381814739635732	1.6772345058306752	
ABF:7FE	2751	2046	1	1186.8770203156282	5.158889357178661	1.5755094363835436	
8BF:3FF	2239	1023	1	571.2363425582674	2.195595372920969	0.27212684749310934	
8BF:2FF	2239	767	1	1548.2513612700916	7.059762374606451	1.9994406056464105	
8BB:2FF	2235	767	1	1547.8472186073336	7.057902834360898	1.9952364301280099	
0BF:2FF	191	767	1	2423.964892235148	10.995776933488498	2.9869017390862407	
0BF:0FF	191	255	1	2655.6964048399154	11.884626463499705	3.4298842557507085	
8BF:0FF	2239	255	1	1701.6397309962417	7.759173084353473	2.4158628572887735	
0BD:2FF	189	767	1	2422.073570285992	10.987750657398259	2.956766626380769	
0FF:2FF	255	767	1	1751.5113742460567	7.957673370111699	2.153332094261378	
0BF:2FD	191	765	1	2427.7303793776405	11.018748923628332	2.997140671677158	
0BB:2FF	187	767	1	2325.924716520034	10.555676099594354	2.709710926470785	
0BF:0DF	191	223	1	1262.4324176505775	4.83943928651906	0.8066485253874697	
0FF:0FF	255	255	1	1931.3031772093648	8.690798935413119	2.538302344037458	
0BF:0FB	191	251	1	2692.1934141546376	12.108687852892093	3.527728006183284	
0BF:2FE	191	766	1	2416.829276206224	10.965389781279377	2.969997715667136	
4BF:0FF	1215	255	1	1963.6480224621112	8.938712857346207	2.571692857961581	
0BF:0BF	191	191	1	1612.4699150484298	6.378489585158423	1.2801794494118472	
0B7:0FF	183	255	1	2770.4372041188863	12.38809528761598	3.563308131215751	
1B7:0FF	439	255	1	3268.3451175767777	14.732203723155763	3.6020273986571727	
1FF:0FF	511	255	1	2461.999154328979	11.106898142303724	3.3142858782738203	
0BF:0FD	191	253	1	2676.242907349587	12.002834891071766	3.4844095865697855	
1BF:0FF	447	255	1	3288.421970219557	14.812132330855308	4.381661638878022	
09D:2FF	157	767	1	2912.0791896841506	13.197225573940562	3.5579592674856837	
0B7:2FF	183	767	1	2517.8442544405693	11.419572764266062	3.083056021715978	
0BB:2FD	187	765	1	2452.547980481571	11.131386464459238	3.0112551778001966	
1BF:0FB	447	251	1	3339.469887443695	15.11686656898408	4.520820252622596	
0BB:0FF	187	255	1	2709.694497791554	12.121936613175935	3.5123551384555785	
4B7:0FF	1207	255	1	4.914930248361804	0.022379598354196954	1.5954047609305705E-5	
0B7:2FE	183	766	1	6.585022468051038	0.02999126415782512	2.1450152262851344E-5	
7BE:FFF	1982	4095	1	1.3338822440838365	0.0059015407362828665	1.9854880806014627E-6	
BFE:FF7	3070	4087	1	1.2011151205937043	0.005313635079029891	1.839637933737392E-6	
0BF:2BF	191	703	1	2.0004166972411084	0.008766489119130957	2.0683869762875204E-6	
FF7:FDF	4087	4063	1	1.1657480609687405	0.005098282025683888	2.3304844002764768E-6	
0BF:3FE	191	1022	1	1.229310227157288	0.00472105530652443	7.819679502033537E-7	
F7F:DFF	3967	3583	1	1.5842456761924717	0.006511379440971755	4.126788847486642E-6	
FCF:FFE	4047	4094	1	1.7568472168964042	0.007772649647836079	5.2183069438187945E-6	
8FD:7BF	2301	1983	1	1.6808043312087075	0.006725812318024683	2.5641252231564854E-6	
FFF:DEF	4095	3567	1	1.6369184988062915	0.006725279923004371	4.610599609352911E-6	
EFD:FFF	3837	4095	1	1.0572172417723804	0.004677483323141521	1.8008159609984162E-6	
03D:2FF	61	767	1	3.478282851381895	0.015839989307072727	1.5214070820818569E-6	
F7F:6FF	3967	1791	1	1.936200046563373	0.009123344763362093	6.1566864002828985E-6	
DDB:FFF	3547	4095	1	1.9343116394183506	0.008558051189045337	5.205219796454937E-6	
0AB:2FD	171	765	1	1.1502922691086561	0.0052407632695585455	6.128746385891728E-7	
FFB:BEF	4091	3055	1	1.812426408610045	0.007065007538140265	5.64658458636261E-6	
0BF:8FD	191	2301	1	1.6381890407938395	0.006569511259102438	1.3881921636518693E-6	
F7B:FFE	3963	4094	1	1.0296261817962735	0.004555269997929066	1.7395235922347684E-6	
0BC:2FF	188	767	1	1.0709134220499712	0.004876906133113155	5.84496005454843E-7	
FFF:FF6	4095	4086	1	2.1065459508746374	0.009318930367980066	7.63078022148393E-6	
DEF:FFF	3567	4095	1	1.3862828535570135	0.0061333812913451505	2.691017763177812E-6	
FBF:FCF	4031	4047	1	1.9205995852330313	0.008403178885516279	6.201016060405212E-6	
8FD:77F	2301	1919	1	1.2131160041864126	0.004864419813628384	1.3356786457007179E-6	
0B7:2FB	183	763	1	2.071625309626217	0.009445521082919513	2.122985780583366E-6	
0FF:AFF	255	2815	1	1.0729149695703746	0.004272920974048013	8.176299714312346E-7	
F7F:DFE	3967	3582	1	2.0623287724398707	0.008476132204695699	6.993298582545443E-6	
8BF:4FF	2239	1279	1	1.9219760846756433	0.008552302945611627	3.073943991112124E-6	
1B5:0FF	437	255	1	1.3652492677184134	0.006216496370893556	6.474706234159305E-7	
7EF:FEF	2031	4079	1	1.6744889041480016	0.00737651829151264	3.3924292190983953E-6	
FEF:FBD	4079	4029	1	1.1785550940430254	0.005225545649599573	2.3756319903414834E-6	
0BE:0FD	190	253	1	1.333807026274124	0.006086586373233386	9.145309399999319E-7	
7FB:F7F	2043	3967	1	1.5087865675199836	0.006610647814603932	2.7926326580640457E-6	
0FD:2FF	253	767	1	1.751478325491418	0.007976182812304182	2.1620760071143057E-6	
9FF:0FF	2559	255	1	1.1009837060966625	0.00501319810771638	1.1383351508285265E-6	
FFE:7FF	4094	2047	1	2.0228179482578397	0.008779841424881215	7.035106738811958E-6	
0BD:2FD	189	765	1	2.064209084850895	0.009404598355476879	2.1827776256547397E-6	
0BF:4BF	191	1215	1	1.698306409105314	0.007334358808034512	1.4910146815739245E-6	
3DF:FEF	991	4079	1	1.7874641543649188	0.00787419747138935	2.8373157441020402E-6	
0FF:0FB	255	251	1	1.2785506517473164	0.005850502858621844	1.159668584378002E-6	
7FB:DFF	2043	3583	1	1.819546457239796	0.007478482176683865	4.063697517120635E-6	
FFB:7EF	4091	2031	1	1.8001878195296266	0.007729891090869843	5.566194139992965E-6	
FFF:F4F	4095	3919	1	1.8610687798446606	0.008176315148498698	5.956337943942534E-6	
0B7:3FF	183	1023	1	2.01765731723643	0.007751363341718016	2.0167180935359584E-6	
CDF:FFF	3295	4095	1	1.9136331952050885	0.008466560808555063	4.711117462249877E-6	
FF9:7FF	4089	2047	1	2.0227441006539464	0.00877952084135098	7.022013506565413E-6	
1BF:0EB	447	235	1	2.0204304906147654	0.008509008117706815	1.7191540336880326E-6	
FFF:E7F	4095	3711	1	1.7684403741799735	0.007990237938817715	5.376841882755641E-6	
DFF:BF7	3583	3063	1	1.7980004199298647	0.0070106680246835645	4.551303463428785E-6	
F9F:FEF	3999	4079	1	1.9948170706247326	0.008787650576639782	6.612047610585761E-6	
EFA:FFF	3834	4095	1	2.011815430825112	0.008900959099892775	6.513461948991414E-6	
8FE:7FE	2302	2046	1	2.0081204131397854	0.00871699188273151	3.6602513652620042E-6	
6F7:FBF	1783	4031	1	2.0087966075077586	0.008907025014358892	4.556675306646708E-6	
8BF:7FC	2239	2044	1	2.005361887349827	0.008706723436182097	3.3471835092229794E-6	

