BMLVN	12	x2	MULTI	
metabolism	0.9970000
mutations	0.0000100
catastrofic	0.0010000
minWeight	0.1
start biomas	2.0	_
env.size	25000.0
feedSourceH	FFF
0FF
00F
777
555
feed port max	50000.0	limited
timeQuant	0.01

key	suscepBits	activeBits	maxsize	popBiomas	currincome	currloss
FFF:000	4095	0	1	10337.178736567826	6.620228290557861	249.235853734034	
0FF:000	255	0	1	12664.591349051627	409.1697692871094	194.36183261760743	
00F:000	15	0	1	14831.283517828639	433.55828857421875	149.0717610764041	
777:000	1911	0	1	9314.49512561914	40.5010871887207	213.34013441948804	
555:000	1365	0	1	9429.086612484458	95.7537612915039	158.94477484313506	
FFF:FFF	4095	4095	1	547.4773106278559	2.3318255550128177	0.6608136321514745	
FEF:FFF	4079	4095	1	530.3759284023306	2.259049237667447	0.6158813159663541	
DFF:FFF	3583	4095	1	581.3773877083732	2.4757659896171407	0.5872763262680366	
FBF:FFF	4031	4095	1	547.9392261998737	2.333750986690397	0.6428198609710675	
FFF:F7F	4095	3967	1	456.6891916822546	1.8872884043504692	0.4601039753710982	
FFF:7FF	4095	2047	1	651.4865231156549	2.8192643279867386	0.9375582093200162	
FF7:FFF	4087	4095	1	453.2268120282668	1.9306708271964113	0.451423933273974	
FFF:FFE	4095	4094	1	530.0207605727884	2.25624011247912	0.6193792193807952	
FFF:FF7	4095	4087	1	530.6234828263835	2.256005950291003	0.6207982757144331	
FFF:FFD	4095	4093	1	311.46428418367685	1.3258813042494226	0.2140216297603794	
FFB:FFF	4091	4095	1	490.21746341743005	2.088143756957998	0.5290184582982118	
FDF:FFF	4063	4095	1	226.75493510078022	0.9660105373178489	0.11187490011046046	
FFF:FFB	4095	4091	1	643.3058792348315	2.7328849637424804	0.9121662263920516	
FFD:FFF	4093	4095	1	475.69340157164555	2.02631967426225	0.49863092835463546	
EFF:FFF	3839	4095	1	436.3849706843801	1.8588428523296032	0.37127843728464494	
FFB:FFD	4091	4093	1	527.5421873951666	2.245249161469027	0.612583161974725	
7FF:FFF	2047	4095	1	395.55173705186786	1.6858632099021544	0.4128631877840572	
BFF:FFF	3071	4095	1	939.6410473546168	3.996501023704991	1.0841584208925665	
FDF:FDF	4063	4063	1	363.21546458171787	1.5231821576448663	0.28696068532267893	
9FF:FFF	2559	4095	1	1239.3465353455065	5.264327926634017	1.1895612540559206	
FEF:FEF	4079	4079	1	512.2707639514575	2.165004346172725	0.5746108384608809	
FFF:FF5	4095	4085	1	435.44452335848166	1.8501522916094757	0.4181804176889352	
F7F:F7F	3967	3967	1	465.98892478095655	1.9255351724910983	0.45177694403064633	
FEE:FFF	4078	4095	1	502.63280966540725	2.1409814905407556	0.5530750569611835	
FEF:FF7	4079	4087	1	402.096751017285	1.7098383015439051	0.3541286279485345	
FBF:7FF	4031	2047	1	225.16569846853187	0.9741360731604385	0.10873534779151987	
DFE:FFF	3582	4095	1	592.2613495955084	2.5220568609376235	0.609296407031583	
FFF:F7D	4095	3965	1	434.02142007349084	1.7923742783697532	0.41559068807294147	
AFF:FFF	2815	4095	1	1009.1912068028525	4.291208527157952	1.0470939940109087	
DFF:FFB	3583	4091	1	467.5719617619345	1.9867957683965172	0.38006676574662235	
BFF:FF7	3071	4087	1	928.3841723129466	3.941642217251828	1.058472301025142	
FE7:FFF	4071	4095	1	524.1305768446149	2.2324682574862322	0.5993744386550388	
5FF:FFF	1535	4095	1	529.5045197950816	2.256725258893155	0.5938501365961567	
FBE:FFF	4030	4095	1	489.240535401273	2.083951992823795	0.5124644213616292	
EBF:FFF	3775	4095	1	649.0179869736813	2.7634417988047715	0.7947532932271733	
DF7:FFF	3575	4095	1	610.7991746930634	2.6008861893717112	0.6454509194967935	
FFF:FDD	4095	4061	1	465.0491669352457	1.94859938035061	0.4770007217888873	
FDF:FEF	4063	4079	1	561.1711865330196	2.3714669113216127	0.6845703606490733	
DFF:FF7	3583	4087	1	663.538036490892	2.819967066664596	0.7647281248990185	
DFF:FFD	3583	4093	1	714.4487089836416	3.039056439061415	0.8863557782018592	
DEF:FFF	3567	4095	1	597.5291472730216	2.544451147791179	0.6151575764494169	
FF5:FFF	4085	4095	1	275.4942708839362	1.1736702040428997	0.16675874415291217	
FFF:7FE	4095	2046	1	640.0845109497725	2.766197421484837	0.9050313776108151	
FFF:FFC	4095	4092	1	474.3613899506549	2.01790874751473	0.49620580435057077	
FFF:FEB	4095	4075	1	446.5805829282986	1.8830835999437114	0.4398609802330705	
FBD:FFF	4029	4095	1	531.08429742347	2.2620332020989697	0.6034709712444126	
DBF:FFF	3519	4095	1	620.8850626109772	2.643738524266149	0.6466580030599255	
FFF:7FB	4095	2043	1	639.5007967286488	2.7523275610500924	0.903416240224574	
FFF:FDE	4095	4062	1	447.5685209619584	1.8757438610870822	0.4418353384001101	
DFF:FDF	3583	4063	1	633.7021460786868	2.6561392881007664	0.6977062584457409	
FBF:FFE	4031	4094	1	516.7900565889025	2.199931208184274	0.571869455266774	
7FF:FFE	2047	4094	1	404.20428903071297	1.721761262972827	0.43113408822686783	
FBF:FFB	4031	4091	1	522.2223508486358	2.2190474258106514	0.5839560665625482	
FFE:FEF	4094	4079	1	513.2297112759175	2.169079178758545	0.5807195630912779	
EFF:F7F	3839	3967	1	533.5435628832237	2.204493755357419	0.5550266090371376	
DFB:FFF	3579	4095	1	545.1572485857205	2.3216875165148365	0.5154379874319821	
FEF:7FF	4079	2047	1	680.6071711068455	2.9452588577303076	1.016155639833326	
FFF:FE7	4095	4071	1	473.2968058675621	1.9938882569068954	0.49403200956959703	
FF6:FFF	4086	4095	1	402.6310463574033	1.7152287468969936	0.3562454053486335	
DFF:FEF	3583	4079	1	602.509956248574	2.5456774558098942	0.6307424542123212	
EEF:FFF	3823	4095	1	559.7428607268685	2.383836739902179	0.605927013260563	
F7F:FFD	3967	4093	1	505.6345867904084	2.1520193440117343	0.5317793837618777	
FFF:FF3	4095	4083	1	432.8346479072525	1.8338850178480413	0.4131962168359104	
FFD:FFB	4093	4091	1	553.0716427105035	2.350039373048767	0.6739109076107588	
DFF:FFE	3583	4094	1	664.0932242357424	2.8258196330253043	0.7659893338905692	
BEE:FFF	3054	4095	1	907.6175127488522	3.8607973673279545	1.0018506441537691	
7FB:FFF	2043	4095	1	319.2728386005426	1.3606211640022876	0.26814700484856624	
FFB:FEF	4091	4079	1	507.5688329451444	2.1451723818589854	0.5671484176642262	
FFB:FED	4091	4077	1	513.2145157576516	2.1673159633665824	0.5798309965473748	
FEB:FFF	4075	4095	1	398.2891833897508	1.6967334241586665	0.34686871946329956	
FBF:FFD	4031	4093	1	502.95433968481143	2.1406551208388622	0.5416831144966137	
FFF:FFA	4095	4090	1	431.163545953054	1.831316848948385	0.4100029691353982	
DDF:FFF	3551	4095	1	673.2307336629874	2.8662732924455905	0.7740447038451275	
EF7:FFF	3831	4095	1	532.0368158898324	2.5174407873189244	0.6783539779509129	
FBF:FF7	4031	4087	1	592.7712587857669	2.519876205279608	0.7522280014410765	
F7F:FFE	3967	4094	1	513.4201361950603	2.1855632763398805	0.5482661962677632	
FFD:FF7	4093	4087	1	404.1601611615805	1.7186155614853644	0.3600224344365702	
FFB:FDF	4091	4063	1	380.5734736232758	1.5959807323921378	0.3189872440824346	
BF7:FFF	3063	4095	1	786.2352847561026	3.3458969698087286	0.7563339649396713	
7FF:FDF	2047	4063	1	419.9332634184361	1.7618986485260215	0.46543032266943907	
FED:FFF	4077	4095	1	571.228560182486	2.4328615269138165	0.713814726190468	
EFB:FFF	3835	4095	1	483.63432099471845	2.0599810473506457	0.45512091910508357	
FFB:FF7	4091	4087	1	528.1277567303282	2.2454029785366525	0.6139517174906668	
FDB:FFF	4059	4095	1	371.5295359680855	1.5827591108094028	0.29970230295192896	
BFB:FFF	3067	4095	1	865.363316638443	3.6816376947433893	0.9179493789073973	
BFF:FFE	3071	4094	1	896.4676945643321	3.8113173316799367	0.9871399225436939	
CFF:FFF	3327	4095	1	718.931651743829	3.0603144410627694	0.7740454270220394	
EDF:FFF	3807	4095	1	566.8883819603408	2.4142242981746707	0.616657086426131	
FFF:FEE	4095	4078	1	514.0319290501994	2.1712048012762617	0.5826475691100425	
FF7:FEF	4087	4079	1	400.6531841635025	1.693526395728998	0.35284973119459634	
FFF:FCF	4095	4047	1	514.9352711765424	2.142315500958388	0.5847866091343276	
DF5:FFF	3573	4095	1	705.6188745501222	3.0039072359929166	0.8602828771245564	
7BF:FFF	1983	4095	1	449.0705670023085	1.9139227037615445	0.4919082752368123	
FEF:FFB	4079	4091	1	527.1370958318498	2.239941426572823	0.6084026229078877	
DFB:FFD	3579	4093	1	594.8224889488735	2.530976378061041	0.6134975353813333	
FEF:FFE	4079	4094	1	494.72020985134014	2.1060834298941122	0.5359152487433461	
FFE:FFB	4094	4091	1	513.223510146467	2.180879576316481	0.580672412026768	
FBF:FDF	4031	4063	1	510.3139565056201	2.139705518543128	0.5577255323169061	
EFF:FEF	3839	4079	1	424.3624751191132	1.7935911642162563	0.35114699353988066	
EFF:7FF	3839	2047	1	552.7506100211383	2.3919061428769783	0.5967758143168886	
FFB:FDD	4091	4061	1	458.23355159562516	1.9200564876874875	0.462358968066953	
FFF:7DF	4095	2015	1	426.77681031027555	1.6727112974890497	0.4026026998393144	
DFD:FFF	3581	4095	1	622.5875631652929	2.651014568357565	0.672776596647713	
BFB:FFD	3067	4093	1	878.135965482847	3.7328971227024295	0.9451715534471244	
D7F:FFF	3455	4095	1	607.2963885990146	2.585924320320341	0.5975682059409937	
FDD:FFF	4061	4095	1	557.1796899777167	2.373085501658978	0.6743311069725407	
FFF:F77	4095	3959	1	473.04008622102157	1.9519012384238557	0.49362838398916753	
EFF:FFB	3839	4091	1	628.084387332815	2.6681472793460816	0.7685842125848031	
B7F:F7F	2943	3967	1	979.7386275891272	4.041262943075364	1.0873618030467602	
F7F:7FF	3967	2047	1	649.875360737237	2.8122689668079435	0.8801748314479474	
FF7:FFD	4087	4093	1	495.64362023077064	2.1095950791541838	0.5398128799213864	
EFF:FBF	3839	4031	1	395.45937853229736	1.6159624551578575	0.30507413116793936	
3FF:FFF	1023	4095	1	805.1593715485549	3.4309928175665716	0.942542953123559	
FDF:FF7	4063	4087	1	531.897992828159	2.26140131684784	0.6150293050695708	
9FF:FFB	2559	4091	1	1452.203692416866	6.14656979696499	1.6294174864530844	
9FF:FFD	2559	4093	1	1123.113007030046	4.769546320159733	0.9782048320184085	
6FF:FFF	1791	4095	1	437.00046585532556	1.862437547978478	0.4454091029660342	
BFE:FFF	3070	4095	1	868.6110082395389	3.6954108838986377	0.9266222858324916	
9FF:FBF	2559	4031	1	1239.4696780348277	5.05032729730913	1.1908595825167922	
7FF:7FF	2047	2047	1	549.40146343152	2.376732998404776	0.7953301550595999	
DE7:FFF	3559	4095	1	614.2046851856661	2.6153584721541643	0.6472168934769329	
DFB:FFB	3579	4091	1	607.6074331960787	2.5811727927340606	0.640119763541095	
9FF:EFF	2559	3839	1	817.828685888011	3.0726183679769665	0.5217308120165486	
5FF:FDF	1535	4063	1	509.2580917049402	2.1365490827221443	0.5493891315463847	
FFF:F5F	4095	3935	1	356.5148070360253	1.454981750271152	0.28050268037476067	
FEF:7F7	4079	2039	1	545.767822973295	2.3500387445256394	0.6533703416428974	
DEF:FDF	3567	4063	1	610.0699612828903	2.557221090973045	0.6413301980916928	
8FF:FFF	2303	4095	1	1393.066869487768	5.915289961399515	1.5581596120151913	
DEF:FBF	3567	4031	1	561.4793445621705	2.2936988788432915	0.543499305428898	
3FF:F7F	1023	3967	1	658.7582601749309	2.723435957431677	0.6313283565078576	
77B:FFF	1915	4095	1	457.1902863098754	1.9484935227695488	0.49267760699746765	
EF7:7FF	3831	2047	1	510.3396141780551	2.2083469790001797	0.5067804300450646	
FEB:FFB	4075	4091	1	524.8535358265381	2.2302403765795695	0.602132070322597	
DEF:7DF	3567	2015	1	530.737498969992	2.080147705067939	0.4871496103862977	
1FF:FFF	511	4095	1	793.1215284297174	3.3797796581859516	0.6995480992360946	
FE7:FFB	4071	4091	1	368.5693286405189	1.5664323593396632	0.2965273803219633	
7FD:7FF	2045	2047	1	544.7342673484272	2.3565567878614053	0.7809922991414965	
3FF:FFE	1023	4094	1	791.2885398022945	3.369939304846576	0.9103533857931138	
3FF:77F	1023	1919	1	681.0363236170249	2.719309758598839	0.6738865817377757	
2FF:FFF	767	4095	1	800.537575368698	3.4111465440006787	0.7753313090217104	
EFF:7FE	3839	2046	1	729.6563392390044	3.1531829103411444	1.0400119346365628	
FFB:FF5	4091	4085	1	479.6203641078205	2.0377376009060137	0.5064247734161259	
EFB:FFD	3835	4093	1	568.8496886026415	2.420698269067297	0.629434740793599	
F3F:7FF	3903	2047	1	601.7030999451938	2.6037922242259044	0.7318811770799313	
6FF:7FF	1791	2047	1	607.7118622609437	2.6286948791728615	0.8599307911259297	
F7F:FFF	3967	4095	1	561.8298909673936	2.392810254381299	0.6564227354153902	
FED:7FF	4077	2047	1	656.463275633501	2.840796210954	0.9446450374488251	
1FF:FFE	511	4094	1	919.683341317381	3.9169964311312255	0.9406824125746157	
FED:FFE	4077	4094	1	419.95352047972904	1.7879566510775846	0.38597679059394724	
7FF:7FB	2047	2043	1	451.0551578525084	1.9408569186193247	0.5361474549588043	
B7F:FFF	2943	4095	1	1070.7333917552432	4.551568902319662	1.2978781436414988	
E3F:7FF	3647	2047	1	644.0466806739464	2.7869649233598954	0.7355489068255694	
3FD:7FF	1021	2047	1	722.8788113256484	3.1264290473748355	0.7560173995331003	
3FF:77B	1023	1915	1	611.9572443243051	2.435527978742707	0.544196460166585	
3FF:7FF	1023	2047	1	932.1459927178543	4.0301504955693055	1.2599158997367412	
77F:7FF	1919	2047	1	598.0478724514686	2.586763173719759	0.8431030411015559	
2FF:7FF	767	2047	1	1172.4219066386502	5.0677922580466666	1.6579091888817947	
1BF:FFE	447	4094	1	1217.2706694820986	5.183524215647129	1.2841794275512661	
FEF:7FE	4079	2046	1	689.3565403773566	2.9790941345711017	1.0424700031571794	
37D:7FF	893	2047	1	1374.7389239828956	5.935707638762622	1.9859726141781247	
FF7:7FF	4087	2047	1	652.8836612080455	2.825308507381506	0.9383243929004174	
FBF:7F7	4031	2039	1	286.1741617310774	1.2320212651639884	0.1756576627552292	
3FD:7FD	1021	2045	1	1043.882864992912	4.5035742797362905	1.5752274661433054	
6FF:5FF	1791	1535	1	498.17358479599693	1.9651053441996758	0.578951723686102	
7FF:7FE	2047	2046	1	544.999856573925	2.354529560653054	0.7826505795362135	
37F:7FF	895	2047	1	1414.7427630700977	6.107557884437389	2.106413845186782	
375:7FF	885	2047	1	1434.747986203432	6.19361041696576	2.142854413160819	
FFD:7FF	4093	2047	1	610.3823638274908	2.6414025952969102	0.8223705832127194	
1FF:FBF	511	4031	1	787.6343290801683	3.2206497369408518	0.6911151846896479	
F7F:7FE	3967	2046	1	688.1682128789311	2.973947595572799	0.9869952034436152	
AFF:7FF	2815	2047	1	1271.3947084004196	5.502174198935727	1.677146237098354	
3ED:7FF	1005	2047	1	961.8841619443409	4.158433090547985	1.303789988503981	
1FF:7FE	511	2046	1	1262.4625496735305	5.451945053392407	1.7686044295741818	
2FF:7FD	767	2045	1	1190.4454735628626	5.135799855234284	1.709266937868238	
37D:7FD	893	2045	1	1465.676699438601	6.314283641294961	2.2564870376785273	
1EF:7FE	495	2046	1	1128.2813286730177	4.873118711996464	1.3525827542829336	
27F:7FF	639	2047	1	1884.0930105777365	8.126024564965615	2.627331690455142	
B7F:7FE	2943	2046	1	1114.098549020382	4.814733684381062	1.4174505223588065	
3E5:7FF	997	2047	1	1074.092633103984	4.642295559108559	1.5966987479150794	
7ED:7FF	2029	2047	1	508.8449849875041	2.201381263262081	0.6739858893194989	
1DF:7FE	479	2046	1	1180.0359833234577	5.096091160781594	1.3626852819969713	
FEF:7FC	4079	2044	1	612.6778371183121	2.6427558997243454	0.8234213148550409	
6FD:7FF	1789	2047	1	557.0690340237102	2.409810732319505	0.7216562156237156	
AFF:7FD	2815	2045	1	1287.7044484510127	5.562233285578557	1.7205088693556623	
1FF:7EE	511	2030	1	1239.6635782515873	5.24466808708703	1.7060690142346773	
0EF:7FE	239	2046	1	1113.803738538308	4.81416763415372	1.4949079932752753	
27F:7FD	639	2045	1	2032.4099078475717	8.744348638573475	3.0551472622273153	
1DF:5FE	479	1534	1	1155.1500026340873	4.543323573988925	1.3049586190065159	
1AF:7FE	431	2046	1	1306.696884346917	5.641927100150219	1.4002822376251107	
9FF:7FE	2559	2046	1	1798.7937985302556	7.779577797523814	2.547896255476815	
3EC:7FF	1004	2047	1	928.6296956107462	4.014942811463573	1.2151491163058727	
7BD:7FF	1981	2047	1	629.078138928264	2.7208280549389268	0.962848727206142	
3DF:7FE	991	2046	1	1047.0874827320113	4.519710140936898	1.48779520524251	
2FD:7FF	765	2047	1	1175.114560830103	5.0794020460543505	1.6593566731556058	
1FF:7FF	511	2047	1	1219.618475189259	5.274275020554889	1.6506520350021783	
0ED:7FE	237	2046	1	1038.7896838048189	4.489824016229541	1.2920919529223243	
0E7:7FE	231	2046	1	1036.948833830982	4.481719139607797	1.2414914148273946	
1DE:7FE	478	2046	1	1414.3770234722188	6.106287273553424	1.9572628298800958	
8EF:7FE	2287	2046	1	2060.9532617941513	8.91423893868958	3.1169620379526064	
3F5:7FD	1013	2045	1	779.9173237488178	3.366439047914162	0.8646909817253701	
0EF:7FA	239	2042	1	853.9973693209465	3.6708059299377265	0.8787199140834011	
0EF:7FC	239	2044	1	1177.858389830763	5.0815228464196	1.6719643334918826	
4EF:7FE	1263	2046	1	824.2588042864711	3.5595220767569744	1.2135204883168629	
375:7FD	885	2045	1	1525.316626301597	6.569854625692288	2.420944064966176	
0FF:7FE	255	2046	1	992.1301609135252	4.28814847646616	1.2246645626886963	
0EF:5FE	239	1534	1	663.4145630636096	2.612089109262084	0.5303750699905627	
0AF:7FE	175	2046	1	1408.0748157283933	6.087576927564339	1.486807513635375	
0EE:7FE	238	2046	1	1091.0096009981135	4.715622509023868	1.4378710252456903	
2EF:7FF	751	2047	1	1261.8508504086647	5.453268089959003	1.8565820337418644	
1BF:7FE	447	2046	1	1553.8221668974243	6.706606101126893	2.085458829951104	
3FF:7FD	1023	2045	1	957.8832977961624	4.133383927778173	1.3304039357315551	
1ED:7FE	493	2046	1	1041.5629285823961	4.4989099301691615	1.1470294389565288	
0E7:7FC	231	2044	1	1008.2439078053511	4.34940921714999	1.1737323152757608	
0BF:7FE	191	2046	1	1686.5513686381562	7.293372208253486	2.2101077648066876	
8EF:7FA	2287	2042	1	1784.4892508170765	7.674879304690681	2.3359723586892387	
0ED:7FC	237	2044	1	1062.8947491226784	4.585355832622327	1.3528015388447194	
0AF:7F6	175	2038	1	1544.4581911091555	6.644777082053057	1.789216688803122	
08F:7FE	143	2046	1	2494.5291681368094	10.788153414033196	3.440373769751264	
0FF:7FF	255	2047	1	959.0566839010273	4.150729442079439	1.144314916644252	
0AF:7FC	175	2044	1	1733.2654477931733	7.481145097473682	2.2539902848941504	
0AF:7FF	175	2047	1	1544.0648797339325	6.685187604254513	1.788206700786782	
8EE:7FE	2286	2046	1	2315.8708333854274	10.018700082426856	3.9359654491911606	
0AF:5FE	175	1534	1	639.9294390882438	2.5190383197245327	0.3065022766782425	
1CE:7FE	462	2046	1	1572.5186638193788	6.7872983916563	2.303983756163978	
0AF:7FA	175	2042	1	1719.471954012716	7.395107998599186	2.2182806114279594	
0AE:7FE	174	2046	1	1510.1044600101504	6.529212300036017	1.716980830587392	
0A7:7FE	167	2046	1	1572.0997443980386	6.797026815469892	1.7332603755051037	
0AF:6FE	175	1790	1	806.3321497512501	2.9539350121840684	0.4877673528248128	
0AF:7EE	175	2030	1	1475.8195750230288	6.250606674792989	1.6337690299061165	
02F:7FE	47	2046	1	2219.7298416934873	9.598725226972881	2.8299289510416976	
0AF:7BE	175	1982	1	1004.5999278197171	3.7975978214527317	0.7571795243815117	
8AF:7FE	2223	2046	1	1925.6165928200373	8.327287411466298	2.5453412802533415	
0AB:7FE	171	2046	1	1754.441668155117	7.586693263485435	2.2373552349571706	
0BF:5FE	191	1534	1	1265.4733313251509	4.9808878177658364	1.2404354063603042	
1AF:5FE	431	1534	1	1249.19966007745	4.912285532444418	1.278742331186374	
0AF:5FF	175	1535	1	1390.7290239275712	5.4836166047922	1.4465516820989766	
0AF:5FC	175	1532	1	1442.897436085328	5.664190803748809	1.557265486338266	
0AB:5FE	171	1534	1	1271.928012845172	5.006388898086509	1.172386193390561	
0AF:5DE	175	1502	1	1159.8460410354558	4.30970707788886	1.009649601172963	
0E7:0FE	231	254	1	1105.5906618071988	4.658591463761129	1.3945538838367946	
0E7:0FA	231	250	1	708.5480749719982	2.9008218802157586	0.5753722583587225	
0E7:0F6	231	246	1	851.6814897739971	3.476612208560874	0.8296734761651274	
0E7:0FC	231	252	1	780.122246609092	3.245690568203539	0.6968255841542723	
0F7:0FE	247	254	1	1149.5836852788493	4.841250416311328	1.5585919878643237	
067:0FE	103	254	1	2127.4304607609274	8.938173216555626	2.0893328113333522	
0A7:0FE	167	254	1	1253.815111105105	5.2826928417291	1.0817276923445616	
4E7:0FE	1255	254	1	564.6676909718605	2.3881411880909353	0.5647773202404681	
0AF:0FE	175	254	1	1239.7571497114623	5.223215484182315	1.1317708339148689	
8E7:0FE	2279	254	1	1978.936106681928	8.374415221149913	2.7533386063526035	
0E7:0EE	231	238	1	982.0934494317498	4.076808818795251	1.101033868448955	
0C7:0FE	199	254	1	1295.9912613868723	5.455444422979273	1.3245850866438025	
2E7:0FE	743	254	1	1118.6768191150782	4.727203264102947	1.4297921256690178	
1E7:0FE	487	254	1	1210.649785419595	5.110348607106102	1.5041845298428342	
0E5:0FE	229	254	1	970.2598255712315	4.091736570273809	1.0689133659880696	
0E7:0FF	231	255	1	1020.8028617585155	4.33517531478471	1.1897556082965652	
0EF:0FC	239	252	1	851.4529294873196	3.5411735960997017	0.8656949538846044	
067:0FC	103	252	1	2492.89766179235	10.30076212453113	2.8587836016096575	
067:0FA	103	250	1	2297.206804242519	9.351374228870382	2.436206114314116	
0E7:0FB	231	251	1	878.0045815617095	3.618406487490483	0.8818908821616036	
0A7:0EE	167	238	1	1191.1060087903466	4.941921061611213	0.9760138613658886	
CE7:0FE	3303	254	1	722.4943635658717	3.0564687777052355	0.7759789319774434	
8E7:0FC	2279	252	1	1523.4144056036753	6.352453385581873	1.6308248119922288	
067:0EE	103	238	1	2367.720653657075	9.773668464318925	2.574625853877949	
067:0FF	103	255	1	2748.0605142455975	11.579365270144091	3.456085990296449	
067:0FD	103	253	1	2206.8660998223663	9.202625186799272	2.2471797531767947	
067:0FB	103	251	1	1982.0254598425563	8.142180944821654	1.819540367212441	
02F:7FF	47	2047	1	1927.024568139864	8.342821237288339	2.1320578563106563	
027:0FE	39	254	1	3040.8562720723094	12.79669769249549	2.740225295857877	
027:0EE	39	238	1	3023.2226332614982	12.523242691544652	2.7049014671420264	
02F:0FE	47	254	1	2102.667734322542	8.87003016457223	2.513084488801579	
02F:0EE	47	238	1	1824.4785056451474	7.5817149439194145	1.8932082315920782	
027:0FC	39	252	1	1126.8030260437624	4.69220963138347	0.3818485175434032	
027:0EC	39	236	1	3014.307830708033	12.305976676392183	2.6959554468846325	
06F:0FE	111	254	1	1654.9910974600052	6.9698462256804925	1.654854824037438	
067:0EC	103	236	1	1916.4399374615655	7.816779678271746	1.69893394827617	
22F:0FE	559	254	1	1818.8267027865866	7.695330965371089	2.1657601698011173	
427:0EC	1063	236	1	978.6556179813269	4.017105684122529	1.3113876577718142	
02F:0EC	47	236	1	1975.6852395212118	8.086436823760428	2.220693743402359	
02F:7FD	47	2045	1	2139.4266329685242	9.246000014791322	2.6286462900841574	
02F:0FC	47	252	1	1581.4141423646756	6.582901735134237	1.4254263081200216	
02F:7FC	47	2044	1	1932.2038852869096	8.338219793818414	2.143606926842349	
02F:06E	47	110	1	826.0148280034515	2.6559797867465784	0.38842292999964	
00F:06E	15	110	1	669.980439707451	2.156676928913781	0.3138758972621939	
00F:02E	15	46	1	551.3455940614461	1.6048600251889564	0.21228025261944342	
027:02E	39	46	1	865.2361943729625	2.511070592019228	0.2191052272728924	
82F:02E	2095	46	1	720.0310333893523	2.0970398324945116	0.3378345754051723	
06F:02E	111	46	1	541.2383644545563	1.5750530565287617	0.17949157812259012	
02F:02F	47	47	1	886.5120321808357	2.758995318470152	0.4406138382507212	
02F:00E	47	14	1	1778.0228905499866	6.583613200695406	1.790193934254047	
02D:02E	45	46	1	783.6094867781386	2.2748474997889914	0.30913665319103256	
03F:02E	63	46	1	608.0629081293638	1.7680242150891543	0.1839228608321781	
10F:02E	271	46	1	1535.7116549394495	4.472351770014068	0.6169738684347724	
22F:00E	559	14	1	1670.9403261971315	6.212761636823444	1.8294125448143241	
04F:02E	79	46	1	983.0763745034715	2.8630302184243046	0.4231115763292085	
01F:02E	31	46	1	1020.3842549065852	2.9692920567118835	0.41940738024535074	
82F:00E	2095	14	1	1357.883651589465	5.047719035231461	1.200571961646617	
00F:00E	15	14	1	1107.4385849795258	4.095996952091867	0.8385254176377135	
00E:02E	14	46	1	496.90106554036015	1.446451889632494	0.18455344164953322	
03F:00E	63	14	1	1657.7428534262326	6.145898507328745	1.3695904180113665	
00D:02E	13	46	1	706.3217651463264	2.055651463376077	0.29512952336690246	
86F:02E	2159	46	1	677.7914521961332	1.973990488474057	0.30784164758750365	
007:02E	7	46	1	1048.6198896392266	3.051417102022817	0.3005461743727502	
42F:02F	1071	47	1	539.8921108117397	1.6874402880582495	0.40221527556446424	
0AF:00E	175	14	1	1186.954693175743	4.412347093441574	1.05743717266004	
007:00E	7	14	1	3209.2082491517313	11.735346489334471	2.638730664848661	
04F:00E	79	14	1	2038.3861014972945	7.553409597459317	1.793808770839643	
047:00E	71	14	1	3235.9569507358747	12.029535332015259	2.9620739710209296	
407:00E	1031	14	1	860.863593731992	3.2009592342387347	0.9863969990130153	
005:00E	5	14	1	4707.1542061688015	17.114315137507358	3.156940245262297	
087:00E	135	14	1	1600.8448252621376	5.950601629182415	1.3377772556850351	
8AF:00E	2223	14	1	1450.5875290380993	5.392933590270336	1.4452350007349006	
205:00E	517	14	1	1750.3797039885271	6.5079393195285755	1.8656979658447086	
004:00E	4	14	1	3888.962330992243	14.185961092269334	2.7042775172615308	
006:00E	6	14	1	2532.071849107264	9.300528829044856	1.9392129174907138	
00D:00E	13	14	1	1388.2509268490933	5.126415524037775	1.1105561245280668	
045:00E	69	14	1	2961.5586112877727	11.008498316530847	2.448241543141885	
085:00E	133	14	1	1747.485345031157	6.496148422616316	1.5845559091048853	
046:00E	70	14	1	2860.99598009078	10.634597421238714	2.339042284588411	
27D:7FF	637	2047	1	1761.0848242020681	7.598807893485984	2.2916716688886147	
06F:1FE	111	510	1	1.4737043257433575	0.004752353125004956	1.3367896796017229E-6	

