BMLVN	8	x2
metabolism	0.9970000
mutations	0.0010000
catastrofic	0.0010000
minWeight	0.1
start biomas	2.0	_
env.size	25000.0
feedSourceH	FF
C7
B5
23
11
feed port max	50000.0
timeQuant	0.01

key	suscepBits	activeBits	maxsize	popBiomas	currincome	currloss
FF:00	255	0	1	8412.987172037716	209.3969268798828	227.81001374361117	
C7:00	199	0	1	9946.457559640614	381.9929504394531	221.60754212160379	
B5:00	181	0	1	9260.986649245946	499.9827575683594	194.5719891809813	
23:00	35	0	1	13365.718123107186	198.16380310058594	203.1717765867061	
11:00	17	0	1	15782.670638830548	171.40284729003906	218.4058656970851	
67:FF	103	255	1	539.2656092778159	2.0352974147505947	0.41930015272044824	
17:FF	23	255	1	659.4726537683733	2.490174099084733	0.5011211461198866	
4F:FF	79	255	1	983.1995949378766	3.7080520916368287	0.7940475692141828	
0F:FF	15	255	1	1288.5497046542607	4.86587612343295	1.0594169934536817	
07:FF	7	255	1	1318.9765585056955	4.980730846397735	1.0726159253538765	
0D:FF	13	255	1	1847.5062765537684	6.9766659525696815	1.528091730968463	
17:FD	23	253	1	656.2660357981	2.4364602733625325	0.49631904195543575	
0E:FF	14	255	1	1417.5423433764795	5.3524824684872545	1.0322558658886904	
0F:FE	15	254	1	1217.5255509996778	4.547099221266918	0.945839534073627	
0F:F7	15	247	1	1346.6483328508818	5.1353132846544325	1.157105347041748	
13:FF	19	255	1	769.2831597504744	2.904875529856425	0.5994685609743565	
17:F7	23	247	1	667.2781030421576	2.544371377680272	0.513024947650632	
0F:FB	15	251	1	1041.3379192926302	3.854596661308302	0.6917922557736337	
2F:3F	47	63	1	727.6004410864132	2.9244754868723857	0.7209629817040623	
0F:FD	15	253	1	1184.7493963903285	4.398511759704069	0.8956025378560507	
07:FD	7	253	1	586.255943115545	2.1756833340840953	0.2117426900763327	
07:FE	7	254	1	1190.982545529503	4.447780123144668	0.8744771695025118	
03:FF	3	255	1	1574.8324024473236	5.946873476377969	1.2747143444108864	
6F:3F	111	63	1	660.3734954865587	2.6570302919121014	0.6684530636856295	
05:FF	5	255	1	2768.94919967464	10.456119976299892	2.2490295327989833	
47:FF	71	255	1	1028.3170469285876	3.8782855649896875	0.8288807518837822	
06:FF	6	255	1	1910.1781324879885	7.213206937724402	1.546885314483487	
07:F7	7	247	1	1237.3766633442308	4.718162863826404	0.943839449232528	
1F:1F	31	31	1	687.4877688622175	2.8128267049589377	0.6486427404531085	
0D:FE	13	254	1	1653.4153008143435	6.174793225620222	1.2237766652337123	
0F:3F	15	63	1	1600.0690932311904	6.425882232695965	1.6178140609714762	
6F:1F	111	31	1	620.278525767056	2.5425355878956797	0.5908705918616749	
0C:FF	12	255	1	2190.887116699394	8.273298857027893	1.7954168667884494	
07:FB	7	251	1	1121.847780799819	4.152723315291006	0.775884475289605	
0F:1F	15	31	1	1441.8805711172895	5.886910449388755	1.3027550173210956	
1E:1F	30	31	1	117.7963127447479	0.48244089339696244	0.018233193761856364	
01:FF	1	255	1	3695.358388347573	13.95437230968262	2.9858763125601446	
0B:FF	11	255	1	1710.0459671976735	6.457570375819585	1.4118535572059419	
03:F7	3	247	1	1636.071260283325	6.238885581403608	1.3757632150208972	
03:FE	3	254	1	1461.2359794440185	5.45714540238739	1.0974134762863348	
4F:3F	79	63	1	1138.5315394986928	4.5830838983060715	1.070822641327111	
2F:1F	47	31	1	689.5151829217556	2.825506535551051	0.6506180284004988	
03:EF	3	239	1	1424.771615346521	5.28439425252402	1.0433406027338452	
02:FF	2	255	1	2654.210000104251	10.022744918765506	2.1302323316144727	
43:FF	67	255	1	1075.3438809811882	4.055513992572782	0.8743990830631942	
03:FD	3	253	1	1458.4783703018986	5.414726476502649	1.0933204831604106	
03:BF	3	191	1	974.3162843898896	3.316134548744217	0.4879774422378853	
45:FF	69	255	1	1051.5231069648773	3.965748645291897	0.8533497401161854	
05:F7	5	247	1	2913.4762900661012	11.110209243548882	2.4899618610876826	
3F:07	63	7	1	491.88231395244514	1.9892107784319555	0.5096718126632036	
0E:1F	14	31	1	1828.142486499167	7.449366457005911	1.6723475345332997	
05:FE	5	254	1	2647.797671720651	9.888742716416658	2.056553256928313	
0B:3F	11	63	1	2080.597535621489	8.3506808125812	2.064563092534581	
16:1F	22	31	1	912.5124778156548	3.7317774700909303	0.8587880040692729	
1D:1F	29	31	1	731.0880387487041	2.9908053961038736	0.6672987251276951	
4F:1F	79	31	1	1120.62803897125	4.593355868924684	1.0372264019314656	
07:3F	7	63	1	1605.535849831456	6.455938909744549	1.581726738952489	
23:FF	35	255	1	737.4113959797629	2.7837938382651988	0.6134773299167202	
2D:3F	45	63	1	821.9096653170619	3.302478246652206	0.8366526730977661	
0E:3F	14	63	1	1979.1862269968244	7.940123757395579	1.9848712138962417	
03:FB	3	251	1	1414.5584887282475	5.236429983274427	1.0284402220905484	
02:EF	2	239	1	2385.761671713513	8.848553899073819	1.7210695784530785	
03:3F	3	63	1	1936.3999614346005	7.795274801917154	1.926987731219476	
07:1F	7	31	1	1498.569298431631	6.130338889022923	1.3718575535448592	
01:FE	1	254	1	3509.841768010642	13.108102047178141	2.693609229732656	
09:FF	9	255	1	2615.738067829529	9.877716693087132	2.165356039679026	
3E:03	62	3	1	510.6163112499445	2.1040734411018107	0.5313575318393698	
02:FD	2	253	1	2424.7234137259643	9.001846870912676	1.7777710150698796	
01:EF	1	239	1	3320.1638997229347	12.314215166907143	2.4102655151081755	
2F:03	47	3	1	833.9651544859515	3.4368330406157583	0.9532952403212522	
87:3F	135	63	1	604.0024621722148	2.4313849368683202	0.5712533364619964	
01:F7	1	247	1	3781.315435654335	14.419214512114522	3.126285114947557	
3B:03	59	3	1	576.1182327785501	2.3742062035528138	0.6536058351971854	
27:3F	39	63	1	837.5888763167405	3.366101444232707	0.847470063994502	
01:FB	1	251	1	3325.122887189296	12.308980785518186	2.4175104777542953	
07:3E	7	62	1	1176.6484265972647	4.420361547592395	0.8535011833885333	
02:FE	2	254	1	2499.2771860987978	9.333867508291295	1.8887768149744846	
0B:F7	11	247	1	1443.124074906806	5.502322128581575	1.0051654599455238	
11:FF	17	255	1	945.8577664882419	3.571779017121192	0.7752032508653343	
41:FF	65	255	1	1084.4310389719456	4.089830033050182	0.8750490867189089	
05:FC	5	252	1	2420.7615852606114	8.88918380511732	1.7189805666779627	
01:BF	1	191	1	1960.388828159912	6.671802075556125	0.8403060568180776	
0A:3F	10	63	1	2696.608740648541	10.806108145093106	2.707955866887047	
47:3F	71	63	1	1260.4758736513984	5.07423141564477	1.2525074704041923	
02:3F	2	63	1	3304.2538430198374	13.301831934004678	3.301088319818726	
03:1F	3	31	1	1779.688598891744	7.294705420620908	1.6272079337449055	
06:1F	6	31	1	2182.048288859848	8.911858404375668	1.9855512354561797	
83:3F	131	63	1	654.822743998956	2.636120062020537	0.6593097426886131	
2B:03	43	3	1	945.8843028925714	3.898085080171996	1.0872770089152461	
01:F6	1	246	1	3682.3101809875807	13.886741508382359	2.964840112677725	
06:3F	6	63	1	2356.723096261347	9.487386501768354	2.354372272897479	
01:E7	1	231	1	3547.4996410378894	13.31989561708571	2.751654805748342	
02:1F	2	31	1	3033.9668874471954	12.435857907463689	2.7822565865344564	
42:3F	66	63	1	1336.3427176632454	5.379739933227348	1.3516763180378792	
02:3D	2	61	1	2385.8884060040746	9.02950850878837	1.720991790764062	
09:F7	9	247	1	2741.3657857493845	10.454020287203585	2.3783569589350346	
06:17	6	23	1	1908.446197298332	7.727128258584858	1.5141979361307825	
43:3F	67	63	1	1084.1726241054764	4.3637604492065005	0.8936970193953921	
12:3F	18	63	1	1114.7957418880683	4.481539436113094	1.125920356562967	
5F:03	95	3	1	846.6996772307593	3.489252943142419	0.9532267483009714	
06:37	6	55	1	2086.387599666422	8.242961695061213	1.8291950609196468	
02:17	2	23	1	2234.9571707394084	9.08188623401161	1.5091573725169751	
01:F3	1	243	1	3539.3338531244835	13.23635697762896	2.739073801299346	
02:07	2	7	1	3463.3674275029143	13.817851584747803	3.436961114300927	
02:37	2	55	1	3008.865885441241	11.91067393725547	2.7371380794935143	
03:17	3	23	1	1616.0387278982532	6.559084664931146	1.3327749766207488	
01:FA	1	250	1	3134.4652293440377	11.472712181288905	2.148225305352031	
03:37	3	55	1	1774.37134527059	7.023910207588935	1.6179451560354987	
03:07	3	7	1	1922.7813429618056	7.727591964004285	1.8511420856468874	
01:F2	1	242	1	3322.972087389185	12.286454660324711	2.4144029573151276	
0A:37	10	55	1	2476.310729944102	9.802827630490137	2.3254988935396286	
0E:37	14	55	1	1833.891039985924	7.259740074886228	1.7277838665042533	
02:03	2	3	1	3670.3476264461533	14.597867291922144	3.545813712247306	
03:03	3	3	1	2170.5128506965398	8.780990100692463	2.2576151774704285	
82:03	130	3	1	737.4103720488264	3.038887061816964	0.8340387346989792	
0B:37	11	55	1	1908.7210075448895	7.55580981362131	1.7586677949796552	
0B:1F	11	31	1	1943.3251584693821	7.923968988819899	1.7809140299693678	
02:13	2	19	1	2475.9654957418984	10.123067514530707	1.826790387385499	
03:13	3	19	1	1522.0744415089985	6.230060286370472	1.1810028539403337	
05:F3	5	243	1	2357.3852072291506	8.815395406129129	1.6298709771854036	
22:03	34	3	1	1044.9414348274167	4.306332998156998	1.2068522630718022	
0D:F7	13	247	1	1931.8239097186681	7.366864976987519	1.6707565138950637	
01:FC	1	252	1	3223.636906894596	11.8373290947013	2.27222742100202	
05:FB	5	251	1	2427.7312176410355	8.986871505092921	1.7287973298611397	
03:F6	3	246	1	1521.4538031342195	5.73757949379539	1.1897132003465525	
06:07	6	7	1	2488.8441885347665	9.854895367166751	2.4145033222551233	
06:03	6	3	1	2652.6062640344117	10.86502175984831	2.916473427986042	
05:F6	5	246	1	2756.739385863115	10.396261768252677	2.2292451385220486	
23:01	35	1	1	686.9167189508834	2.5507654511500504	0.5331079859538072	
03:FC	3	252	1	1357.21923469692	4.983729381474652	0.9467548332760002	
03:E7	3	231	1	1434.9219021560125	5.387536068406639	1.0581737002953577	
0A:1F	10	31	1	2458.0930410205565	9.998950085613876	2.2141116031077908	
03:F3	3	243	1	1463.207751520686	5.471967027998168	1.1003681442762745	
06:13	6	19	1	1811.0455226753747	7.4233409746576156	1.389478263496812	
01:FD	1	253	1	3017.3821739535892	11.20128683553692	1.990425839761802	
05:FA	5	250	1	2366.20103720009	8.660801017383362	1.642353324508914	
05:F2	5	242	1	2459.969463376328	9.095518092917287	1.7750652218475564	
03:F2	3	242	1	1406.3957560170043	5.200029654671982	1.0166056157628491	
09:FE	9	254	1	2476.322556936572	9.248398175189129	1.9406757774170869	
09:F6	9	246	1	2588.70965462295	9.762688376943819	2.1208229343314646	
0D:F6	13	246	1	1844.1367687921888	6.954756952130098	1.522533493262744	
1A:3F	26	63	1	881.8585667496097	3.5456198668810037	0.8958810040866385	
11:FE	17	254	1	897.7196791156117	3.35272189071041	0.6983051496183365	
09:FD	9	253	1	2413.3325466380675	8.959830916775346	1.84320981632035	
01:F5	1	245	1	3580.0069788722785	13.425947927189092	2.8023801559484585	
42:37	66	55	1	1226.7197736928663	4.856093001646601	1.1389743316694276	
0D:FD	13	253	1	1693.1971125737412	6.28619254293485	1.2834764017175104	
09:F5	9	245	1	2541.857774161745	9.532826762001891	2.0447749503786046	
02:33	2	51	1	3142.6871166277992	12.580904136727266	2.98599888228869	
05:FD	5	253	1	2555.806638800337	9.488652878007848	1.916117439709285	
06:33	6	51	1	2276.5137304920295	9.113546220942611	2.1967895392892087	
83:37	131	55	1	555.538551241877	2.1989919286340935	0.4744562755426373	
0A:17	10	23	1	2214.1534306037306	8.998819851557746	1.858415846295587	
02:3B	2	59	1	3253.1519072056044	13.161589475908936	3.199543789516206	
0E:17	14	23	1	1643.4833684214766	6.6715829223879854	1.379126619113432	
03:33	3	51	1	1857.6355067937084	7.436578241453544	1.7733485189331546	
02:1B	2	27	1	2457.767545503644	9.707534505027326	1.8257249407087577	
05:F5	5	245	1	2652.590651545725	9.947851346593932	2.0639470297332703	
0B:17	11	23	1	1220.6075342221088	4.959586245370781	0.7185732546199273	
01:F4	1	244	1	3371.3819988622113	12.500119209891789	2.4852641584357427	
07:F6	7	246	1	1044.6160023978568	3.9388266051783396	0.6725757311772044	
06:3B	6	59	1	2389.8159579199346	9.668992272135677	2.4209260287486356	
02:1D	2	29	1	2177.8777080022523	8.385936859412974	1.4336180069828282	
05:F4	5	244	1	2537.524273312628	9.408480828853573	1.8888005344474046	
0A:3B	10	59	1	2669.2379190498764	10.747931278107082	2.6503229706674376	
0A:33	10	51	1	2559.4035410680754	10.24609356123898	2.484116380289803	
06:01	6	1	1	1807.5980214895108	6.712187576681437	1.3852589314110817	
07:3B	7	59	1	1609.253476443644	6.510766569020197	1.5963940626477506	
45:F7	69	247	1	1098.7349226310728	4.183963822105262	0.9312644858859755	
03:3B	3	59	1	1961.2214918871136	7.934894883456313	1.976676466872904	
0B:07	11	7	1	1908.243773608993	7.704029696955921	1.7444961630690146	
01:E3	1	227	1	3215.5208579182618	11.839908008416275	2.2607467622257404	
0A:07	10	7	1	2815.7681297563245	11.388754333154232	3.0070236184668353	
03:FA	3	250	1	1347.5779812946234	4.9324159417923825	0.9333645258596627	
07:33	7	51	1	1428.7343706126758	5.719158343780445	1.2581564637965346	
0A:13	10	19	1	2121.1821305528943	8.694886235692884	1.7053848469696138	
0A:1B	10	27	1	2012.7192643889202	7.9015790582821275	1.4874809716124118	
0A:03	10	3	1	3011.62542564679	12.35284611348471	3.3816009423442805	
0D:F5	13	245	1	1794.2939727574599	6.729201838801636	1.4413405591627917	
01:EB	1	235	1	3009.2749854683966	10.944496257767156	1.9800360085349304	
0E:3B	14	59	1	1994.1448445764324	8.052872423804452	2.027560209011747	
0E:33	14	51	1	1893.480462564199	7.580211198795426	1.8418394993359166	
23:03	35	3	1	1014.3554562545354	4.1802469240919145	1.1623969417591766	
09:FC	9	252	1	2295.485023955433	8.429298133015207	1.6676010677450168	
06:1B	6	27	1	1771.2072269301436	6.995855784517245	1.3293730653544553	
02:01	2	1	1	2507.3930059955915	9.31067394596128	1.9011540529216886	
09:F4	9	244	1	2403.744935568349	8.912607254140022	1.8286002212094488	
04:FF	4	255	1	3569.5668820902342	13.479143662756165	2.826784080077778	
02:0F	2	15	1	3214.432536132159	12.614245607094805	3.053521441781468	
06:0F	6	15	1	2326.7228494033525	9.101446818261534	2.2144928976126703	
0B:03	11	3	1	2351.7818812200785	9.635031742606799	2.613399139938187	
0B:3B	11	59	1	2118.1555077259604	8.541610678336927	2.1374932368826145	
01:F1	1	241	1	1.4537537337439221	0.005338036330974906	4.6145485194342753E-7	
03:BB	3	187	1	7.081437253114473	0.023596080584960172	2.5755666882162072E-5	
22:3F	34	63	1	5.077531554774531	0.020420234401449175	2.843451853794395E-5	
0B:BF	11	191	1	2.7141761366596406	0.009233236739012933	3.553524243211814E-6	
41:F2	65	242	1	3.5308153368045567	0.01304552439249081	9.317767529501199E-6	
06:31	6	49	1	2.7610073296855493	0.010775340368300333	3.2257663464334236E-6	
0F:3B	15	59	1	2.8953055886602783	0.011702362699022521	5.337100788551576E-6	
0C:3F	12	63	1	3.5237976553263617	0.014171545605341743	4.634581010132748E-6	
21:FD	33	253	1	1.8820907368692235	0.0069822195512443345	3.810396024744201E-6	
03:05	3	5	1	4.041947284417425	0.01243231686080161	8.395229175264839E-6	
04:FB	4	251	1	1.8658671736618395	0.006902089822255283	7.712625114127024E-7	
05:EB	5	235	1	5.730276899524922	0.02082693837327516	9.619117710426884E-6	
04:37	4	55	1	2.032694047153481	0.008039184679521107	9.148764790236968E-7	
26:17	38	23	1	2.463528563203615	0.010003994248536511	7.1615325871582415E-6	
04:FE	4	254	1	1.0360359361536564	0.0038662953301833265	2.3777262090937742E-7	
03:D7	3	215	1	1.3361249705961638	0.004317660077861787	9.17083751328684E-7	
08:03	8	3	1	3.0205239025486694	0.012433646009495947	2.4933119195513914E-6	
02:AF	2	175	1	1.5015936957624652	0.004994683402255838	6.813265392492705E-7	
06:FD	6	253	1	3.002701367200617	0.011139475942456662	3.816715735030282E-6	
01:F9	1	249	1	1.9622307936958407	0.007133192181839746	8.407747432578892E-7	
0F:F5	15	245	1	1.2885531901931713	0.004828641731473474	1.0577444024257253E-6	
09:3F	9	63	1	1.9462966415130634	0.007827354248877103	1.19624649959709E-6	
0D:76	13	118	1	1.6817869829985912	0.0042829592623560685	1.267271610090485E-6	
21:E7	33	231	1	2.6065382451545966	0.009779306332297118	7.307697182890157E-6	
0D:F2	13	242	1	1.7842874779743019	0.006592506599573584	1.4231808846636578E-6	
15:F7	21	247	1	1.3521674282560474	0.005151953060247262	1.7793992352955465E-6	
0D:F3	13	243	1	1.6990733071282758	0.006349279218915699	1.2903811480873939E-6	
02:BF	2	191	1	1.171389504275186	0.003984894774805147	4.1455992460777453E-7	
01:F0	1	240	1	1.5144393270621084	0.00549502074655612	5.008285633511553E-7	
03:43	3	67	1	1.091364648657182	0.0011674948808562135	6.145122321041258E-7	
09:FB	9	251	1	1.531358300460379	0.005664697590783146	7.410416536133206E-7	
49:FF	73	255	1	1.5990158650894313	0.006033333400754359	1.96176079754709E-6	
08:FC	8	252	1	1.5906512712718868	0.005836838467796291	6.920702956839629E-7	
11:BF	17	191	1	1.5134602276880649	0.005148573964070731	1.9829890613641597E-6	
02:39	2	57	1	1.3708991408371267	0.005191681394045282	5.673629020928325E-7	
02:7F	2	127	1	1.7927653264402714	0.004815219298007603	9.724193379083047E-7	
09:D7	9	215	1	2.8207331652301018	0.009115142479130266	2.5166321133942944E-6	
0A:11	10	17	1	1.4766859325351915	0.006095439439503226	8.251244779814464E-7	
2F:3B	47	59	1	1.025488774817535	0.004144860004134179	1.4383569646037676E-6	
03:2F	3	47	1	1.1975560493410926	0.004485413895117852	7.359694884663111E-7	
0A:93	10	147	1	1.8658946173940076	0.005754830273372628	1.3201537594853824E-6	
21:FB	33	251	1	1.0901938578624972	0.00403277453440912	1.2785145320990964E-6	
02:81	2	129	1	1.7045934023233227	0.004304811289948508	8.794023735849354E-7	
07:EB	7	235	1	1.5987686583456997	0.005810789575641651	1.5738332771808038E-6	
02:27	2	39	1	1.7299981911058038	0.006063569409026086	9.040376330292638E-7	
0B:16	11	22	1	1.1123319953664397	0.0040158988958703245	5.965821240916977E-7	
82:1D	130	29	1	1.3678803031035704	0.005263591441774687	2.8649707472624667E-6	
05:3F	5	63	1	1.2658990129287053	0.005091021284273748	4.6907737136051676E-7	
0A:3A	10	58	1	1.7604136325395658	0.0066402257978043795	1.1734822518688374E-6	
27:03	39	3	1	1.7850395360473519	0.007347923767717105	3.866948817256696E-6	
26:3F	38	63	1	1.053536880864525	0.0042369756846391314	1.309842679345198E-6	
07:2B	7	43	1	1.4873499450984111	0.005227825595665276	1.3624411390947297E-6	
42:3E	66	62	1	1.1591863266817108	0.004351617744405164	1.0155503362892502E-6	
4F:03	79	3	1	1.7216276138727586	0.007086890114173745	2.4434903061400825E-6	
82:07	130	7	1	1.070328831051319	0.004324492153745873	1.7534396528018747E-6	
21:F4	33	244	1	1.8438337740556139	0.006831400482066999	3.6570993592293113E-6	
42:FD	66	253	1	1.5221808955441056	0.005647013576383185	1.7513088003068947E-6	
09:EE	9	238	1	2.020007687308307	0.007400423170276773	1.2895140613469118E-6	
1A:13	26	19	1	1.7420559374697755	0.007135114255099713	3.506009410513728E-6	
0B:83	11	131	1	1.426517132435797	0.0036179551031017615	9.833056336044088E-7	
2D:F6	45	246	1	1.9130461631689342	0.007208717019271387	4.559979303132858E-6	
42:FF	66	255	1	1.456645491130506	0.005496147342433853	1.6035511013621804E-6	
29:FD	41	253	1	1.8776269671652819	0.006965660813130783	4.085592675463065E-6	
2A:3B	42	59	1	1.749518783311381	0.007071276715905573	3.544403841298952E-6	
11:DF	17	223	1	1.1491911803673	0.003670232976879902	1.1437823649248299E-6	
02:2D	2	45	1	1.4991390162894362	0.0049345738811649425	6.791478849178686E-7	
01:7D	1	125	1	1.9563493693366194	0.004943768992865353	8.375967026330699E-7	
0D:D5	13	213	1	1.6194307912760983	0.005193752900009339	1.1734886318392034E-6	
15:FF	21	255	1	1.6089286916592793	0.006070738094983907	2.5195235530394035E-6	
0A:FF	10	255	1	1.719514638166127	0.006487990146314989	1.1196011849451118E-6	
03:BE	3	190	1	1.6235399661150969	0.005446718289943933	1.3537352971743027E-6	
03:EA	3	234	1	1.8677662490871607	0.006708260951046488	1.7908004811270425E-6	
43:EF	67	239	1	2.0163540116117806	0.007473093976214131	3.0880465090125034E-6	
12:EF	18	239	1	1.2223945178378697	0.004530486849300494	1.3594775100720766E-6	
07:13	7	19	1	2.0107593825123966	0.008235663758699824	2.487178262970399E-6	
05:DB	5	219	1	2.3406854767681544	0.007285598081077441	1.6066556553715177E-6	
02:0E	2	14	1	1.6727467956213624	0.005976471446093721	8.450669549899575E-7	
0B:F3	11	243	1	2.0144945378599766	0.0075279806650323505	1.956248114783958E-6	
21:FC	33	252	1	2.013699574878209	0.007389211963106823	4.362279982810566E-6	
8D:F5	141	245	1	1.8141561577949075	0.006798266353294448	5.1718926538705465E-6	
09:BC	9	188	1	1.6683439002887412	0.005479737319097729	8.802792546390605E-7	
02:21	2	33	1	2.002649985329423	0.0064142533495389585	1.2121820693241613E-6	
11:FA	17	250	1	2.0114892449450634	0.007357401528275814	3.5009972378583307E-6	
08:07	8	7	1	2.018649323739898	0.008156020329755652	1.1137807596471455E-6	
4A:3F	74	63	1	2.015304505405121	0.008104888478669543	3.1491217898250967E-6	
04:17	4	23	1	2.0141725159781076	0.00817921134266615	8.98066988335618E-7	
12:2F	18	47	1	2.0067063277682364	0.007516073521963944	3.6633920164468177E-6	
08:FF	8	255	1	2.0065386086079444	0.007570974449994982	1.101045509014879E-6	
08:FE	8	254	1	2.006209521917422	0.007486806879588949	1.1007754439685969E-6	
4D:FD	77	253	1	2.0060310646154424	0.007442012961008516	3.25451491422009E-6	
13:F2	19	242	1	2.0043481956446785	0.007405586304524118	4.0638309961812025E-6	
42:35	66	53	1	2.003943689040231	0.00743811567119803	3.0353116972354116E-6	
89:FC	137	252	1	1.8287962016070758	0.006710718764270652	5.159963470697119E-6	
09:D4	9	212	1	2.00136508925998	0.006378195810542371	1.267029856308328E-6	
82:EF	130	239	1	2.00288760907851	0.007423195577938691	6.1440718428663964E-6	
43:1F	67	31	1	2.0021714983520384	0.008199171297217485	3.0424249308117107E-6	
4D:F7	77	247	1	2.0016002369847725	0.007626388062402622	3.239510364196602E-6	
03:E3	3	227	1	2.0013398193601	0.007364003054724474	2.05573654003795E-6	
0E:1B	14	27	1	2.0018752424220794	0.00790103644592966	2.054951971119396E-6	

