BMLVN	8	x2
metabolism	0.9970000
mutations	0.0010000
catastrofic	0.0010000
minWeight	0.1
start biomas	2.0	_
env.size	25000.0
feedSourceH	FF
C7
B5
23
11
feed port max	50000.0
timeQuant	0.01

key	suscepBits	activeBits	maxsize	popBiomas	currincome	currloss
FF:00	255	0	1	6944.274226743016	120.53472137451172	169.3275934590987	
C7:00	199	0	1	10279.734806020362	399.33929443359375	255.46042866790555	
B5:00	181	0	1	9641.298990875794	470.76507568359375	232.25007918993055	
23:00	35	0	1	12999.494484139776	247.7997589111328	193.14300594999506	
11:00	17	0	1	16045.71706114501	319.8614196777344	208.53642339617994	
FF:FF	255	255	1	252.4019547560553	0.9664240167564645	0.2190372697225888	
BF:FF	191	255	1	293.9381018492098	1.1254142636130322	0.24376612098579054	
FD:FF	253	255	1	12.542589692373443	0.04799764718905644	5.339504718799539E-4	
FB:FF	251	255	1	262.6986519340618	1.0058363234345549	0.22925098763494894	
7F:FF	127	255	1	367.6438411610889	1.4075700812540999	0.29715800242284274	
FF:FE	255	254	1	74.79095380274153	0.2830469503018892	0.019226411624953962	
EF:F7	239	247	1	263.7266053980303	1.0166983345544138	0.21527403026522426	
E7:FF	231	255	1	286.55221257076045	1.0971259493778835	0.24670302005654057	
3F:FF	63	255	1	414.28078353710123	1.58645726690585	0.378743753798573	
DF:FF	223	255	1	304.65149588964226	1.1663673722903023	0.2563582430638269	
BB:FF	187	255	1	293.46626140140285	1.1235797054988597	0.23411715545541556	
77:FF	119	255	1	438.3083674255822	1.6781046699187199	0.3917269911037271	
BD:FF	189	255	1	298.72150613876767	1.1437195031983938	0.24709789184465217	
BE:FF	190	255	1	278.7247943037216	1.0671441877232024	0.21736979454906774	
EF:FD	239	253	1	258.7389760640702	0.9739654590856109	0.20723762929406872	
F6:FF	246	255	1	267.1500546606755	1.0228801332125304	0.2341692187745313	
EF:FE	239	254	1	254.10926677395133	0.9619645662263708	0.19987670151967837	
BF:F7	191	247	1	315.87783324149143	1.2177985266929623	0.2815273557533918	
CF:FF	207	255	1	355.36454983923915	1.3604736215734377	0.31759464919458175	
BF:FB	191	251	1	169.94983163265366	0.6348773100369055	0.08149237673999071	
DF:F7	223	247	1	188.2686718541087	0.725683944659817	0.09789663024966881	
B7:FF	183	255	1	234.93518631763484	0.899418698867115	0.14699783211031703	
FB:FD	251	253	1	103.62480193960226	0.38998046461749775	0.03566563639890314	
FE:F7	254	247	1	260.6420788910788	1.004871217023956	0.23233659626978465	
7F:FB	127	251	1	358.4751812762003	1.3393305695450883	0.2825887769092168	
F3:FF	243	255	1	243.6400426741033	0.9328282688412928	0.19178276927407964	
FD:FD	253	253	1	233.18812064195953	0.8778060837762327	0.18466867849107385	
6F:FF	111	255	1	549.2789019912316	2.1026317910552867	0.4990430340518203	
7F:FE	127	254	1	359.19215287712336	1.3597555988476768	0.28367939301030365	
7B:FF	123	255	1	408.3843965997632	1.5635262575680917	0.34618842483647455	
9F:FF	159	255	1	398.19961602005543	1.5243691743613608	0.32520729012589955	
7F:F7	127	247	1	395.3673489311709	1.5242214959503124	0.3436995417613093	
DD:FF	221	255	1	323.1628019670104	1.2372343842974602	0.2834960534408567	
7E:FF	126	255	1	406.7401848506786	1.5572753475225283	0.35856690159002647	
7D:FF	125	255	1	395.308506264809	1.5134806101170808	0.3330133127123355	
E5:FF	229	255	1	79.93404168983741	0.3059398817554099	0.01848112699901924	
EC:FF	236	255	1	232.0455024138975	0.8883836754459995	0.16238008097877027	
5F:FF	95	255	1	621.2394892543949	2.3779227540193513	0.5513380245639379	
BC:FF	188	255	1	305.17211929484483	1.1684110262365206	0.25406854017309627	
3D:FF	61	255	1	410.8044539999323	1.5730710093921954	0.35269143335539993	
A7:FF	167	255	1	271.78701912528885	1.0404639370297282	0.17025496185266187	
C7:FF	199	255	1	345.3601877815879	1.3221702226677907	0.2942867143415523	
3E:FF	62	255	1	388.5127504513099	1.4876964979391611	0.32389162508851227	
9B:FF	155	255	1	429.76274515382755	1.645169563875902	0.3676956832074726	
9F:FB	159	251	1	302.65278704054214	1.1306073657487452	0.18792396879360335	
3F:F7	63	247	1	399.01984019868576	1.5385718322487236	0.35137492985229885	
BD:F7	189	247	1	312.3769439466183	1.204281865471426	0.2702149248233839	
67:FF	103	255	1	576.198090797087	2.2055936123264597	0.5080144188594162	
77:FB	119	251	1	336.68528924396526	1.2578500662273633	0.23118621536716744	
AF:F7	175	247	1	372.9405312232506	1.4376850688845675	0.33397237763774096	
6F:EF	111	239	1	202.9773496111523	0.7591410406438925	0.06817648341358452	
37:FF	55	255	1	431.0372768644094	1.6505733650537624	0.37632274472534333	
3F:FB	63	251	1	351.86779206475677	1.3148179833634812	0.2732463262632687	
BB:FE	187	254	1	22.565403896372207	0.08538415365821256	0.001383916621385965	
73:FF	115	255	1	467.5185105489265	1.789880401048536	0.4200472859775388	
BE:FD	190	253	1	278.7022775019079	1.0491134612687416	0.21736609745672453	
FF:3F	255	63	1	298.626492859522	1.2343831378612455	0.3067779295014555	
B7:FB	183	251	1	295.21319852133104	1.1029708122967257	0.23217132170584218	
76:FF	118	255	1	436.9981649618003	1.6730710660933124	0.3836503833486846	
3F:EF	63	239	1	300.8680292700168	1.1256509644831045	0.19977930384532502	
2F:FF	47	255	1	604.9614450757238	2.3163581146283954	0.5386803134816072	
B5:FF	181	255	1	245.8547647684312	0.9412242844585264	0.15758135592022685	
3B:FF	59	255	1	425.2068270203526	1.6282075929999547	0.3640798639303021	
7B:FB	123	251	1	329.3560078895922	1.2304488740404647	0.2251970340847266	
F6:FD	246	253	1	175.69628243396198	0.6613132482368521	0.10128148638725089	
BF:FD	191	253	1	282.46662857244644	1.0632932516468523	0.2251395410374086	
DD:FB	221	251	1	125.83098353402433	0.4700143429201156	0.04298714649064315	
F1:FF	241	255	1	170.17242958924803	0.6514629601708449	0.09253708547354297	
75:FF	117	255	1	408.51361747551385	1.5639816647583287	0.3293592508102547	
7F:F3	127	243	1	330.30921011092323	1.2460392875356887	0.23992929267716506	
FD:3F	253	63	1	339.61509381399725	1.4039618624917882	0.3919789984113879	
6F:F7	111	247	1	471.20625695534767	1.8163183643307297	0.36734802728135874	
CF:FD	207	253	1	319.5772983499823	1.2028805701055163	0.2568876473192387	
EF:3F	239	63	1	316.1973930813345	1.3069878581519894	0.3096927707859821	
B6:FF	182	255	1	319.60663826089865	1.2236653978645542	0.2688735958341569	
7E:FB	126	251	1	287.2609758878072	1.0731853655572465	0.17887760881380987	
5F:FE	95	254	1	585.8360384448871	2.2172609697148826	0.49037441350949623	
8F:FF	143	255	1	462.5051762100339	1.77037839122942	0.3759248117105141	
6F:FB	111	251	1	457.0180084236409	1.7072695347577267	0.345606743901513	
17:FF	23	255	1	773.1214963883803	2.961091082787414	0.6956609607671767	
FA:F7	250	247	1	240.70306747125184	0.927951410181512	0.19159557484312498	
7D:EF	125	239	1	122.56457131855905	0.45838653927818257	0.03201577605229085	
7F:FD	127	253	1	348.57000967971607	1.312086617895081	0.2671624768387569	
DB:FF	219	255	1	148.64905667488418	0.5690047320424939	0.05954512740814623	
EF:FC	239	252	1	128.24786413440904	0.4772735588482257	0.050910193917361415	
DF:FE	223	254	1	173.79453337850202	0.6578156338469442	0.08343083052929244	
5D:FF	93	255	1	645.4311886517083	2.4703766336564543	0.5567855930630294	
DB:FE	219	254	1	246.52240789444366	0.9331626861377088	0.16378986898476758	
DF:FD	223	253	1	287.5189673276166	1.082251167516682	0.22836664559048195	
1F:FF	31	255	1	634.5948306504372	2.430023272388925	0.568661623007144	
4F:FF	79	255	1	706.4684760722077	2.7033277479085895	0.4419625212276995	
6F:FD	111	253	1	498.7864633205466	1.8772738364892114	0.41160718281463404	
AD:F7	173	247	1	302.9629288523424	1.167863836468671	0.21694716579171233	
DF:E7	223	231	1	286.36181225613115	1.0825741322231173	0.2265611016579008	
0F:FF	15	255	1	1571.9474081838366	6.020694284995175	1.430969324294076	
3D:FB	61	251	1	317.9919701877968	1.1881316873283758	0.2113350628661017	
BE:FE	190	254	1	223.9836683553959	0.8478662087444989	0.14037343366254326	
7F:3F	127	63	1	568.8267493717956	2.350531340020365	0.7110489131908663	
3D:FE	61	254	1	397.31443336260014	1.5043018035843758	0.3299332491074263	
3F:FE	63	254	1	357.01587668847026	1.3517015796067942	0.2812620017784152	
73:F7	115	247	1	306.1016577624318	1.179885178492698	0.18004744322676883	
77:F7	119	247	1	281.2282438656261	1.0840179717026228	0.1612413530806078	
1F:F7	31	247	1	640.6607703411175	2.470686974653366	0.5800709757868229	
FD:37	253	55	1	354.17496767416867	1.4598379546746922	0.4263774180194982	
3B:FE	59	254	1	339.8609056049772	1.2866437370599064	0.2325751288596654	
2F:F7	47	247	1	620.044185315772	2.390699778730247	0.5660570081120252	
3C:FF	60	255	1	401.2258848707969	1.5363510080746037	0.3294549960328526	
3B:FD	59	253	1	395.91382867176475	1.4905015586403845	0.31567815674892064	
FC:FF	252	255	1	183.22069156528937	0.7014504871756737	0.1133815474612654	
35:FF	53	255	1	441.5681142232823	1.6908491187309813	0.3732301324040988	
07:FF	7	255	1	1516.0228039943665	5.806470072500868	1.3726816619155249	
FE:3F	254	63	1	369.3938188255299	1.527199816752339	0.4671109083002115	
5F:FD	95	253	1	567.9617132837635	2.137500495921321	0.46095602959324067	
17:EF	23	239	1	631.0914768721889	2.3614298149591346	0.46346796526207773	
E7:3F	231	63	1	404.43667629341667	1.6721003005055353	0.49205518911758395	
0D:FF	13	255	1	2263.246582563574	8.668294103449313	2.0247009095976356	
15:FF	21	255	1	897.4085359126929	3.4371108782130575	0.8061027292635771	
3F:3F	63	63	1	572.6401299427248	2.3647832469785484	0.7212315589097598	
17:FD	23	253	1	706.8919467767051	2.6616963608434707	0.5815638813643244	
1D:FF	29	255	1	682.6488733137335	2.6139654708840463	0.6052047752730438	
1F:FE	31	254	1	604.9315779709912	2.2903813773036137	0.5167897078311156	
17:FE	23	254	1	718.5364945072413	2.720940571802376	0.6008722761200641	
7F:3D	127	61	1	457.1919344973171	1.7843698837763458	0.4595375349848492	
0E:FF	14	255	1	1969.1598845657973	7.541954915920989	1.7670162564334275	
FF:37	255	55	1	339.4711983960156	1.399184772410955	0.3965583438677716	
0F:FE	15	254	1	1384.7789767537306	5.243675342064393	1.1103469831209176	
0F:F7	15	247	1	1573.9621944078074	6.069969250659596	1.4345673243134505	
13:FF	19	255	1	854.1836734185432	3.2713281619053616	0.707055026116953	
0F:EF	15	239	1	1358.419272282308	5.083222890531861	1.0685405719465535	
F7:3F	247	63	1	380.6981812920097	1.5739505165620553	0.4781680339091261	
3F:1F	63	31	1	345.44283068468474	1.3892528272187914	0.2630241769113927	
FF:1F	255	31	1	257.35976307207414	1.0353484395153572	0.22788061208934596	
7D:3F	125	63	1	590.1206253641818	2.4385018565844785	0.7418049549737127	
BE:3F	190	63	1	419.5889268095297	1.7344094961220535	0.49289584311034695	
E3:3F	227	63	1	423.25828923370443	1.7500127059023158	0.5103706111316478	
67:3F	103	63	1	812.4276013523032	3.3572040444274256	1.0105177006794748	
17:F7	23	247	1	772.8104187853896	2.9802998069921802	0.6950639884989228	
7F:1F	127	31	1	181.15969664412995	0.7284449129088114	0.07213920590997364	
DD:3F	221	63	1	455.9043413809528	1.885055516770016	0.565219424979533	
0F:FB	15	251	1	1380.7803973606106	5.160255349843865	1.1040481723226836	
37:EF	55	239	1	261.8133226355267	0.9794256747478443	0.13883799410500822	
2F:3F	47	63	1	751.2181868200444	3.1006365701894136	0.8264297459712676	
27:FF	39	255	1	656.2086739624743	2.5124799154856188	0.5535628648753218	
0F:FD	15	253	1	1425.38256785668	5.367080247122981	1.1765209256970675	
BF:3F	191	63	1	433.01131877844443	1.7899405966080264	0.5293306783015427	
07:FD	7	253	1	1381.1203968178354	5.200414309561618	1.1392201096782384	
3E:1F	62	31	1	440.2674886306305	1.7707018895090425	0.41551706725453275	
BF:1F	191	31	1	251.52242187895902	1.0116792461085253	0.1785602191667878	
0F:BF	15	191	1	972.8546036227543	3.409617667454604	0.5480641456483358	
3E:3F	62	63	1	526.9167947615807	2.1761364169454165	0.5938699175720789	
3D:1F	61	31	1	450.52943002537796	1.8119719955745475	0.4237750369338511	
3F:17	63	23	1	536.5103025345028	2.3016665917610255	0.6345276960923816	
07:FE	7	254	1	1283.439432415811	4.859766269999753	0.9836173189515733	
7D:1F	125	31	1	446.71168912674443	1.7969730117698548	0.42548731796685285	
77:3F	119	63	1	617.5092405679943	2.5517871014091384	0.7773417346995872	
03:FF	3	255	1	1622.6994861405624	6.214432913786715	1.3077886969304344	
1F:3F	31	63	1	891.3986072625871	3.6802157066962433	1.117564000975417	
87:FF	135	255	1	425.45135591492254	1.6285682599001052	0.30931436791111117	
3B:3F	59	63	1	622.3515885791003	2.569699380362631	0.7770928590561218	
7E:3F	126	63	1	518.1852168443862	2.14124832657427	0.581689980343845	
76:3F	118	63	1	623.6227524505091	2.5770475555988708	0.7811511739826091	
FD:1F	253	31	1	201.49467231921878	0.8104549184877401	0.13791863624045667	
6F:3F	111	63	1	755.0173848366384	3.1196777995148763	0.9429750559619777	
05:FF	5	255	1	4133.518875180606	15.831632858092501	3.7362587526484763	
5F:1F	95	31	1	662.099221735835	2.6623356370685323	0.6261864690889641	
47:FF	71	255	1	1046.413746813343	4.002641163011857	0.9190408312708646	
06:FF	6	255	1	2387.9380856700127	9.1459123595925	2.1484410261800857	
07:F7	7	247	1	1522.803627122225	5.872665179932192	1.3849264488789106	
1F:1F	31	31	1	635.843508389367	2.553976622401431	0.5670701605614903	
7C:3F	124	63	1	596.0441994399014	2.462973722698237	0.7459763835984665	
5F:3F	95	63	1	828.5869716323597	3.424366461187618	0.9818562675483188	
3D:3F	61	63	1	500.96018106430836	2.069006827519912	0.5228084395955851	
0D:FE	13	254	1	2149.2354069327153	8.138792204851923	1.82584319501394	
0F:3F	15	63	1	1363.8066044664479	5.626830209582598	1.0665427120194169	
07:BF	7	191	1	722.8749651818222	2.5331675290867546	0.31200110047924035	
8E:FF	142	255	1	465.5559704089571	1.7820543860140556	0.3793580258845511	
3A:1F	58	31	1	462.25105499433585	1.8591315705303642	0.4206940561877545	
6F:1F	111	31	1	459.79816732861156	1.8495814402415074	0.3502625077285176	
7C:1F	124	31	1	364.3626077852198	1.4655314876939327	0.2789794160470476	
1F:EF	31	239	1	443.2072759281719	1.6582224085108765	0.27752109592860275	
F9:3F	249	63	1	335.62711966714977	1.3874252395521571	0.3704550818620849	
0C:FF	12	255	1	2509.954399908105	9.613166147441097	2.2387472288439496	
79:1F	121	31	1	433.36672920318017	1.7432337542110654	0.3778589897043816	
07:FB	7	251	1	1342.583671427511	5.017517774400546	1.0765439181918333	
0F:1F	15	31	1	1656.6599274007015	6.630185905690518	1.5537014050892122	
1E:1F	30	31	1	591.5571341710133	2.376486327088362	0.4712110257115888	
3C:3F	60	63	1	589.9607756340092	2.436141037771309	0.7098152226103313	
01:FF	1	255	1	5085.2014624066915	19.476084280778355	4.4518626465575215	
0B:FF	11	255	1	2134.486937397026	8.175131624807362	1.9069852847763527	
3D:17	61	23	1	509.06329288567576	2.1838480692327744	0.5410535551743807	
3E:3B	62	59	1	577.0313702397112	2.3664367357038714	0.712336058540597	
03:F7	3	247	1	1833.9592717154721	7.072642275744227	1.6707394832860043	
03:FE	3	254	1	1628.8107972135115	6.167783163042544	1.317779416609895	
4F:3F	79	63	1	1401.4943716781695	5.794884536299385	1.747299880885224	
2F:1F	47	31	1	565.9367359935684	2.2762490822874897	0.47131097216075624	
03:EF	3	239	1	1605.113000236869	6.006418226837494	1.2797974673662942	
02:FF	2	255	1	2933.6336581107203	11.23602191728542	2.657883818415168	
43:FF	67	255	1	1096.1345365784582	4.19266729908606	0.9700580127122257	
03:FD	3	253	1	1670.5949946425887	6.2904215657300355	1.3863739196620344	
1F:17	31	23	1	816.2616859238119	3.4966290248044487	0.9348308445742273	
25:FF	37	255	1	645.3202119255333	2.4706779050305148	0.5002156754960257	
03:BF	3	191	1	1084.9220334378108	3.8022939722344455	0.5846673022667805	
45:FF	69	255	1	1092.7718363771369	4.179720272111967	0.9788280071931617	
05:F7	5	247	1	4199.735450952905	16.196348743243178	3.856830422915711	
3F:07	63	7	1	575.563182833203	2.475308350227563	0.7310763700809397	
0E:1F	14	31	1	2094.554295499794	8.360770405563485	1.9322932484298787	
05:FE	5	254	1	3923.049735062206	14.856051377657229	3.365443200705922	
0B:3F	11	63	1	3023.2298689799	12.423427594254258	3.748915799500718	
16:1F	22	31	1	904.952816508379	3.6325466834058533	0.8562129243623142	
1D:1F	29	31	1	710.9089473047259	2.854783684921078	0.6513957325142089	
85:FF	133	255	1	534.9437570764971	2.0475926392541477	0.48298360504934423	
4F:1F	79	31	1	1064.588882704515	4.283197926096846	1.007824164300829	
07:3F	7	63	1	2131.313915645824	8.795547001499337	2.696142978316543	
23:FF	35	255	1	447.6335379566631	1.7135989716966749	0.22922971928205219	
2D:3F	45	63	1	928.471177974562	3.8299432886365343	1.163311284754252	
83:FF	131	255	1	503.0796026429371	1.9256653125139782	0.42379135135369345	
0E:3F	14	63	1	2767.3322712873155	11.367120019648661	3.414835515561653	
3E:07	62	7	1	377.734237857066	1.62398847810437	0.30608283354853116	
03:FB	3	251	1	1641.6737437760637	6.135363936239	1.3388246331047702	
02:EF	2	239	1	2561.5120271725677	9.585254218353414	2.026252886034897	
16:17	22	23	1	1111.4065733503533	4.748823671501826	1.2830000198851732	
03:3F	3	63	1	2560.775832014841	10.588538583021093	3.257950163145897	
3F:03	63	3	1	828.2283687150056	4.028534902342317	1.5145163034885998	
07:1F	7	31	1	1595.5175078194393	6.40466821642302	1.5052969051817304	
01:FE	1	254	1	4983.730429745547	18.87270682970553	4.276188167251969	
22:FF	34	255	1	777.1694755721865	2.9755046341889195	0.6750122462685828	
09:FF	9	255	1	3596.283890612944	13.773856397010215	3.215728028818768	
3E:03	62	3	1	845.456016749835	4.1122761840092075	1.534725887197158	
7F:03	127	3	1	821.8038447847673	3.9972078911011533	1.4866799087985207	
02:FD	2	253	1	2679.116228227735	10.08786015493323	2.2166404257327184	
01:EF	1	239	1	4306.527550012549	16.1143562383023	3.1925662931911636	
2F:03	47	3	1	1237.8220147838024	6.020785251796134	2.257511312405132	
BF:03	191	3	1	634.9336367452481	3.088233488134047	1.13867146701104	
87:3F	135	63	1	637.8788636495497	2.637089778657026	0.6968555203490355	
01:F7	1	247	1	5319.543285189784	20.514854402909965	4.8717626740590925	
3B:03	59	3	1	892.9961554786951	4.343441217631607	1.6067754637010687	
2E:1F	46	31	1	653.7916766165353	2.629785253573767	0.6124826620133602	
36:03	54	3	1	926.0603880609272	4.504348073409609	1.6840010542829553	
27:3F	39	63	1	950.3339257147054	3.9208360530661706	1.1541273337969988	
01:FB	1	251	1	4720.454029835807	17.64152123013925	3.8363568186818013	
07:3E	7	62	1	1658.9335863211331	6.416068168617103	1.6438341220924724	
02:FE	2	254	1	2771.891723131812	10.49675478445854	2.372853334457024	
0B:BF	11	191	1	1329.4125518349215	4.659233988703618	0.7397240352198797	
81:FF	129	255	1	522.3566524432637	1.9994289743163969	0.4512103534032549	
1E:07	30	7	1	806.3536663675078	3.4662868437553964	0.8800727402871195	
0B:F7	11	247	1	2130.042620739739	8.21432469196501	1.898944817749926	
11:FF	17	255	1	1105.286452899033	4.2333094149817265	0.9974783014486517	
41:FF	65	255	1	1131.1258194298136	4.326345218105495	1.0078869945557893	
05:FC	5	252	1	3582.1926147593767	13.337106524113453	2.805970330174336	
01:BF	1	191	1	3270.5360645392175	11.462426370099639	1.8415115070360522	
0A:3F	10	63	1	3916.857315723927	16.04291721952825	4.7817745833369845	
1E:3F	30	63	1	708.141842368847	2.9244776935730608	0.6771972065048916	
47:3F	71	63	1	1443.0008971402042	5.966334192227772	1.7574912252353592	
02:3F	2	63	1	4135.089909238774	17.09824627118133	5.281433213213961	
03:1F	3	31	1	1935.2944064609237	7.786450061569104	1.8600387914695735	
37:3F	55	63	1	539.0592176236433	2.2263663280277965	0.5867215120178733	
06:1F	6	31	1	2542.2924116096556	10.17772993484673	2.383629136098436	
83:3F	131	63	1	746.1459289182276	3.0851749773812958	0.9347321392134542	
2B:03	43	3	1	1422.4939672559385	6.918954980331383	2.5783058247756023	
01:F6	1	246	1	4781.200330325402	18.230876116146725	3.935215320054854	
06:3F	6	63	1	3365.2734232044418	13.914993917872835	4.267497016173324	
01:E7	1	231	1	4761.985631342895	18.00770789859464	3.903869472600995	
02:1F	2	31	1	3098.5828960423723	12.466761734579945	2.9643302197399413	
42:3F	66	63	1	1561.571862421668	6.456843990565664	1.9645297367779573	
2B:01	43	1	1	1500.8797066022323	7.403484303063615	2.8704661564271445	
FF:03	255	3	1	516.9908622091239	2.5145398521807345	0.919815894633517	
02:3D	2	61	1	3154.3141024887605	12.315610207268142	3.072760842606537	
09:F7	9	247	1	3634.749365980663	14.017266263381497	3.2847750620278924	
06:17	6	23	1	3125.122307405331	13.284794929492111	3.5509821719721804	
2F:13	47	19	1	843.3312705533684	3.6852849452136076	1.0476930502181454	
43:3F	67	63	1	1554.9591932470692	6.429531851527971	1.9635372442994008	
12:3F	18	63	1	1468.1217372487793	6.056015912752317	1.8433272156991927	
86:3F	134	63	1	736.2972382838233	3.0444630122974043	0.9249549917503126	
5F:03	95	3	1	1244.5770317694873	6.053390455321774	2.2179155927276906	
23:03	35	3	1	1592.7407472403913	7.747122274937854	2.906222900571379	
06:37	6	55	1	3354.700627096904	13.763657557898627	4.1748687986386415	
02:17	2	23	1	3813.1247039478017	16.3648627383275	4.488702252129115	
BB:03	187	3	1	603.7330047980562	2.936037275050239	0.9917260902468233	
01:F3	1	243	1	4841.929648576327	18.270973941408045	4.036222196754629	
02:07	2	7	1	4142.178321073129	17.49185589577208	4.972932820815093	
02:37	2	55	1	4114.106828676936	16.960310787796796	5.22803148473899	
03:17	3	23	1	2366.5716628604896	10.12898981127828	2.7534700317194396	
01:FA	1	250	1	4435.380198410298	16.38587738726252	3.386942112713345	
03:37	3	55	1	2551.26324172624	10.517490396947085	3.2338402626536205	
03:07	3	7	1	2558.983998367007	10.891959451033825	3.137402097176712	
01:F2	1	242	1	4579.50704091775	17.082014421003286	3.610555482738741	
0A:37	10	55	1	3922.5699158383304	16.17055797065505	4.948994581644614	
0E:37	14	55	1	2652.4506827087453	10.93399198553143	3.2061949649330006	
02:03	2	3	1	5928.319752234333	26.61338668563063	8.629321022537441	
03:03	3	3	1	3685.371295665473	17.12500581306698	5.944703125890511	
82:03	130	3	1	1090.5513284935819	5.30445291586045	1.9877943390275779	
0B:37	11	55	1	3016.7793696125614	12.436506337964767	3.8099069548434374	
0B:1F	11	31	1	2274.24677789986	9.083332375705512	2.0975334607903333	
02:13	2	19	1	4015.4096898665102	17.437945821808814	4.868425557911959	
03:13	3	19	1	2506.6543313833467	10.914113435509709	3.0802783883601474	
05:F3	5	243	1	3799.9443874285616	14.339014572603217	3.1574562518267775	
22:03	34	3	1	1521.0348160159979	7.397437982419987	2.588375421252019	
0D:F7	13	247	1	2308.698669002649	8.903482895487222	2.1068045082524174	
01:FC	1	252	1	4569.680438528333	17.013748024351433	3.5951148437080986	
05:FB	5	251	1	3698.9868198667396	13.823989054170926	2.9919942381349554	
03:F6	3	246	1	1711.4702504600687	6.526069029518891	1.454966024833665	
06:07	6	7	1	797.0529732717073	3.418093673926279	0.23192570334336818	
03:FC	3	252	1	3.154489414609696	0.011735548778677444	4.9353241950637195E-6	
03:7F	3	127	1	1.2383633340696427	0.003512509576756349	7.619400390862685E-7	
0B:FD	11	253	1	2.3161006087083833	0.00871379298338135	2.241602569092126E-6	
0F:BB	15	187	1	1.3023188302373279	0.004446213288348	9.81205964925108E-7	
03:3E	3	62	1	6.019829465404486	0.023259298471025962	1.796811005272314E-5	
02:02	2	2	1	10.527646832921697	0.04245002114365144	3.413421599215596E-5	
42:FF	66	255	1	1.1429994256726195	0.004373820869134458	1.0505086631039872E-6	
09:77	9	119	1	1.7166903553092916	0.004794255793643636	7.329594838751411E-7	
01:FD	1	253	1	3.2918033239248596	0.012384643871366159	1.8624808533948525E-6	
12:FF	18	255	1	1.2157862582819432	0.004652348784616434	1.2716226822253668E-6	
02:FC	2	252	1	1.1733745102265807	0.004365263431985978	4.2452772802492635E-7	
15:FB	21	251	1	1.3911341424363617	0.005194815369732553	1.9339801181350998E-6	
06:FE	6	254	1	2.6397134172504284	0.009987700237430204	2.6208992037670006E-6	
47:F7	71	247	1	1.7388783358781221	0.006699888242880971	2.547311068057429E-6	
25:FB	37	251	1	1.324486215071284	0.004945937639517927	2.1069384987498044E-6	
BB:83	187	131	1	1.5696313102259478	0.0041202335010100495	6.711434003137848E-6	
23:FD	35	253	1	1.2965018944859692	0.004877791086881217	1.9229022507837936E-6	
09:FB	9	251	1	2.93792117082918	0.010970867245223113	2.1426863042302114E-6	
05:EC	5	236	1	1.3401235578975645	0.0048632913248810306	3.9217184247751753E-7	
76:03	118	3	1	1.556704408005744	0.007558114694685589	4.857744449904988E-6	
0D:DF	13	223	1	3.405548832472994	0.010995245974239296	4.5816070138271635E-6	
9B:03	155	3	1	1.4050004299852499	0.006821558972741843	3.923381234293577E-6	
13:EF	19	239	1	1.8090925625402468	0.00676435520192749	3.166892604237469E-6	
FF:3D	255	61	1	1.174700211185446	0.004582032855582981	4.74114377591157E-6	
02:7F	2	127	1	3.51155673689043	0.009960229038340112	3.8089097182241024E-6	
01:13	1	19	1	1.4741470031127655	0.006433927874779651	3.730626074766266E-7	
05:E3	5	227	1	1.7180171711148564	0.0063408530192185526	6.444482887842962E-7	
0E:2F	14	47	1	1.8097045398140799	0.006693647525182313	1.4901186212369655E-6	
3F:0F	63	15	1	1.8285932309497057	0.006493367407115909	7.375001745999832E-6	
73:F6	115	246	1	1.995138070670317	0.007601319368637781	7.64968960583794E-6	
05:BC	5	188	1	1.1349567791942154	0.0038331928460293065	2.8142584232804247E-7	
7B:F7	123	247	1	1.650308267513237	0.0063586406948298	5.652051751330929E-6	
09:FE	9	254	1	3.289158742104669	0.012444959197434179	2.6853760896377245E-6	
79:3F	121	63	1	1.995935441304141	0.008242560803042923	8.004061943530488E-6	
0B:77	11	119	1	1.3412123918128418	0.0037456470369591015	7.531489765242916E-7	
2F:0B	47	11	1	1.3441211514752582	0.0038994928542498935	2.6626335904434635E-6	
A3:03	163	3	1	1.2372368112497076	0.006007032776787649	3.4200836222984772E-6	
07:D7	7	215	1	2.03419718877778	0.006649365657696068	2.4697133400555158E-6	
0F:3D	15	61	1	1.6392436308190454	0.006394010121838334	1.5530528521499586E-6	
0E:3D	14	61	1	1.3351326660122218	0.005207797505763548	8.107435132829306E-7	
FA:F5	250	245	1	1.2173157342022412	0.004612747378766614	4.898631047472427E-6	
12:17	18	23	1	2.0085569219952344	0.008610073091926027	3.467368401335385E-6	
9E:1F	158	31	1	1.6762198372877948	0.006737657938477192	5.719412141348105E-6	
02:93	2	147	1	2.01916183636036	0.0063937575847566154	1.258509259143142E-6	
29:F7	41	247	1	1.8493976225413986	0.007125723993428704	4.156312871194209E-6	
03:D6	3	214	1	1.8837669702890343	0.006108955611824993	1.761676408070795E-6	
9D:FF	157	255	1	1.7299877767217384	0.00662001715603681	5.996043967180405E-6	
FF:FD	255	253	1	2.029140562106842	0.007634217742463282	1.4150526058292744E-5	
1F:F6	31	246	1	1.463212832154204	0.005574716188692544	3.020615062565243E-6	
23:F7	35	247	1	1.6196194336963883	0.006240386801469833	3.0002530484991195E-6	
02:05	2	5	1	1.1835730974198748	0.003849728872524215	4.3234387314773725E-7	
03:01	3	1	1	1.6120808718236743	0.007936885695416295	1.2858095158543644E-6	
07:E7	7	231	1	1.7388975409168859	0.006570372287366763	1.8028739001679252E-6	
0B:B7	11	183	1	1.8931409770788676	0.006732513420922625	1.4982648141165928E-6	
BE:BE	190	190	1	1.9893092684659015	0.00687185973042991	1.1076830498338249E-5	
05:EF	5	239	1	1.140604121804943	0.004264812113126848	2.840278126015802E-7	
06:35	6	53	1	2.0029563395373042	0.00779316785807297	1.5086424525634138E-6	
42:37	66	55	1	1.2767694356305372	0.005256797946360934	1.3100338441829868E-6	
01:D2	1	210	1	1.9342466681012027	0.006106502251299019	6.438333918302192E-7	
0B:EF	11	239	1	2.044151817022546	0.007643255467931384	1.7461844761161715E-6	
07:F9	7	249	1	1.9195366912751324	0.007045554177209255	2.197375059553834E-6	
06:1E	6	30	1	1.9461636382891185	0.0071299541968769245	1.4249262990570099E-6	
BA:FD	186	253	1	1.6329526675536645	0.006143627701972019	7.1606401108059134E-6	
0D:FD	13	253	1	1.2155543659506696	0.0045732400009199535	5.830796635448925E-7	
8D:FE	141	254	1	2.039185200294986	0.00771554290310444	7.2274802862832195E-6	
0A:17	10	23	1	1.7201365953645094	0.007373694258246473	9.489923286721885E-7	
0B:13	11	19	1	1.2171878175644983	0.005312428544982491	6.183507850708543E-7	
7C:FB	124	251	1	1.3584212438026686	0.005072665251747898	3.876182619506006E-6	
43:07	67	7	1	1.0787467562074586	0.004634103792700214	9.423312060879411E-7	
03:6F	3	111	1	1.6654129572298018	0.003636235154759013	1.3798618912841436E-6	
01:BC	1	188	1	1.5582867600630517	0.0052629438317209985	4.176890087961038E-7	
8C:FF	140	255	1	1.9704003452777277	0.007539985847474611	6.719976550341605E-6	
03:B7	3	183	1	1.3131452437976119	0.004669893500394432	8.555094568788423E-7	
D7:FD	215	253	1	2.032593943186785	0.007647198422190725	1.0984430198998852E-5	
09:BF	9	191	1	1.3582900232425155	0.004757803933109073	4.5820955828556033E-7	
13:FE	19	254	1	1.755548648108991	0.00664235210974391	2.9819388326828047E-6	
0A:3D	10	61	1	1.9598518139744925	0.007644567364795722	1.2328625515354073E-6	
37:FD	55	253	1	1.2743071863144915	0.0047942938215497334	3.286237523949529E-6	
9F:FE	159	254	1	1.9000308288526766	0.007189035382130171	7.4071089569042175E-6	
0E:5F	14	95	1	1.3707023116281492	0.0029762975154325267	8.57478642487539E-7	
19:FF	25	255	1	1.321140564192847	0.005055500368087481	1.6358111451303187E-6	
02:1D	2	29	1	1.982287792618157	0.007612487747803895	1.211328932084612E-6	
2E:37	46	55	1	1.982571517625033	0.008162786738549624	5.626113931103107E-6	
05:F2	5	242	1	2.02464391165197	0.007546193775065076	8.949500991771755E-7	
02:FB	2	251	1	1.6711060700366702	0.00624028960217114	8.610508355753643E-7	
1A:37	26	55	1	1.895033553660858	0.007802364089298094	4.14492578611487E-6	
0C:F7	12	247	1	1.0038321691342829	0.003867755321320434	3.574381704495766E-7	
2E:03	46	3	1	1.2672930053094773	0.006152955778913534	2.2954485131128597E-6	
0F:F9	15	249	1	1.9965191551823471	0.007328114160988249	2.3048891905300564E-6	
11:FB	17	251	1	2.021342061127238	0.0075481588601139064	3.3306880619285755E-6	
FF:0B	255	11	1	1.4921080377996494	0.004328838174938216	7.664777200778288E-6	
06:13	6	19	1	1.304801950025459	0.00569482121142987	6.396176407129193E-7	
7E:EF	126	239	1	2.017600524634648	0.007544004363350282	8.821926780669202E-6	
BB:23	187	35	1	2.0083089090732034	0.006861607386054877	1.096973942741863E-5	
0A:07	10	7	1	1.9106577028230916	0.00820784280873444	1.1708323759698128E-6	
CD:FF	205	255	1	2.01769306364703	0.007720969862304377	1.0155065739243766E-5	
7F:E3	127	227	1	1.9390685072596876	0.007156736380862296	8.266401961295632E-6	
09:FD	9	253	1	2.016597060912714	0.00758697660522535	1.0094667173324453E-6	
15:FE	21	254	1	1.284380341098647	0.004859622059618471	1.648383469843983E-6	
42:2F	66	47	1	1.4632979450819061	0.005412377516179256	1.7222137748091433E-6	
BE:BF	190	191	1	2.009020867701573	0.00703721401007058	1.129633980491375E-5	
BD:77	189	119	1	1.9974944915578932	0.0055784948674846	1.1067461083588715E-5	
1F:3B	31	59	1	2.015587052855612	0.008265719927877346	5.728319676607722E-6	
21:F7	33	247	1	1.1645940578860043	0.00448717333505908	1.4729944083711205E-6	
01:17	1	23	1	1.9894748663456907	0.008528262444672335	6.795865987248509E-7	
3D:57	61	87	1	1.9878211767609968	0.00390426227332993	8.281011399727488E-6	
03:3D	3	61	1	1.980006113607041	0.007723183638863189	1.9437184026785223E-6	
4F:FD	79	253	1	1.154004107410654	0.00434167385054771	1.1826005613321412E-6	
2F:FB	47	251	1	2.004949646295841	0.007486955491104879	5.914506679821247E-6	
02:23	2	35	1	2.00254581824169	0.006841884134084727	1.2372624166882499E-6	
77:F3	119	243	1	2.0032649995988634	0.007553054190857712	8.182234233848025E-6	
01:EE	1	238	1	2.0013727110353488	0.0073956265201261615	6.885540573929445E-7	
01:03	1	3	1	2.003698420425406	0.009728334039143801	6.885113907272314E-7	

