BMLVN	8	x2
metabolism	0.9970000
mutations	0.0010000
catastrofic	0.0010000
minWeight	0.1
start biomas	2.0	_
env.size	25000.0
feedSourceH	FF
C7
B5
23
11
feed port max	75000.0
timeQuant	0.01

key	suscepBits	activeBits	maxsize	popBiomas	currincome	currloss
FF:00	255	0	1	7780.867680556829	648.3400268554688	361.71498763960966	
C7:00	199	0	1	8567.897261043834	393.58074951171875	372.0518365518193	
B5:00	181	0	1	8569.599313081304	322.4430847167969	341.4842463796295	
23:00	35	0	1	18476.75562669803	252.74884033203125	326.0709882764634	
11:00	17	0	1	25000.0	260.0397033691406	31.29838850641298	
FF:FF	255	255	1	1691.45182716758	21.01425803936165	18.284757514144022	
FE:FF	254	255	1	1702.5901321398992	21.1526557601823	18.46534569926743	
FF:7F	255	127	1	1505.19681745012	17.113281215565515	14.510538185315665	
EF:FF	239	255	1	1795.2822742317917	22.299360242148595	19.38142297034868	
F7:FF	247	255	1	1740.4974383185954	21.622153364116343	18.863207889830043	
FF:BF	255	191	1	1328.5774701282444	13.452605169661645	11.300508129919182	
FB:FF	251	255	1	1718.0365514450784	21.343676234146173	18.600422292399823	
FF:FD	255	253	1	1664.0709983309025	20.31038270361186	17.700978286656788	
FD:FF	253	255	1	1705.9416791939634	21.19407814194905	18.483812557123603	
FF:FB	255	251	1	1651.119814003572	20.09734628160845	17.425921353226833	
7F:FF	127	255	1	3353.430557456899	41.51905508241016	36.46227492170303	
FF:DF	255	223	1	1287.1027768394022	12.467882239732344	10.606171536819867	
DF:FF	223	255	1	1935.1375031043146	24.02902478668879	20.91696137564692	
FF:F7	255	247	1	1630.856724780386	19.592908899966478	17.003807518104797	
FA:FF	250	255	1	1724.6593164357896	21.42576149624664	18.68065347242253	
FF:EF	255	239	1	1564.7919828778768	18.119381334635072	15.659013605845562	
FE:FE	254	254	1	1681.2219348949227	20.704455618738066	18.004435199766423	
FF:FE	255	254	1	1676.4131103165369	20.6460726547871	17.962501444174624	
BE:FF	190	255	1	2260.702796228761	28.051630382792705	24.363676540267527	
EB:FF	235	255	1	1824.1202081439037	22.65648293775486	19.712927716110574	
EF:FD	239	253	1	1759.7024430426388	21.47284937779339	18.623427525262727	
BF:FF	191	255	1	2252.2558085746414	27.947307669974403	24.288019128716968	
FB:DF	251	223	1	1309.8606187965988	12.68824740211702	10.83160406715388	
FF:F5	255	245	1	1595.281041463917	18.819140784453623	16.271672051346833	
DF:FD	223	253	1	1897.2657416944346	23.14461316440918	20.109481097518223	
F2:FF	242	255	1	1767.7779013562376	21.959615352196643	19.112769516140855	
6F:FF	111	255	1	3802.5551387965015	47.03702776635444	41.278949160788045	
EF:F7	239	247	1	1733.7582379579687	20.82535055800703	18.082934424113194	
EF:DF	239	223	1	1374.8500715205146	13.316889963534418	11.389208164714109	
DF:F7	223	247	1	1859.6122357100612	22.330751626989038	19.323075301965556	
F7:FB	247	251	1	1697.946524574104	20.666048807001356	17.954931725360225	
7F:BF	127	191	1	2612.591163873536	26.46291944022785	22.263258674901582	
FE:EF	254	239	1	1568.1886579492282	18.15850536925709	15.67413451477696	
7F:EF	127	239	1	3088.3365432778573	35.6847167364915	30.9883953377856	
F3:FF	243	255	1	1761.153305780341	21.8775392749041	19.03584473045957	
BF:FD	191	253	1	2206.2382863407333	26.89597999991318	23.310022248848604	
77:FF	119	255	1	3527.8451597562157	43.66615205411833	38.29799223736295	
FE:FD	254	253	1	1667.4156975530657	20.350913430566365	17.71226892194122	
F7:EF	247	239	1	1600.2382179909714	18.52865372413153	15.954603680689877	
DB:FF	219	255	1	1961.5650203788973	24.355627130782935	21.150805835313825	
AF:FF	175	255	1	2457.3245251156627	30.47822990053612	26.478511908047704	
F9:FF	249	255	1	1725.6861243055064	21.43819759758551	18.646976868414974	
F7:F7	247	247	1	1669.9806185271045	20.056757057710392	17.365472474527856	
CF:FF	207	255	1	2069.0128815147073	25.68416774841234	22.31106863819348	
7E:FF	126	255	1	3370.0663838735218	41.72364674957096	36.578346750958886	
FB:FD	251	253	1	1680.591096266572	20.510827956809266	17.800153360020335	
FF:E7	255	231	1	1494.2404594211646	16.64997147603074	14.282525938582047	
7D:FF	125	255	1	3385.587605453457	41.91494353931674	36.7054888485459	
BB:FF	187	255	1	2292.0139680597185	28.438377162971005	24.688065120558687	
FD:F7	253	247	1	1640.2049842290849	19.70489982818812	17.09165663704431	
DD:FF	221	255	1	1942.603249335497	24.12101946080706	20.92840709507818	
BF:DF	191	223	1	1706.1541013006768	16.51873822325735	13.972996796446745	
FD:7F	253	127	1	1501.7906392340328	17.07391334389253	14.353065861815406	
FB:FB	251	251	1	1678.1694825485056	20.42348945176161	17.747859997567254	
ED:FF	237	255	1	1805.8499113210048	22.43014857121348	19.480371040663393	
FE:EE	254	238	1	1550.2860214932555	17.783487175067798	15.318535804193633	
FE:7F	254	127	1	1504.1708899020841	17.1013097364927	14.44151187820279	
FE:BF	254	191	1	1324.5057698128057	13.411000149646451	11.192805120540806	
FF:B7	255	183	1	1259.4110834409034	12.263066415810185	10.155761193623137	
DF:BF	223	191	1	1496.331049663008	15.149092773287865	12.531746583762965	
7F:FD	127	253	1	3283.201784463777	39.94267507569691	34.963190478596445	
7F:F7	127	247	1	3224.27676738561	38.62913720322646	33.74310502653011	
FF:F9	255	249	1	1620.1298575440703	19.36595406905268	16.78048572433323	
FB:F7	251	247	1	1647.1797367097834	19.787955912513834	17.101962661846944	
FD:DF	253	223	1	1243.3899661824087	12.042671098244607	9.83081819056259	
EE:FF	238	255	1	1799.319560504112	22.349170272350495	19.399377917902804	
FF:77	255	119	1	1414.96971259807	15.55559043680472	12.820706820131992	
EA:FF	234	255	1	1824.0149045314806	22.654675092717962	19.63874749032317	
EF:FE	239	254	1	1781.0961187759556	21.930695053114327	19.078295455463916	
D7:FF	215	255	1	1990.6893875178494	24.716386375542193	21.489386722923616	
FF:D7	255	215	1	1202.7083297042088	11.28895267709674	9.25902726134876	
FF:BB	255	187	1	1261.2597418305652	12.425651793260108	10.182926653620617	
BF:FB	191	251	1	2201.0501785549814	26.7610367226274	23.202905143724347	
7F:FE	127	254	1	3315.4687853324804	40.696114681015224	35.647149880755094	
7B:FF	123	255	1	3440.968624375363	42.59576599911335	37.325398239976124	
FF:CF	255	207	1	1083.559358977856	9.772176412492637	7.511931063097051	
E7:FF	231	255	1	1846.620111704832	22.935186087931577	19.948361893051775	
FD:FB	253	251	1	1660.4404855516314	20.210438843409634	17.512864676442085	
FB:7F	251	127	1	1507.3308630523884	17.136670920739697	14.346092620599272	
5F:FF	95	255	1	4482.299133595406	55.35692226467132	48.35016284174279	
EF:BF	239	191	1	1236.3960812261992	12.511847058945225	9.194052730922538	
FB:EF	251	239	1	1583.751231840278	18.338189576259772	15.815887414599125	
3F:FF	63	255	1	6972.366834881096	85.60377344623163	74.81249097764629	
FF:F3	255	243	1	1588.7525337439597	18.695216856676023	16.139138929244698	
FA:DF	250	223	1	1282.3496149531647	12.420660012140218	10.342775234657628	
FD:FD	253	253	1	1670.4629859735735	20.386717021711725	17.72378653075973	
FF:AF	255	175	1	1082.4419255588164	9.84777990601132	7.497742108166768	
FF:7B	255	123	1	1393.4253194039663	15.556411593780524	12.425092555959846	
EF:FB	239	251	1	1748.933160634096	21.283509428015105	18.396225007121906	
EF:EF	239	239	1	1657.1552562606419	19.176246870243556	16.51555752711734	
EF:7F	239	127	1	1355.8373875498796	15.400753840357657	11.05287897330573	
DE:FF	222	255	1	1938.7941309759344	24.07400936066637	20.915896574794083	
FE:DF	254	223	1	1279.9957537777793	12.398608842476758	10.453029790803146	
F7:FD	247	253	1	1700.8103184258948	20.757025396339586	18.014210318840753	
BF:F7	191	247	1	2164.1489549605512	25.972590286280507	22.435840734643484	
DE:FE	222	254	1	1896.7825450202079	23.345959191326234	20.015951807009227	
7F:DF	127	223	1	2457.094943385695	23.777114565566812	19.65475440036656	
7F:FB	127	251	1	3253.5889448423472	39.48162428492914	34.339901971019394	
FF:6F	255	111	1	614.806575130949	5.56432423162155	2.407355162790539	
FA:F7	250	247	1	1647.855553087642	19.795695636550263	17.057096916007573	
FB:BF	251	191	1	1194.949240776767	12.093249711899874	8.999182111987166	
F7:DD	247	221	1	1119.14306660133	10.713709526077961	7.79833982524955	
FE:AF	254	175	1	638.7637699485765	5.800121917829228	2.5894210992162305	
FF:DE	255	222	1	1212.5237265746985	11.680024923442982	9.40627203505751	
BF:EF	191	239	1	2052.173243478595	23.741652397247854	20.18092332249796	
AB:FF	171	255	1	2481.9224273359187	30.78085319759264	26.496836836143586	
EE:FE	238	254	1	1775.151551074847	21.85609865069454	18.88118193253042	
FD:BF	253	191	1	1013.2624164200356	10.247852126845597	6.509084712023225	
FE:F7	254	247	1	1625.1050171604647	19.523159837702895	16.82558101992043	
DF:F3	223	243	1	1797.7588993611182	21.145171608950577	18.059809771936468	
DA:FF	218	255	1	1945.7244757457167	24.157964870020212	20.72651017751697	
FF:ED	255	237	1	1515.7101678215645	17.21985397726492	14.691417593464742	
F7:7F	247	127	1	1208.6110802147027	13.721443515447113	9.081597498131513	
FF:5F	255	95	1	143.85963763271837	1.1271202349976965	0.13140645369291884	
FF:9F	255	159	1	474.4853643259046	3.838526898023069	1.4339586463565754	
FE:F6	254	246	1	1593.8906989365719	18.97522973227887	16.183449433868244	
BF:BF	191	191	1	1316.8395051721097	13.296032231112596	8.276881760080459	
FF:DB	255	219	1	1174.4321776914628	11.117348955954508	8.824236373238481	
FD:FE	253	254	1	989.7913375789948	12.164886833598384	6.178211217732885	
7A:FF	122	255	1	3383.2803687775036	41.88373193137705	35.82579039005022	
B7:FF	183	255	1	2303.8923600085577	28.58414063655801	24.55204062153206	
9E:FF	158	255	1	2652.180452000102	32.87764442355187	27.886611620248154	
BE:DF	190	223	1	878.0078362713411	8.484730682365175	3.6610331203989968	
E3:FF	227	255	1	1850.0104332147446	22.97523137028865	19.713038982610996	
FF:BE	255	190	1	1052.4359412097492	10.526740081894971	7.071358454330734	
CE:FF	206	255	1	2007.4232235913241	24.91761245836218	20.906399562910003	
B6:FF	182	255	1	2092.653650591243	25.959702961862476	20.13511164121864	
7E:FD	126	253	1	3165.091161094443	38.509208309847374	32.25761682406664	
FE:BD	254	189	1	972.1196545810368	9.552389763751517	6.00976000676794	
DF:7D	223	125	1	891.4608535724612	9.838487970798031	4.417306294656206	
FF:EE	255	238	1	1444.8867265996396	16.570818507982196	13.33739898809581	
6F:FE	111	254	1	3597.0137054259503	44.12293236349533	36.92442038813181	
FF:FC	255	252	1	1272.5051745358476	15.381471793809439	10.311146667617022	
F2:FB	242	251	1	1491.4210372657406	18.14035983416924	13.57326523128766	
FE:FC	254	252	1	1608.61292804525	19.46050812218151	16.478257028645274	
7F:7F	127	127	1	1844.7170654636425	20.830931031454462	10.939944738804606	
3F:FE	63	254	1	5367.711312711166	65.59891653543076	44.32703640693699	
9F:F7	159	247	1	2391.007014604397	28.671730071314133	22.77210316344673	
BE:7F	190	127	1	1250.7244037683238	14.18564194327048	7.438376808610608	
DF:FB	223	251	1	1773.0890186737222	21.56773950864333	17.54610483637349	
F7:BF	247	191	1	1053.8769543616631	10.659477873566214	6.905313772642988	
DF:FE	223	254	1	1861.631677571741	22.913576159704746	19.350326525618435	
CB:FF	203	255	1	2025.8781511467173	25.145313347420487	21.016699464783766	
BB:FD	187	253	1	2105.895870858139	25.66875147482925	20.825020909160713	
77:FE	119	254	1	3146.6995688651587	38.626244385614136	30.43538432953126	
EE:FD	238	253	1	1676.4450842926096	20.453335747215274	16.828564487969576	
7F:E7	127	231	1	1800.2549368614539	20.010298728076563	10.481851554312799	
7E:7F	126	127	1	1164.7777010315854	13.161705287699476	4.327946355712276	
FF:F6	255	246	1	1303.3316785305608	15.50492900056563	10.825299800090784	
FD:77	253	119	1	771.938688285942	8.459403565561228	3.7635262996445045	
FB:FE	251	254	1	1640.0410047989287	20.194726331819083	16.940418544269704	
BF:FE	191	254	1	1883.7798999338681	23.16564129325322	16.95048558014974	
BA:FF	186	255	1	2214.611328583425	27.476486416012584	22.93296681352526	
3B:FF	59	255	1	6367.535027091197	78.32833406483815	58.588673829126975	
E7:EF	231	239	1	1488.4089458356661	17.216278443433044	12.935575844305346	
D2:FF	210	255	1	1740.6274042523178	21.601738853263758	16.060299124624905	
F5:FF	245	255	1	1616.0583702154283	20.07036564343638	16.136405887239892	
BE:FE	190	254	1	2109.1059060777484	25.940279607883326	21.18704319726505	
BD:FF	189	255	1	2007.4009705810315	24.903888377552644	19.096877124029856	
6B:FF	107	255	1	3208.2320379171015	39.705028147532744	28.137319657494444	
FE:FA	254	250	1	1138.109578170326	13.710507864070832	8.209404656849097	
BE:EF	190	239	1	1483.1524134730719	17.143507071128923	10.450709338262165	
77:F7	119	247	1	1333.9455268945235	15.961810320299207	5.434636786858161	
F7:FE	247	254	1	1191.2395937645028	14.649705817608961	8.789736894828835	
7D:FD	125	253	1	2883.313493749734	35.08061298411349	26.579042842906038	
BE:FB	190	251	1	2019.0685464330509	24.544630641493676	19.412950091463735	
F6:FF	246	255	1	1660.8202265083157	20.6286029743053	17.10206989789091	
FE:ED	254	237	1	432.40575500258564	4.892124810488167	1.1782532011442053	
FF:DD	255	221	1	171.02364635056367	1.6304323240143257	0.18510328517527944	
BF:F5	191	245	1	1569.2002981130204	18.48008582035758	11.750618280637038	
BF:F9	191	249	1	1740.8592902637047	20.777901186793894	14.473931427667077	
ED:F7	237	247	1	1571.3712122893749	18.867864416170654	14.731340884204796	
DF:F5	223	245	1	1476.3960397611825	17.397773426523845	12.144304823502631	
FE:7D	254	125	1	616.4947719794883	6.797329028652243	2.4026957264969355	
D7:DF	215	223	1	628.1558154232619	6.066264524809694	2.1266218976767144	
FA:FB	250	251	1	1528.1429058691454	18.591421402988036	14.643396315651803	
EF:DB	239	219	1	565.8411354276659	5.342819064204423	1.9146561448659605	
FA:EE	250	238	1	997.4664189889957	11.422014523201442	6.215717605141713	
BF:7D	191	125	1	671.2211017145823	7.396731693730145	2.141857604664446	
9F:FD	159	253	1	1434.9023699864856	17.461663882683602	8.15236274394064	
DF:7F	223	127	1	705.1930575431873	7.983117227816121	2.7572406343199547	
FB:F5	251	245	1	1312.9937825891175	15.476414748260437	10.834325297294415	
DF:E7	223	231	1	539.3221511523636	5.985867146315339	1.609556614525664	
FC:EF	252	239	1	1169.0173212539105	13.52056125804333	8.618933040253582	
FB:F9	251	249	1	889.51888680296	10.607518547196818	4.949087454391754	
BD:F7	189	247	1	1512.0632614983497	18.130483260144015	10.808555926454611	
6F:BF	111	191	1	1047.2945988496213	10.566579851646189	3.1233192467524584	
D7:FD	215	253	1	1661.647188120409	20.25974916001617	14.938288703735466	
9F:FF	159	255	1	1467.6971214229627	18.179920844916598	8.52651239780766	
DD:DF	221	223	1	521.8608339283777	5.038092856322765	1.4999572804706212	
BF:F3	191	243	1	1192.3899426177563	13.99604601954691	6.767023085974414	
EB:FD	235	253	1	1241.229221552668	15.126384923229928	9.081720666780086	
FE:FB	254	251	1	1315.639142249608	15.999813535808999	10.988071024092463	
9F:BF	159	191	1	346.625257365438	3.491715372434915	0.47473492306491805	
AE:FF	174	255	1	1129.9199206654557	13.99160385699354	5.527291649128999	
C7:FF	199	255	1	1767.653590935605	21.931734095472784	15.735876011144919	
76:FF	118	255	1	2089.3292728882275	25.871550233118125	13.266208272628507	
75:FF	117	255	1	2567.4692763639086	31.79615043029887	19.947998432318954	
FB:ED	251	237	1	688.7796550692093	7.802112026490387	2.965368784549411	
2F:FF	47	255	1	4118.472557274721	50.84931352652794	19.801680055023752	
DF:DF	223	223	1	548.634552607874	5.297194113140849	1.6700159387061346	
BF:DD	191	221	1	459.73822924515184	4.38697028934872	1.005210600223746	
BE:FD	190	253	1	1041.4216895116338	12.671368313884088	5.128339728060262	
DE:F7	222	247	1	1001.461468550409	12.000975033263838	5.540645946234389	
6F:7F	111	127	1	901.1477530229519	10.179900315053834	2.296162123206281	
FE:EB	254	235	1	482.2521787819397	5.4462169777803595	1.4663975478923252	
E9:FF	233	255	1	972.1599566277026	12.047539325905793	5.517001564780028	
EF:F5	239	245	1	1092.8308116979442	12.869167569397192	7.143411832412409	
6F:FB	111	251	1	2497.3981430268072	30.300205898488663	17.743707584534665	
B2:FF	178	255	1	1486.4412694922917	18.423241736663588	9.925249962500233	
BD:DF	189	223	1	267.75156306259885	2.581707199717213	0.3375418442880887	
57:FF	87	255	1	2823.0735147101786	34.925448587091275	17.848636943255734	
AF:FE	175	254	1	1734.9047532260322	21.321167187651433	13.141536472426722	
B9:FF	185	255	1	1764.0856119262796	21.8771950675401	14.449323270226516	
FB:DB	251	219	1	300.5039644503452	2.8340091294922662	0.5643623718909875	
EB:F7	235	247	1	57.14298717631704	0.681983148778306	0.01904495992341233	
7D:F7	125	247	1	1736.4731435482202	20.795361627851886	9.604541659626866	
FA:EF	250	239	1	425.1375350933396	4.901335857098547	1.1223763854851776	
EF:FC	239	252	1	1260.6546938753738	15.232478247657356	9.514535808719916	
5F:FD	95	253	1	3003.945655430449	36.51715400272791	21.65484303504721	
EB:FB	235	251	1	1356.3494773227303	16.48870443193609	10.85600455102482	
F5:F7	245	247	1	767.3541375836448	9.19106819907026	3.610515433336392	
EB:FE	235	254	1	1450.7594447036042	17.849293263611308	12.428170094709191	
FF:7E	255	126	1	142.59269979064828	1.567760493125104	0.12827543913068765	
F5:FD	245	253	1	985.4499517797893	12.001535534299741	5.965258971855538	
EB:DF	235	223	1	137.75172696565036	1.3276852252503282	0.11127698789999232	
7C:FF	124	255	1	852.0684192333721	10.534784289750144	2.2861597471216335	
DF:F9	223	249	1	661.4803655921096	7.877542790121548	2.419599215288676	
CF:FB	207	251	1	995.2421654338549	12.07935275206622	5.121353161857849	
6F:F7	111	247	1	2002.377430273436	23.97677886998736	11.394077678429504	
FF:75	255	117	1	14.891873145488725	0.1580902270683418	0.0013981142008103113	
F1:FF	241	255	1	380.78148564802365	4.707334919282025	0.8722566645802642	
D7:7F	215	127	1	256.37939765454774	2.895585794649267	0.3522238226700056	
5B:FF	91	255	1	1698.2940774028245	21.005196830994997	6.65069978836925	
6F:FD	111	253	1	529.6048436229634	6.427583548769685	0.7925388157138951	
F2:7F	242	127	1	636.5528214037641	7.205607494113592	2.4584212267736203	
6F:EF	111	239	1	845.6753866257769	9.745077915813418	2.0250638565236696	
FF:F8	255	248	1	356.35995737063763	4.201997702836138	0.801515948369069	
E6:FF	230	255	1	442.6906287565359	5.473797657561146	1.1276042012899434	
67:FF	103	255	1	2410.975096176808	29.843620498319407	15.440261746530945	
7E:BF	126	191	1	97.38928498625519	0.9801622690478763	0.030294641148364998	
EE:EF	238	239	1	166.62303384580014	1.9181626780028744	0.16408087962240364	
7F:CF	127	207	1	75.61666882116806	0.6785757261614166	0.018422825281004012	
7F:F9	127	249	1	167.63873012541862	1.9911453559513808	0.09004520156440206	
FF:FA	255	250	1	956.0535668431182	11.509996000908801	5.80195393182456	
3F:F7	63	247	1	308.22672644133354	3.6790252200171207	0.14581091145401395	
5F:F7	95	247	1	894.4481143962487	10.690602950560558	1.9112339022310836	
FD:B7	253	183	1	229.43192210391862	2.223377647686225	0.3311733793409504	
BB:F7	187	247	1	504.90048955000645	6.0365501142466345	1.1843908359214002	
A7:FF	167	255	1	1210.5618206359072	14.991368215027343	6.155250345903344	
EF:E7	239	231	1	591.6460560797461	6.56907777924585	2.086206444854809	
ED:FD	237	253	1	432.7138627363621	5.256799479739338	1.104560727867286	
7F:FA	127	250	1	360.785665042196	4.327081811321583	0.41730888424778684	
B3:FF	179	255	1	411.0855576663709	5.079812868676669	0.7572593035974957	
FD:F3	253	243	1	539.4984040267574	6.32415731121722	1.8292654655086902	
DD:FD	221	253	1	442.94876306563026	5.380488579798639	1.0746632257088453	
DD:EF	221	239	1	299.7068252643407	3.452276135415123	0.4920470140471114	
E7:FD	231	253	1	1149.3306232267598	14.00169694316673	7.68135627290072	
FD:ED	253	237	1	243.40952142052825	2.7510345325308503	0.37154921921929457	
FE:E7	254	231	1	113.27666289786754	1.2547764414646247	0.08063186422596633	
3E:FF	62	255	1	1504.8059618462466	18.59300451111737	3.428279899429247	
EC:FF	236	255	1	592.5493728086635	7.332256403116218	2.0660736297586393	
3F:7F	63	127	1	345.4781728725391	3.8983848335770026	0.18323950616756485	
9F:FB	159	251	1	473.6508755155853	5.7348473070665404	0.8837092917549164	
F3:DF	243	223	1	20.54551936723831	0.1978926927213963	0.0025610796987603217	
F8:F7	248	247	1	417.52433824639854	4.9931027265201	1.074596286398216	
E8:FF	232	255	1	380.54245317113947	4.703993267963591	0.8377257342608145	
5F:BF	95	191	1	62.42664647782701	0.6281853914542425	0.009325653325779289	
BB:DF	187	223	1	30.517719211165442	0.2939490593665616	0.004332913499773198	
72:FF	114	255	1	510.1170369441282	6.301401329892729	0.7632970445156262	
F7:E7	247	231	1	218.18675930758965	2.418280784322605	0.29273943658210483	
EF:9F	239	159	1	16.71874644727057	0.13489653246612568	0.001667038065243875	
E5:FF	229	255	1	556.3018614954813	6.882132010518729	1.7768354187597477	
AF:F7	175	247	1	419.22578763477514	5.010004641306129	0.7615624830805063	
7F:6F	127	111	1	41.60004501593249	0.37519482538541354	0.005573582656534618	
3F:FD	63	253	1	583.1807360786385	7.073925647970289	0.5218175718479728	
FA:FE	250	254	1	285.63214440790574	3.4989175788166844	0.5051508250558021	
7F:EB	127	235	1	435.2155049592972	4.907945877219018	0.608429331291382	
CF:BF	207	191	1	105.50971451909213	1.0621288720066133	0.05739533397521443	
F7:7B	247	123	1	79.85142321287303	0.8852226360366398	0.0391588948665868	
D3:FF	211	255	1	689.9636128428655	8.538233716050676	2.511905111843947	
FB:D7	251	215	1	132.63254797909252	1.238989388517342	0.10977071590420592	
7F:B7	127	183	1	303.66577965480457	2.9415196542600563	0.29708877987039817	
77:EF	119	239	1	807.0906353494244	9.302204199453234	1.9883043282295152	
F9:EF	249	239	1	180.3720814714039	2.076703269178933	0.20093949029727537	
FE:E6	254	230	1	8.216870792173879	0.08911103844440504	4.240006610303152E-4	
7D:FE	125	254	1	377.1188217941453	4.6170287018389935	0.4501343718852165	
7D:EF	125	239	1	55.63262082684314	0.6399490602120795	0.009798180100578154	
FA:7F	250	127	1	451.52672109000076	5.106342322151587	1.2675939371385656	
AF:FD	175	253	1	408.93976015671905	4.964516161514071	0.724291799456047	
FF:BD	255	189	1	32.51000602710953	0.317918018275368	0.00667557897214746	
B7:FB	183	251	1	39.08658195036721	0.4725367256928267	0.006963127373568013	
5D:FF	93	255	1	530.9656725727336	6.557419339102643	0.6616784732191039	
DC:FF	220	255	1	54.683794378095406	0.6747905114426795	0.01625626308782554	
F9:F7	249	247	1	197.12795129780892	2.3546270004107086	0.23983456103499726	
9A:FF	154	255	1	338.9077512966783	4.185903884883203	0.4404420278487065	
F2:FE	242	254	1	120.3110773264716	1.4723705386477786	0.08714204263688066	
F7:F5	247	245	1	199.09101237760387	2.3353591543810523	0.2433689783693095	
CF:FE	207	254	1	176.24657763610332	2.1572687670308093	0.15952606264845662	
F7:77	247	119	1	88.93161641978787	0.9707552086626158	0.048592183253101315	
37:FF	55	255	1	74.93074962289587	0.9244577317436214	0.007721105205516542	
BB:EF	187	239	1	53.00834680336672	0.6098035132993128	0.013025436795557897	
7B:F7	123	247	1	376.1474711800013	4.49261449184964	0.44117599590623763	
DD:FB	221	251	1	133.8951747382405	1.6195876942762584	0.09794824343971852	
EF:D7	239	215	1	28.063310362279168	0.2619874757974511	0.004685473664158551	
FB:F6	251	246	1	201.29023978744408	2.382969971858484	0.25172684651283583	
EF:BB	239	187	1	60.45342963875046	0.5921404964640308	0.02173020141177387	
7F:FC	127	252	1	258.39183665239085	3.1071946344465116	0.21394221591916654	
3F:EF	63	239	1	126.17749201491485	1.451459040440469	0.024452901311857688	
AB:F7	171	247	1	131.73098446557387	1.5725043470656537	0.0736441530031168	
DE:FB	222	251	1	34.99139675154648	0.4230337407272492	0.006705897293660351	
9D:FD	157	253	1	6.3006377400287565	0.07636757697874062	1.545496427030725E-4	
DF:77	223	119	1	98.51388443841081	1.0753510720023753	0.053519101984387876	
7F:BD	127	189	1	99.45882303251136	0.9727259878968463	0.03182550261585227	
7E:FB	126	251	1	258.1311665745971	3.1225542508757327	0.2120639961701111	
5E:FF	94	255	1	500.6544531285975	6.182770659626991	0.5925128058118353	
F3:FB	243	251	1	99.84967054836429	1.207629632223241	0.06023604839098877	
EF:F9	239	249	1	123.44674299358537	1.4665327572377134	0.09028150371977517	
6E:FF	110	255	1	182.70367787351157	2.254986668208916	0.09347182179773313	
7F:F5	127	245	1	207.9712304950512	2.4382404154032806	0.13865546795090264	
7E:FE	126	254	1	78.59045419227415	0.9613506847449333	0.019637294991029595	
FE:F5	254	245	1	267.4542117847722	3.1385790268837233	0.44960450437980465	
EE:FC	238	252	1	162.5680261927938	1.9551766911158635	0.15602813098771004	
BC:EF	188	239	1	124.06062632632022	1.427640726130748	0.07179845290861718	
BC:FF	188	255	1	129.6269275760247	1.6000474184225537	0.0782541265219624	
7B:BF	123	191	1	91.80200794284634	0.9239080726691478	0.0263509416793827	
BB:FB	187	251	1	61.64008430273045	0.745275004683782	0.017592780701748703	
BF:E7	191	231	1	30.627454364348644	0.33907677041747325	0.0044329867364767085	
AF:FB	175	251	1	5.175757162601693	0.06256261575874801	1.157404460166371E-4	
7E:F7	126	247	1	185.47649791202028	2.2141336361822215	0.10949209945567326	
B7:F7	183	247	1	55.734758282519664	0.6651244267735462	0.01416391848474911	
E2:FF	226	255	1	114.66378384741934	1.4154136678031672	0.07428012267314255	
77:FD	119	253	1	177.3352139293847	2.1504748991556935	0.09561178696511	
77:DF	119	223	1	40.45429033801645	0.38965177673978235	0.004998319891861202	
AB:FB	171	251	1	248.62736601958375	3.0082486536360213	0.262430774180679	
7F:F6	127	246	1	30.90925453833676	0.3655170523252401	0.003059748449499099	
B6:FE	182	254	1	1.8993736782798256	0.02322842056118088	1.636050161807077E-5	
7B:FE	123	254	1	110.55636610581568	1.3524932239390621	0.03804742645155732	
FF:67	255	103	1	13.963283845069354	0.11912455986471952	0.0012343492598207372	
B7:DF	183	223	1	66.43604527753996	0.640018781141133	0.020220957366652	
FB:77	251	119	1	10.117285683256748	0.11038512846129206	6.358995241209376E-4	
4F:FF	79	255	1	86.51628103574937	1.067469017220835	0.015120677171140086	
9E:FD	158	253	1	40.230281769017644	0.48767954335635105	0.006329091358142132	
F3:EF	243	239	1	14.301208912772315	0.16449413555494488	0.0012361438286172882	
FD:F9	253	249	1	140.558056309756	1.6700475391951604	0.12361667831039952	
9E:F7	158	247	1	30.06289464481573	0.358714938617467	0.003535419311588975	
D7:FE	215	254	1	18.729771254167467	0.2290768059048665	0.0018717694156826258	
EF:7D	239	125	1	44.90664322401203	0.4934729547537839	0.011960301085114035	
EF:ED	239	237	1	27.94247998771234	0.31540406446402947	0.004626896526057491	
7B:E7	123	231	1	37.328904137805544	0.41325697684437585	0.004346641576404212	
DD:7F	221	127	1	75.12920301042797	0.8477257552243757	0.03087644326233218	
FC:FF	252	255	1	52.45677324848098	0.6473281326855173	0.017128362239043026	
EF:CF	239	207	1	31.928445844446628	0.2865073325822102	0.006069613298888133	
EF:BD	239	189	1	10.376605284100366	0.10145925783572705	6.399185097707727E-4	
DF:BB	223	187	1	26.442096289471646	0.2589456901175071	0.003861501429690998	
73:FF	115	255	1	13.525885417947558	0.16686526961121917	5.395816946729399E-4	
FD:F5	253	245	1	21.67251005588749	0.2539587468892644	0.0029363163583075533	
7D:FB	125	251	1	49.90023284497175	0.6032558979093665	0.00787334857426554	
3F:BF	63	191	1	16.00189737516346	0.1610034728548044	3.943500187576546E-4	
D5:FF	213	255	1	45.96903917703383	0.5672218019424623	0.011193575135365194	
BF:D7	191	215	1	46.734556550893544	0.4363178681861537	0.010359199839985995	
7F:AF	127	175	1	24.560013156808672	0.2222375285325839	0.001942706681882572	
3A:FF	58	255	1	91.7606288143686	1.1321262180069134	0.011970346791009518	
7D:DF	125	223	1	29.993741513197794	0.2888887426870809	0.002858525425463475	
7E:F6	126	246	1	16.694996164540576	0.197417542255154	8.866788161285514E-4	
9B:FF	155	255	1	22.872716935419053	0.2821881070956914	0.002012754669125121	
7A:FE	122	254	1	20.149615796648863	0.2464331699970201	0.0012547999183337843	
EB:EF	235	239	1	4.766412889593537	0.05482063205914749	1.325570638228156E-4	
DF:FC	223	252	1	36.49506049269723	0.4386008879037484	0.007323399921611577	
BA:FB	186	251	1	36.06664232861538	0.4360220844014611	0.005995558069253512	
C3:FF	195	255	1	6.954723697648038	0.0857980839323283	2.3621514443421008E-4	
77:BF	119	191	1	28.67949938798862	0.28857754413051523	0.0025098483134019796	
7B:EF	123	239	1	48.31270269621951	0.5557332066438807	0.007274858871200334	
CF:7F	207	127	1	23.85253100200866	0.2690649845528912	0.0029241157247127322	
BE:F7	190	247	1	11.169914202549233	0.13327250004024302	5.859603119460418E-4	
E7:FE	231	254	1	24.48503996853871	0.29947947283397924	0.0034497437587760306	
DE:EF	222	239	1	9.066823473173773	0.10428383487270196	4.506748817876886E-4	
EF:7E	239	126	1	34.94891976137594	0.38399221356678814	0.007243400732664989	
FE:F2	254	242	1	6.905804518331774	0.07997799137757639	2.990411633811637E-4	
FF:E6	255	230	1	4.901237161709985	0.053152270115702026	1.5135703832942624E-4	
EF:BE	239	190	1	18.498747011353526	0.18405821392489904	0.0020332190019509747	
D6:FF	214	255	1	12.824337759845271	0.1582149068040846	8.738918150188357E-4	
D7:ED	215	237	1	5.897915307886542	0.06656459159062562	1.8593720504718957E-4	
E7:DF	231	223	1	3.660377356703661	0.03525282498648315	7.748739923369076E-5	
FF:73	255	115	1	10.563614269151547	0.11331304395897362	7.033157867090577E-4	
F3:FD	243	253	1	6.264146592730317	0.07592628610055649	2.3684827009188834E-4	
3D:FF	61	255	1	22.510968109175636	0.27771007400982267	7.541059515290139E-4	
6D:FF	109	255	1	32.53140841473308	0.40135112184275124	0.0029180709097821706	
F3:7F	243	127	1	5.486304109795199	0.06188194409544836	1.8198823183214336E-4	
FA:BF	250	191	1	11.910065267095302	0.11983928367067413	8.797625536411919E-4	
57:F7	87	247	1	24.56295408893498	0.29307057754262783	0.0013444809659604563	
FF:F1	255	241	1	4.926347816795502	0.05639607613449841	1.527260021402346E-4	
EF:EB	239	235	1	14.58232763760633	0.16424721269720563	0.0012600295411606495	
EB:7F	235	127	1	9.068956073244982	0.10229394297122246	4.8012232595512247E-4	
67:FE	103	254	1	44.761917983114536	0.5474757997781253	0.005286817079921915	
67:FB	103	251	1	5.121842975140718	0.06191037590341876	6.923154241027373E-5	
FD:DB	253	219	1	2.830212487063947	0.02664538962775631	5.029854088709729E-5	
ED:BF	237	191	1	1.7853356189827827	0.01796294657588631	1.8805991925149976E-5	
7B:FD	123	253	1	31.359234580483644	0.38012055467744177	0.0030609285937565427	
DB:FB	219	251	1	31.14454297130512	0.3765180380012684	0.005248261479485142	
CA:FF	202	255	1	33.06511443858685	0.4079664775167592	0.005490661525378041	
7F:7E	127	126	1	1.063825524295955	0.011686140758150753	3.6301853998587106E-6	
BE:EB	190	235	1	20.05340770085215	0.2258721739670947	0.0018912950027655322	
F5:FB	245	251	1	11.014590767442835	0.13314616341263338	7.382462097880946E-4	
3E:FD	62	253	1	15.466077779117615	0.18745809038495137	3.6201957713622183E-4	
FF:E9	255	233	1	39.046256313923884	0.4314589170519881	0.0096056096472664	
BF:F6	191	246	1	5.36793199140937	0.06347379294993373	1.3593970066550022E-4	
BA:FE	186	254	1	16.737518345770948	0.2047056733936175	0.0012906837874578495	
71:FF	113	255	1	12.088541805203258	0.14913244478882254	4.253060866351427E-4	
DE:FD	222	253	1	1.515184927443823	0.018364669888673486	1.2569361219696215E-5	
2B:FF	43	255	1	34.533839671942744	0.426033716591126	0.001291192845199472	
EF:6F	239	111	1	1.9583691930597047	0.017660613238669538	2.2826030489458504E-5	
77:7F	119	127	1	4.410255510036047	0.04974383557348836	5.9197197651062166E-5	
FB:3F	251	63	1	4.27742888696153	0.04869214066298304	1.1354917495255957E-4	
E3:FB	227	251	1	9.96199320936855	0.12042092912940366	5.625004592221548E-4	
FB:FC	251	252	1	2.269392113524722	0.027268723396691414	3.192060292538394E-5	
EE:DF	238	223	1	7.378151391562406	0.0710600259402283	3.224697809991169E-4	
F7:DF	247	223	1	7.036219845386888	0.06776680754901639	3.0468935106454877E-4	
FA:F6	250	246	1	2.0437213227026283	0.024165936743047258	2.5810191925759013E-5	
8B:FF	139	255	1	4.2319323370865956	0.05220693042425767	6.281346980772374E-5	
F6:F7	246	247	1	7.065001360464521	0.08429444197821655	3.047201291359214E-4	
DA:FB	218	251	1	1.1624954503213858	0.014051584764290885	7.282185214776741E-6	
B7:FE	183	254	1	7.237281109192792	0.08851058956830338	2.386065723088773E-4	
FA:D7	250	215	1	3.0652520348085273	0.02861173609218387	5.835320515478581E-5	
DD:F7	221	247	1	2.2514353773982694	0.026861660048092154	2.7671890511174756E-5	
FB:BE	251	190	1	2.0166548985309247	0.02006330499316319	2.5311885383294978E-5	
7D:7F	125	127	1	5.162162839409235	0.05822486350364896	8.438057481061335E-5	
EE:FA	238	250	1	8.036750186288172	0.09628981712688883	3.8080196615804387E-4	
F9:7F	249	127	1	3.4567636021927006	0.03898958621146571	7.370445365816904E-5	
AF:DE	175	222	1	1.3480540408550075	0.012913201845178844	7.891104759823874E-6	
F9:FB	249	251	1	2.568103335518387	0.0310420699154215	4.0613017579773004E-5	
BF:6F	191	111	1	2.208678496997717	0.019917884310715384	2.3144370357533674E-5	
CF:DF	207	223	1	4.472946771173547	0.04307870189937037	1.0315048414892822E-4	
F7:FC	247	252	1	8.365133430616531	0.1005180829201172	4.285888883585334E-4	
6F:EE	111	238	1	5.710830170911302	0.06507379369532659	9.212983878602082E-5	
B7:7F	183	127	1	4.649094943723877	0.05243814478156879	9.865014927542816E-5	
72:FB	114	251	1	5.269843618666497	0.06369945836716567	8.13591349346193E-5	
A7:FB	167	251	1	2.6955541390197824	0.032582489207967295	3.0316619114099643E-5	
F6:DF	246	223	1	3.6202365206281613	0.034866267449295774	8.038042268373759E-5	
DE:EE	222	238	1	3.556928178372561	0.040530637898170664	6.937065509549041E-5	
EA:FE	234	254	1	4.519502329939861	0.05527229553291167	1.1857893074099719E-4	
BD:FB	189	251	1	7.762569404872503	0.09383233470292719	2.8176236023931995E-4	
F7:BE	247	190	1	1.1351667834896222	0.011293489533161654	7.924903108966663E-6	
F7:9D	247	157	1	2.604446328035253	0.020892863037671783	4.187899175682247E-5	
6F:7B	111	123	1	6.301178353672953	0.0698214252585763	1.1223169552543417E-4	
F6:FB	246	251	1	10.25299878479506	0.12393936838387293	6.415862705793496E-4	
5E:FD	94	253	1	4.5217299646730655	0.05480537297909124	4.829790264628464E-5	
F2:DF	242	223	1	4.659363118621532	0.04487429588150782	1.3124013778700457E-4	
7F:77	127	119	1	1.355634468290578	0.01478985283817989	5.8957535475505076E-6	
EE:FB	238	251	1	2.2343272622947783	0.027007464773490582	2.9424884716904905E-5	
EE:7F	238	127	1	2.1480933927649923	0.02422860257508056	2.724185973274781E-5	
6E:FE	110	254	1	6.48031282393162	0.0792518397217826	1.1755143920656017E-4	
CB:FE	203	254	1	4.944212722447648	0.0604663104393516	1.23267580525844E-4	
BE:BE	190	190	1	1.58352655479294	0.015754115988707365	1.182291892622476E-5	
BF:B7	191	183	1	4.50872045653597	0.04363383864613564	9.631945415389294E-5	
B5:FF	181	255	1	9.01428484844484	0.11120694152971741	3.67000471436206E-4	
ED:FC	237	252	1	1.2543607422931784	0.01507213662801659	9.24671253407044E-6	
5F:F3	95	243	1	2.2900365249362715	0.026763944680020062	1.2504725816632903E-5	
7E:F9	126	249	1	1.1723520894076043	0.013917559926337433	4.371601527406462E-6	
FD:FC	253	252	1	2.6123065571108017	0.03138920960020685	4.262723441239714E-5	
7F:3F	127	63	1	2.5732500245721974	0.029292074696203985	2.122300807335817E-5	
7A:F7	122	247	1	4.067482012672394	0.048528752377332784	5.115973638634482E-5	
53:FF	83	255	1	2.8880594913351265	0.035628032123671514	1.7871337888969017E-5	
BB:FC	187	252	1	1.4241656435178802	0.017112463555268954	9.388928140114307E-6	
F2:F7	242	247	1	1.2545799583701098	0.014968202720294038	9.470695502791878E-6	
CB:7F	203	127	1	2.0481789618907302	0.023101602016600303	2.1194111400692335E-5	
FB:DE	251	222	1	4.602664128314979	0.04409057751937007	1.3195150950763655E-4	
F7:7D	247	125	1	1.1537472950414565	0.01267510915492659	8.16937199175929E-6	
6F:FC	111	252	1	2.6369980504343125	0.03168561976861027	1.961884118897578E-5	
B2:FB	178	251	1	2.466195431589871	0.029810109661288102	2.7072655649093863E-5	
7F:75	127	117	1	2.5670154324408805	0.02724878574122823	2.115292112485609E-5	
F7:AF	247	175	1	2.3804511155354575	0.021538733867119318	3.491293679495546E-5	
F7:EE	247	238	1	1.933096419840566	0.022027162294026587	2.291496520016864E-5	
D7:DD	215	221	1	3.8500433999035084	0.03666661266581713	7.951227746191199E-5	
6F:DF	111	223	1	5.2134164363749	0.0502097105246578	7.705348473831566E-5	
3D:FD	61	253	1	1.8418230808904659	0.022323536243496984	5.050390297703424E-6	
8F:FF	143	255	1	4.543662953318906	0.05605265419653175	7.406361416306838E-5	
ED:7F	237	127	1	1.4331750425692302	0.016164884484070108	1.2088934543372576E-5	
DB:BF	219	191	1	2.7011253617033884	0.027177170529972504	3.9629077781013505E-5	
5F:EF	95	239	1	2.752382976955535	0.031655709676047486	1.807052337282465E-5	
FF:CE	255	206	1	1.2916057641394758	0.011522662250792974	1.0551571477301492E-5	
7F:9F	127	159	1	1.3024361918811471	0.010507812266974476	5.473363512117522E-6	
DE:E7	222	231	1	2.4299540576108956	0.026898537170834153	3.239682339891407E-5	
7F:7B	127	123	1	1.1809158157464725	0.013085183687279671	4.472417856280605E-6	
AF:F6	175	246	1	4.585465320926508	0.05422111956464226	9.089360282295476E-5	
37:FD	55	253	1	1.045694704465612	0.012674167002712532	1.5043497333814914E-6	
E7:7F	231	127	1	1.2541760805646964	0.014145925301759489	9.066605217221302E-6	
7D:E7	125	231	1	2.77677001209108	0.030737500393767075	2.4425567113694473E-5	
F7:ED	247	237	1	1.4815090787732557	0.016720118681624818	1.3462143205877599E-5	
EC:FE	236	254	1	1.9574616750213711	0.023938876496284792	2.2428584550454512E-5	
7F:B5	127	181	1	1.8714794589594617	0.017705692925950877	1.1269267421301432E-5	
FC:7F	252	127	1	2.1258398633486344	0.023977616023328496	2.817631548791092E-5	
3B:F7	59	247	1	1.4920203207729068	0.01780097183617542	3.211748984892271E-6	
FF:E3	255	227	1	1.1864602223717904	0.012728871367420683	8.87120110169042E-6	
E6:FE	230	254	1	4.785071305950219	0.05852020198549634	1.3125381650353372E-4	
C7:7F	199	127	1	2.3534057852241657	0.026544320196390206	2.7581258623925236E-5	
FE:F4	254	244	1	1.459018487144043	0.016942739992180482	1.3346653300136545E-5	
D7:FB	215	251	1	2.1114778342410743	0.025522472083382267	2.379172262748654E-5	
7E:DF	126	223	1	2.190234732189569	0.021093691821033274	1.532744352555992E-5	
DF:FA	223	250	1	2.4720462784843975	0.029617056124939485	3.359406802843929E-5	
ED:FB	237	251	1	6.334788202279642	0.07657368205370772	2.3581117811748506E-4	
73:FE	115	254	1	2.6786566030954426	0.032758650188464356	2.1165916950535363E-5	
F2:FA	242	250	1	1.983403443744389	0.023762691952754534	2.3668276027564864E-5	
BE:F6	190	246	1	2.376686055916766	0.02810302967272529	2.653252631843597E-5	
37:F7	55	247	1	2.442004908386037	0.02913506760310566	8.20726081884664E-6	
BB:FE	187	254	1	2.1124998350073625	0.02583488016530639	2.0649191148960126E-5	
E7:DD	231	221	1	2.07052331605786	0.01971884814660072	2.479858327978023E-5	
FD:BE	253	190	1	1.2285416609249176	0.012222461590866207	9.46722843308114E-6	
FB:AF	251	175	1	1.1034192614866638	0.009983851077005317	7.591467284214953E-6	
9B:FD	155	253	1	1.2769215015668742	0.01547676616964242	6.2751507578867E-6	
77:FB	119	251	1	4.538422929508292	0.05485828984403805	6.258645191543533E-5	
BE:D7	190	215	1	0.0	0.00772821988079794	3.236130120326139E-6	
3B:EF	59	239	1	2.4438904359124813	0.028107589932686326	8.624481044499359E-6	
FA:F5	250	245	1	1.1759519602049768	0.013778066881568534	8.547081833203953E-6	
B9:FD	185	253	1	1.5363391347759796	0.018621044571534844	1.0833908653745868E-5	
EF:EE	239	238	1	4.373240107471817	0.04983270154683219	1.1328618553527551E-4	
BE:7B	190	123	1	2.3071898613000057	0.025565087239364487	2.5041186402037007E-5	
F1:F7	241	247	1	4.075501539199589	0.048625007555582314	9.964381649300467E-5	
DF:BE	223	190	1	1.6433871996226392	0.01634968099854431	1.4907532592975086E-5	
5F:7F	95	127	1	2.345553226646763	0.02645558874207416	1.3129086316294552E-5	
7D:FC	125	252	1	2.2904784260655937	0.027521906663251515	1.6587716446139346E-5	
7D:DE	125	222	1	2.2741958149496404	0.021784875718692875	1.6433263751291776E-5	
77:BE	119	190	1	1.6272805728737085	0.016189373645568425	8.08098448029712E-6	
EA:FB	234	251	1	2.1175579645958695	0.02559599184351557	2.603825750332386E-5	
9E:FE	158	254	1	0.0	0.011325372662843903	3.3522672318268057E-6	
E6:EF	230	239	1	2.31973137110725	0.02667987609497402	3.089149951789927E-5	
BD:FE	189	254	1	2.2002007099506335	0.026907434318837485	2.262847511544027E-5	
FC:DF	252	223	1	1.4340858782938968	0.013811407792628523	1.2865061837540622E-5	
EA:DF	234	223	1	2.0972920542798468	0.020198685843744305	2.566907089328271E-5	
5F:DF	95	223	1	2.150964676515427	0.020715451961705534	1.1077834159911442E-5	
FF:2F	255	47	1	2.178085299234566	0.01866290005727866	3.0027604060037615E-5	
CB:FB	203	251	1	2.2544299533112375	0.027250407517773242	2.563560972887833E-5	
FF:57	255	87	1	2.109242687728782	0.015582042821786591	2.8226317207613692E-5	
1F:FF	31	255	1	1.9831096411295142	0.024464157809009218	2.3889335339365856E-6	
7F:BB	127	187	1	2.1743990150592736	0.02129080703109705	1.520251612042295E-5	
FC:FB	252	251	1	2.215648237988522	0.026781698388209076	3.055734897901111E-5	
8F:FB	143	251	1	1.6853839771600068	0.020371959926485106	1.0195365723330988E-5	
EF:F3	239	243	1	0.0	0.010874305295491106	5.124931438935569E-6	
FE:EC	254	236	1	1.3890887284268965	0.015532431611668578	1.2108427667909175E-5	
6B:EF	107	239	1	1.3280218499587633	0.015273801037025718	4.782735399427422E-6	
7F:DE	127	222	1	2.111233157017368	0.02022382229450766	1.43381868432048E-5	
3B:FE	59	254	1	2.1567213566655	0.026375513399903825	6.7068442993955065E-6	
4B:FF	75	255	1	2.1585876692887838	0.026628979448853996	9.0187868815847E-6	
76:EF	118	239	1	1.1649559164904337	0.013398351417126302	4.0997969716778765E-6	
1B:FF	27	255	1	2.080350326253676	0.025663737780794754	1.9788144277052E-6	
FF:BA	255	186	1	2.0972103193126617	0.02030369027817367	2.7776703227696642E-5	
F6:BF	246	191	1	1.3213585491731326	0.013294662998142949	1.0698707406901244E-5	
BA:7F	186	127	1	2.102617609180664	0.023715605417654453	2.040564397884521E-5	
FE:F3	254	243	1	2.1090069474850526	0.024648419879475036	2.788330196273752E-5	
FE:AE	254	174	1	2.0486877349287944	0.018321181497340334	2.645704259938526E-5	
B9:FB	185	251	1	2.0751265085177173	0.025083032157575045	1.9766536243325762E-5	
FE:77	254	119	1	2.0483552514049648	0.022347565307181787	2.6343912636699725E-5	
E9:FD	233	253	1	2.056063867369735	0.02492043654597437	2.4469792347260353E-5	
F5:DF	245	223	1	2.026804986376246	0.019519839117964653	2.511895034299491E-5	
3E:DF	62	223	1	2.026842481919644	0.019520019145594297	6.248697588818799E-6	

