BMLVN	8	x2
metabolism	0.9970000
mutations	0.0010000
catastrofic	0.0010000
minWeight	0.1
start biomas	2.0	_
env.size	25000.0
feedSourceH	FF
feed port max	75000.0
timeQuant	0.01

key	suscepBits	activeBits	maxsize	popBiomas	currincome	currloss
FF:00	255	0	1	14031.607755537158	503.8393859863281	323.47240440190643	
07:FF	7	255	1	22517.16329898547	69.53992094599334	0.0	
0F:FF	15	255	1	22515.87390783357	69.5360858351823	0.047717876094274005	
17:FF	23	255	1	6847.177381366068	21.146227328538213	0.012694277731155756	
03:FF	3	255	1	17445.56012900858	53.87725159343185	0.0	
0B:FF	11	255	1	22301.303370089994	68.87327914074093	0.0	
13:FF	19	255	1	10653.354452738537	32.90087453535787	0.013531247869795898	
06:FF	6	255	1	1159.8521241717833	3.581979841465302	0.0	
02:FF	2	255	1	240.09827460249838	0.7414972664820266	0.0	
1B:FF	27	255	1	77.34428129760212	0.23886538912942454	0.0010580866012037812	
0B:FE	11	254	1	124.13863533724674	0.38187803328218417	0.0	
01:FF	1	255	1	83.78549023428498	0.25875534542026385	0.0	
1F:FF	31	255	1	42.2345346226982	0.13043419576290827	3.631207310410024E-4	
03:EF	3	239	1	7.4694163131305515	0.0216246241976985	0.0	
4F:FF	79	255	1	76.07332505063083	0.23494488133031968	0.0030034043961787564	
87:FF	135	255	1	75.22459509962836	0.23232852287568334	0.00501692456440636	
05:FF	5	255	1	101.16476065141919	0.31242787400920047	0.0	
0F:FB	15	251	1	25.69298991440172	0.07810677921176655	6.214023731872183E-8	
0B:FD	11	253	1	97.21375532527458	0.29787723576801545	0.0	
0E:FF	14	255	1	28.05761465015473	0.08665053779609976	6.915760189640103E-8	
0F:F7	15	247	1	16.259345052118544	0.048642984516088054	2.4888095848557648E-8	
07:7F	7	127	1	29.96014875404826	0.0870021459274848	0.0	
07:FD	7	253	1	20.561615846295165	0.06300381330527441	0.0	
2B:FF	43	255	1	18.499227527318567	0.057131581099842975	9.670502690369997E-5	
0F:FD	15	253	1	12.729216813804326	0.039004191431863636	1.5251972359120388E-8	
07:DF	7	223	1	27.622850330962315	0.07676363828964865	0.0	
43:FF	67	255	1	14.607965587637489	0.04511416383012245	9.398380786228772E-5	
03:F7	3	247	1	10.238403840490024	0.030630170964818886	0.0	
07:F7	7	247	1	25.650884362777617	0.07673959590492903	0.0	
0B:BF	11	191	1	15.443051821274853	0.03714317222183208	0.0	
07:EF	7	239	1	9.065092554852898	0.026244248760300983	0.0	
0F:7F	15	127	1	9.909671137173776	0.028776979952103928	7.406967134231902E-9	
8F:FF	143	255	1	22.467130358459176	0.06938676253494382	4.742096607678814E-4	
07:BF	7	191	1	12.299160885819433	0.029581578579997277	0.0	
0F:FE	15	254	1	16.04533855306904	0.04935902769168509	2.423315294033485E-8	
4B:FF	75	255	1	1.7334114187391656	0.005353311764093465	1.4813877652390178E-6	
07:FE	7	254	1	2.1068866365362444	0.006481251569450527	0.0	
47:FF	71	255	1	22.973175444202106	0.07094893112658772	2.4629613459547643E-4	
03:DF	3	223	1	7.231681363201542	0.020096773712325915	0.0	
2F:FF	47	255	1	10.5584959239414	0.0326079831471403	3.443493998308027E-5	
09:FF	9	255	1	15.590190160014524	0.0481472988788628	0.0	
0B:7F	11	127	1	8.22567921490299	0.02388678872333598	0.0	
97:FF	151	255	1	2.1641050477928045	0.006683435739836106	4.6467457148592475E-6	
0B:DF	11	223	1	2.2120725271853057	0.006147328509288064	0.0	
8B:FF	139	255	1	3.0740270633472453	0.009493566699102401	8.630565146478313E-6	
0F:DF	15	223	1	1.2651831021982438	0.003515931805560202	1.5075685498588104E-10	
0F:EF	15	239	1	3.1779040665655223	0.009200314765628203	9.509354643389296E-10	
17:FB	23	251	1	1.5022888685812539	0.004566963406210954	6.111278705998495E-10	
0B:F7	11	247	1	2.7728978031884806	0.008295661619025256	0.0	
0B:FB	11	251	1	1.811870378976185	0.00550809227658083	0.0	
0F:BF	15	191	1	3.393686267426089	0.008162394000674058	1.085521041353613E-9	
0D:FF	13	255	1	3.98030415954676	0.012292402600196217	1.2923682157996255E-9	
17:F7	23	247	1	1.0088039047594077	0.003018032552981912	2.7560091945819197E-10	
16:FF	22	255	1	3.287988492182235	0.010154319037902752	2.145708292750749E-9	
03:7F	3	127	1	1.7145923408400765	0.004979054485627664	0.0	
0A:FF	10	255	1	1.8883117789438864	0.0058316871484012526	0.0	
03:BF	3	191	1	1.6385765091592377	0.0039410558342169505	0.0	
13:EF	19	239	1	1.977748972438441	0.005725759082572681	4.665241774153434E-10	
12:FF	18	255	1	2.0003317337842996	0.006177639199815344	4.519464192732264E-10	

