BMLVN	8	x2
metabolism	0.9970000
mutations	0.0010000
catastrofic	0.0010000
minWeight	0.1
start biomas	2.0	_
env.size	25000.0
feedSourceH	FF
C7
B5
23
11
feed port max	75000.0
timeQuant	0.01

key	suscepBits	activeBits	maxsize	popBiomas	currincome	currloss
FF:00	255	0	1	8075.854882441806	747.365478515625	366.49569051444195	
C7:00	199	0	1	8164.898773335265	323.4635009765625	327.02568844962303	
B5:00	181	0	1	8776.561668218763	643.5208740234375	320.72936726335286	
23:00	35	0	1	19329.60770137816	135.69393920898438	345.0402341789035	
11:00	17	0	1	25000.0	177.7323760986328	28.21254621339409	
FF:FF	255	255	1	1368.474995777566	20.68214100959147	11.390833603238908	
FD:FF	253	255	1	2301.4142207220857	34.854351574230726	32.312185208840745	
BF:FF	191	255	1	3021.5099246936047	45.68267542631459	42.320173951804755	
FF:BF	255	191	1	1802.5187693315581	22.022301360494648	19.98827359550821	
FF:FD	255	253	1	2251.801560567022	33.57036596074708	31.124850500673816	
DF:FF	223	255	1	2606.6918590026767	39.44757713464906	36.48074083056723	
FF:7F	255	127	1	1872.3612897151643	24.263491059000778	21.577646283556223	
F7:FF	247	255	1	2348.5351314790214	35.56460867634496	32.965943174101525	
FF:FE	255	254	1	2264.0689868888417	33.987869866310604	31.461289885137234	
FF:EF	255	239	1	1622.4307633932854	22.6540975629645	16.09265908974558	
FF:DF	255	223	1	1826.219912854025	22.45964708842937	20.506534467927214	
FF:F7	255	247	1	2206.6101242546274	32.31163975880523	29.895136786714833	
FF:FB	255	251	1	2240.489857597595	33.1865273014987	30.817000769207723	
7F:FF	127	255	1	4606.253112582742	69.37245793603657	64.66828349272619	
FB:FF	251	255	1	2319.951050650953	35.13385184548761	32.59540566698086	
FF:FC	255	252	1	2229.6934440172945	32.949177468855744	30.518900560932533	
EF:FF	239	255	1	2432.0442501635034	36.821667701636215	34.152396125265916	
DF:FD	223	253	1	2564.3406615618396	38.200934919939	35.3120871735594	
DF:FB	223	251	1	2542.925696321982	37.63848212194591	34.727777204727886	
BF:DF	191	223	1	2405.603190476008	29.56402537384756	26.90362850031045	
FD:DF	253	223	1	1836.1206472016754	22.581215352252926	20.606221185304417	
ED:FF	237	255	1	2439.2063311950797	36.92890697932672	34.134972714294534	
FE:FF	254	255	1	2293.9004322174937	34.74089830928993	32.196219611526764	
F7:7F	247	127	1	1886.0046694279993	24.43918330914076	21.3178302966143	
9F:FF	159	255	1	3605.1241813396814	54.43077601635039	50.26854403839505	
FC:FF	252	255	1	2307.421706505632	34.944884937866476	32.38244775377563	
DE:FF	222	255	1	2619.8346015277393	39.64598875208282	36.72572049507408	
B7:FF	183	255	1	3124.818202778046	47.23538757247019	43.71010428425277	
DF:F7	223	247	1	2508.2627730299373	36.70367799131263	33.79392016303711	
FF:FA	255	250	1	2211.414736828686	32.461221265854796	30.022594914919146	
EF:DF	239	223	1	1934.5416105048098	23.78814828808058	21.652315122532954	
FF:D7	255	215	1	1750.7013333488253	20.791059021101876	18.850107079102308	
FD:EF	253	239	1	2105.8569438017066	29.43382403409117	27.076742871521116	
FD:F7	253	247	1	2217.453109479925	32.46971395239818	30.009384535997345	
E7:FF	231	255	1	2496.6876650178824	37.79537657657367	34.99717157115245	
BB:FF	187	255	1	2978.2981016123026	45.02549807685447	40.37933072807993	
BF:FD	191	253	1	2971.6384946791172	44.22943403268235	40.944734672842344	
FF:BE	255	190	1	1772.3040659174214	21.407617410799297	19.32344813614965	
BF:BF	191	191	1	2370.15191093972	28.834355395191267	26.027276261366108	
FD:FB	253	251	1	2243.211576805142	33.2256849404757	30.704882443770966	
F7:BF	247	191	1	1844.662827615858	22.53692348973239	20.388360946074023	
BE:FF	190	255	1	3031.7180576271053	45.83616587055101	42.43887593880912	
BF:FE	191	254	1	2989.4679952160946	44.802657485739616	41.43169945076153	
3F:FF	63	255	1	9479.07315153148	140.98168857055458	131.07573478865115	
FD:FD	253	253	1	2263.6919806830833	33.743907399222564	31.263797456479505	
77:FF	119	255	1	4855.958348639527	73.09839179045196	68.09849287183377	
DF:7F	223	127	1	1955.535539753459	25.332766525128186	20.580040153120404	
DF:EF	223	239	1	2379.2417735978224	33.23635647413234	30.42286695163875	
7F:FE	127	254	1	4556.286211156075	68.02858066910197	63.28775251554688	
F9:FF	249	255	1	2326.299579978699	35.22886496109914	32.574248587049375	
FD:BF	253	191	1	1793.0294059473931	21.905285998628266	19.65704980806538	
DF:BF	223	191	1	2029.617057538892	24.792612272927137	22.180974757259907	
FB:EF	251	239	1	2115.2596792471554	29.564178089153586	27.118161671278358	
BD:FF	189	255	1	3041.2097152131187	45.97879986469306	42.53440009203734	
7F:FD	127	253	1	4519.8470836802435	67.02874240279937	62.29322976685574	
FF:7D	255	125	1	1175.8855269564435	14.82004953255655	8.450861513219083	
7F:7F	127	127	1	2834.2594818512066	36.34117368364771	24.25717548575134	
F3:FF	243	255	1	2377.8855496020465	36.00674465596797	33.33685133814954	
DD:FF	221	255	1	2618.5593529051057	39.6259577948326	36.565589372782505	
FE:FE	254	254	1	2261.6454859033297	33.94922552482907	31.29506518344411	
FF:EE	255	238	1	2063.09289320071	28.562431230301282	26.143334786086406	
6F:FF	111	255	1	5217.74762112337	78.46967186990115	72.84078315562638	
FF:F6	255	246	1	2178.684142842445	31.612571838495416	29.14375415635162	
FF:9F	255	159	1	1069.975257569949	10.706107957908674	7.023147980114062	
EF:FD	239	253	1	2388.9669843015445	35.604097009254076	32.95814998092956	
BF:FB	191	251	1	2936.7992249789404	43.43172499468427	39.99263868441995	
D7:FF	215	255	1	2685.170743808442	40.629270508335544	37.57145786688457	
FF:BB	255	187	1	1391.6006112097605	16.52575019031766	11.871298004217426	
F7:FE	247	254	1	2318.346466401522	34.79845796287911	32.124219557309985	
FF:BD	255	189	1	1655.4660413458505	19.74556808519872	16.844408748844845	
FF:7C	255	124	1	1562.0464795310118	19.216325176419975	14.98666257872037	
FB:FB	251	251	1	2257.9044831465917	33.43623244766237	30.874839613404568	
EF:EF	239	239	1	2215.1335752678124	30.931488567560056	28.332871130386394	
7F:F7	127	247	1	4426.281323827343	64.52230540380914	59.801614425393744	
BF:F7	191	247	1	2903.041970284783	42.4478604429432	39.0906988093759	
FF:CF	255	207	1	1543.73874279672	17.418590120844055	14.645188438151434	
F7:FD	247	253	1	2308.0667647966443	34.40518507301563	31.844409259799104	
FE:FB	254	251	1	2229.4426873819784	33.021731653544414	30.41659723444574	
EF:FE	239	254	1	2402.5475433882975	36.055209268152424	33.330056228951314	
FF:7B	255	123	1	1577.8025671289263	19.96662429738041	15.28249404083907	
FE:EF	254	239	1	2079.793774293548	29.068765172955693	26.48339498196526	
FF:3F	255	63	1	913.9445604272299	11.127358396639584	5.097740390101579	
FF:77	255	119	1	1550.1296881313167	19.34718588214684	14.752710513863677	
FB:FE	251	254	1	2291.77458109564	34.40167789926597	31.809224657317863	
FF:DD	255	221	1	1777.130321247997	21.63155795154708	19.4149128840455	
5F:FF	95	255	1	6154.596891095711	92.32687196299625	85.12727293784735	
FF:F9	255	249	1	2184.0661667035824	31.8328470555138	29.283564547443966	
DF:DF	223	223	1	2035.9307353731078	24.99180803633159	22.261365912233412	
7F:FB	127	251	1	4297.234736562212	63.35063773227824	56.28865433886788	
F7:FC	247	252	1	2279.0296438464316	33.67416145455587	31.048671766105223	
F7:F7	247	247	1	2228.3161215532	32.613260885375134	29.66835593032628	
F7:FB	247	251	1	2278.622570328115	33.74680215089993	31.036059354619905	
FF:DC	255	220	1	1713.873424083114	20.72930187479619	18.04887976173811	
F7:DF	247	223	1	1759.3054639818033	21.630678745743026	18.514460778886463	
AF:FF	175	255	1	3262.058627289166	49.28861951657751	45.21605730031442	
7B:FF	123	255	1	4697.987175542611	70.74121187989287	65.4774721756295	
FB:FD	251	253	1	2274.3773876344158	33.904677629762666	31.330248933176467	
FC:F7	252	247	1	2197.113566313485	32.17030019780425	29.364464448506084	
7D:FF	125	255	1	4576.691485731659	68.93170889440839	63.061077324806604	
FF:F5	255	245	1	2143.171795134914	30.875730745424885	28.19804299511058	
FF:7E	255	126	1	1379.062156177507	17.387858554648457	11.649614427283035	
FE:DF	254	223	1	1471.3231102735904	18.079276432115602	13.22266723448455	
7F:BF	127	191	1	3117.6849562012494	38.07492157796084	29.807099970258122	
FF:EB	255	235	1	1977.0548468114944	27.001395873708308	23.998214428949485	
FD:FE	253	254	1	2241.236525718363	33.64273057863516	30.635547933382007	
DB:FD	219	253	1	2286.608261313373	34.05217008162206	27.587645747588564	
F5:FF	245	255	1	2327.5846428831087	35.245061036822506	32.17234484957123	
7F:EF	127	239	1	4107.420606642169	57.21501139232244	51.55384706645114	
FF:F3	255	243	1	2101.0972602129527	30.078587241616464	27.096622992268863	
FD:FC	253	252	1	2204.141786705156	32.566448861967174	29.631968251682647	
DB:FF	219	255	1	2600.051743152187	39.34319110146085	35.74044239485835	
FF:6F	255	111	1	410.4815045152424	4.214046053653382	1.0260268128795007	
BF:FC	191	252	1	2812.654440299878	41.49740713275995	36.65248338813996	
DE:FD	222	253	1	2372.4876945483843	35.33690211751469	30.073538950833218	
5F:F7	95	247	1	5166.629886823502	75.19629773594332	60.04920140087469	
FF:F4	255	244	1	1955.7903630050744	27.912705459602435	23.445954914825347	
FC:DF	252	223	1	716.9795662381065	8.785738758728375	3.0977419894566514	
FB:F7	251	247	1	2055.2872884191547	30.08557109080685	25.54797173986545	
DF:FE	223	254	1	2467.1397838996136	37.00508641218412	32.65150459277953	
FB:7F	251	127	1	1045.8791945787705	13.50378030085497	6.582958058341444	
CF:FD	207	253	1	2180.014701814626	32.44880423093066	23.71671890316989	
EF:BF	239	191	1	1437.6312306260813	17.539745906813277	11.910183265827206	
FF:E7	255	231	1	1656.8189579601365	22.35245047193219	16.80630969082388	
D7:FB	215	251	1	2347.1453034845076	34.72867554497593	28.653614687785446	
FF:F8	255	248	1	1870.9058636072834	27.009930247119605	21.427920418457905	
D6:FF	214	255	1	2296.5638013308044	34.738085569314855	27.301537700605103	
9F:FD	159	253	1	3124.8751771917655	46.45965445525489	37.69612449301902	
FF:AF	255	175	1	668.135121582331	7.238648603151029	2.7218388524764077	
FD:F9	253	249	1	1964.8911311613358	28.62467523289668	23.50471120622708	
DF:D7	223	215	1	306.25559248430335	3.616286345803003	0.49745397919749723	
ED:FE	237	254	1	2188.294760895078	32.83005246832057	27.419608437657825	
CF:FF	207	255	1	2418.6485978006226	36.5794968599109	29.229506760806085	
FC:BF	252	191	1	922.154616484791	11.231607334042272	5.137190378204456	
7E:FF	126	255	1	3474.9013507711147	52.40576222701924	36.43237471662276	
DF:BD	223	189	1	692.8788863662076	8.230567361256401	2.555639992691693	
DF:FA	223	250	1	1922.1868789173375	28.174588472981124	19.746805707798593	
DE:BF	222	191	1	273.1166260875712	3.3153458563645613	0.39403442115803733	
EF:F7	239	247	1	1908.4197418912297	27.918123099070975	20.95498664361413	
B7:FE	183	254	1	2438.5123092709655	36.53213786081376	26.50868447071919	
FF:DE	255	222	1	293.86393714113353	3.571439869272635	0.5229976527502096	
FE:FD	254	253	1	1027.8469015456187	15.27348568540797	6.388686807134726	
3F:FD	63	253	1	2121.5537952008694	31.42802232718119	6.558079234055288	
FD:D7	253	215	1	44.307550795919326	0.5225400685533402	0.01179818881649006	
BF:F5	191	245	1	1491.4303591190746	21.420685857678745	10.223211024343716	
FD:E7	253	231	1	1173.972703790522	15.814071115956727	8.3471320772278	
B3:FF	179	255	1	2045.176130505019	30.893775437808213	18.260759090804594	
FD:F3	253	243	1	895.2280375677461	12.769922759594833	4.83214300657937	
77:7F	119	127	1	89.48910754887335	1.1492293878807385	0.022871983947555016	
7F:FA	127	250	1	341.0956685966331	4.970435453376611	0.34969843229849684	
6F:FB	111	251	1	1310.3082036375458	19.299626802519168	4.5478138075880565	
3F:F7	63	247	1	2863.9156240777506	41.69204620767746	11.975086643883005	
DF:F3	223	243	1	1343.9839049646307	19.189305471791798	9.61620917641241	
7E:EF	126	239	1	1330.209276243665	18.501884553765457	5.31512411724321	
DB:F7	219	247	1	1013.7070593322021	14.78529487667967	5.370233534339108	
BF:ED	191	237	1	1074.6732198596121	14.709244601076076	5.300835642321469	
FB:BF	251	191	1	540.1447636484868	6.5670752183005945	1.7481766673021333	
9E:FF	158	255	1	2296.228707036172	34.66922333726199	20.16432757549531	
BE:BF	190	191	1	183.76871069399462	2.229442028070064	0.15388551227195735	
3B:FF	59	255	1	2374.233894210728	35.724461115563486	7.757708003281129	
9F:FE	159	254	1	1502.5823433864755	22.464060263477084	8.64010153560098	
7F:DF	127	223	1	735.9495107414173	9.002548493796379	1.6389712723399859	
FC:FB	252	251	1	1391.6710255820333	20.57260701223954	11.684626916988599	
FE:7F	254	127	1	393.63051859464525	5.065317101312635	0.9355026219119446	
77:F7	119	247	1	1113.1786435840627	16.206331816863706	3.538985745157122	
FF:DB	255	219	1	190.28058096568415	2.269494391820434	0.21915343764971992	
DF:9F	223	159	1	78.83387412426347	0.7848852946409269	0.03302800804133437	
EF:FB	239	251	1	1409.063148053115	20.82418054443363	11.367228503724977	
EB:FF	235	255	1	1247.088609643571	18.831972494492057	8.759474794188076	
5F:FB	95	251	1	1532.5029129386792	22.568558444380923	5.237123944326431	
F9:EF	249	239	1	1204.5821480265568	16.796121212621618	8.663729396650055	
BF:EF	191	239	1	702.3277647125865	9.765219720883026	2.2570219759276546	
3E:FF	62	255	1	746.5917337897296	11.222647503385092	0.801706907508765	
DF:7B	223	123	1	183.3952669548352	2.3042609625406762	0.17800580671875288	
9F:FB	159	251	1	91.02255757101767	1.3374932204737398	0.03149087575907144	
7E:FE	126	254	1	1237.0400268235946	18.46883447476681	4.582633222675962	
9B:FF	155	255	1	1470.2398063714509	22.171349331360968	8.107432986164266	
DF:FC	223	252	1	69.05089921763324	1.012328235499283	0.025096890796289704	
F3:FE	243	254	1	1115.090380117602	16.68702300429952	7.247908185444962	
F6:FF	246	255	1	715.2118109483968	10.780437757045041	3.0015600328874994	
DD:FB	221	251	1	960.1831879702501	14.16370403752613	4.85447463336486	
BD:7F	189	127	1	41.86382356728767	0.5375893143276932	0.007937481633152513	
FB:DF	251	223	1	173.41100308038844	2.1191392999676744	0.17948074191780708	
BF:BE	191	190	1	478.6431720534245	5.7478228157177425	1.0501180969849695	
7D:F7	125	247	1	1860.3881241335896	27.12157034826238	10.337661165413499	
9F:7F	159	127	1	224.79497845887423	2.8886042265075216	0.1930300105919428	
BD:FB	189	251	1	501.78277744595874	7.3860247760495445	1.1394208610286254	
FE:BF	254	191	1	52.61546991011374	0.6380140778119946	0.016676874606879454	
FB:DE	251	222	1	68.91705562459013	0.8365098392230854	0.028323412351139	
ED:EF	237	239	1	373.7539829048537	5.192114933069333	0.7887001753648242	
9F:BD	159	189	1	93.62416907874508	1.1088605251656012	0.033506909522236186	
BF:BB	191	187	1	131.72943877563816	1.5549707524960297	0.07941124418287168	
BF:CF	191	207	1	62.38920972114343	0.6994610084991826	0.017828719123235866	
5F:FE	95	254	1	944.5969369722426	14.086547137405319	1.9862564372841756	
EE:FB	238	251	1	521.103552840986	7.675064645058868	1.5375079327935604	
7D:FB	125	251	1	907.3261266551901	13.358320658534538	2.4492563550119657	
ED:DF	237	223	1	17.988369288051096	0.21962648029534024	0.001827531586695098	
BD:EF	189	239	1	94.21624310337957	1.306831594406932	0.04013077919817941	
BF:EE	191	238	1	712.3356939299216	9.811303734914478	2.322608391214863	
8F:FF	143	255	1	613.5665780660324	9.232055214336345	1.3089785321493708	
BF:77	191	119	1	300.57341682746335	3.7265270225817337	0.4137201586252131	
DE:F7	222	247	1	305.6229652108751	4.444927708776402	0.4910497046215322	
D7:EF	215	239	1	319.40644284574427	4.435338835091491	0.5231391781324318	
F3:EF	243	239	1	571.6869127482468	7.950004457207115	1.8997822725277322	
B7:F7	183	247	1	135.8498324382371	1.9739248839543886	0.08113543015370138	
BB:FE	187	254	1	1449.681641949817	21.686958227700455	9.473945805270276	
DE:EF	222	239	1	261.3239822878767	3.6279424001864173	0.35937497932093343	
BE:FD	190	253	1	154.18363658065115	2.281036928930205	0.1077402802277462	
AB:FF	171	255	1	560.476690654024	8.434654132673087	1.29022811386007	
1F:FF	31	255	1	112.14658932272657	1.6843015166195885	0.0070717212878375485	
BA:FF	186	255	1	372.74756814083236	5.606555529095113	0.6193595580126884	
77:BF	119	191	1	165.57533452276473	2.008073096814422	0.0784726501431486	
DF:DD	223	221	1	73.3564660383255	0.886780847724879	0.028472073261779415	
BB:BF	187	191	1	135.90064559150525	1.6483774370559587	0.08300808431914428	
D7:FD	215	253	1	407.10885586277175	6.030450182613313	0.84880431085079	
F7:D7	247	215	1	8.38757215869069	0.09889745451037046	4.141122254566681E-4	
BD:BF	189	191	1	82.822655301646	1.0043585327935356	0.031115758308493793	
DF:F9	223	249	1	605.0345732382593	8.771186214024498	1.935939903975199	
9F:EF	159	239	1	141.4015504153169	1.9615274722303933	0.07614618743357869	
DF:EB	223	235	1	299.32866571295955	4.062128817651623	0.4735635534232567	
9F:F7	159	247	1	555.9694713116354	8.089182814514135	1.1781395455295784	
BB:FD	187	253	1	370.0600595697891	5.479539362982886	0.6131812585391798	
6F:FE	111	254	1	164.810167480499	2.4544896120883495	0.07168243478886498	
EF:EE	239	238	1	243.19773225881815	3.344454207962187	0.33576107407191075	
BD:DF	189	223	1	269.1462332311984	3.2896001237129364	0.3290059319060279	
FF:B6	255	182	1	28.754949352564754	0.3325703976884306	0.005000403196853395	
DD:FD	221	253	1	326.1195860668656	4.829182084352046	0.5570472817052486	
B5:FF	181	255	1	284.17053867127333	4.272648906159633	0.3521723592580455	
FD:EB	253	235	1	168.31755409149923	2.283016093035526	0.1698582975122608	
E7:BF	231	191	1	50.074896279741495	0.6071832661945457	0.01386632139146361	
EC:FF	236	255	1	811.3154393631742	12.232131776229771	3.710157151357916	
7D:FE	125	254	1	314.27903222722796	4.682652086609524	0.29312281381999705	
EB:FE	235	254	1	173.6948204034711	2.5881428113704863	0.1683967092068919	
9F:DF	159	223	1	124.63878454271222	1.5223073150001953	0.05935030261139091	
DC:FF	220	255	1	674.3865520875992	10.159382786293536	2.379375478209745	
B6:FF	182	255	1	132.7261110144542	1.9943863205469716	0.07705738041953736	
EE:FE	238	254	1	298.08179670086935	4.444479537956924	0.5018887376016884	
FB:F9	251	249	1	257.54630531954984	3.728426202893376	0.3943769118930851	
F7:F3	247	243	1	71.83033335138434	1.0203956315236724	0.03024102631354515	
BE:DF	190	223	1	47.448096661204566	0.5793762040525404	0.01024964636730181	
F3:FB	243	251	1	246.29831732986685	3.6228179932201257	0.35096007859037137	
FB:FA	251	250	1	543.2319319885564	7.931401510487051	1.7588707636266003	
9D:FF	157	255	1	235.47898341067287	3.5393891066653405	0.20895569423992785	
E3:FF	227	255	1	283.176731011005	4.258908404458585	0.43528991551722945	
77:FD	119	253	1	621.5653268646415	9.203941096368498	1.10121725045715	
BF:F6	191	246	1	334.97395015168246	4.827422775634936	0.5115702463468526	
FA:FD	250	253	1	92.43953851001787	1.3673828115320308	0.050540775074227204	
DF:F5	223	245	1	133.45330011689438	1.9082332856068294	0.09386212883325708	
F5:7F	245	127	1	36.33027586263512	0.466541241341137	0.007708153737648889	
EF:ED	239	237	1	196.29336403338982	2.678725597237992	0.21869453273548134	
7B:FD	123	253	1	314.72090874750603	4.65696008914601	0.2897040190501547	
DE:FE	222	254	1	518.1929751614966	7.7332126106901695	1.4129662183896234	
DF:F6	223	246	1	168.23410147193033	2.4230754854506036	0.14917345788469613	
BD:F7	189	247	1	175.47062186686256	2.5500979257305354	0.13908648492320685	
F9:FE	249	254	1	130.57813713176378	1.9453176341258402	0.10056248735123331	
FC:FD	252	253	1	498.86869046504745	7.395442010200251	1.4884211945409183	
EF:EB	239	235	1	194.64460378186538	2.640327290863593	0.21506951803890786	
ED:7F	237	127	1	73.15800396165909	0.9396568498171037	0.030206743314681674	
EF:FA	239	250	1	131.5444751904919	1.916404396633226	0.09797768262056483	
BE:7F	190	127	1	22.90912499443671	0.29415981351839865	0.0023860213845977147	
57:FF	87	255	1	326.86316217556794	4.911914165586021	0.22178459297052247	
FF:F2	255	242	1	21.12497392009033	0.29724009044297095	0.002684941246417221	
CF:EF	207	239	1	118.01824842245084	1.6372205861614872	0.06858111466777393	
FD:F6	253	246	1	275.00429947195653	3.963683411266055	0.45310491815525866	
67:FF	103	255	1	493.4534645263456	7.418838346114373	0.599703553104649	
BC:FF	188	255	1	182.52594398662782	2.7433172911538932	0.14975756332716833	
FE:D7	254	215	1	37.91440239326521	0.44712604313905074	0.008664004472627444	
DF:E7	223	231	1	267.74338381445335	3.5912385589958284	0.37892131893353376	
9F:BF	159	191	1	49.689202712383	0.6024538635136346	0.00943087634016225	
5F:FD	95	253	1	19.739870258761478	0.29185196550935205	8.660857607453063E-4	
BF:7B	191	123	1	20.946005055957194	0.2629489638435688	0.0020035676027765664	
3F:FE	63	254	1	34.53605253872681	0.5141483219301096	0.0017359499242060505	
D7:FE	215	254	1	143.49568967087694	2.1376797827023295	0.10521864861663927	
3F:EF	63	239	1	158.9352090812363	2.2040984404251622	0.0368483199162617	
7F:EE	127	238	1	140.89512488064562	1.9358536442393615	0.059726579768821404	
6D:FF	109	255	1	275.73819518403724	4.143783413668663	0.1957552168489954	
FC:FE	252	254	1	209.4708797961788	3.122043264689581	0.26165949729476307	
7B:EF	123	239	1	82.39526042620928	1.1426617392390939	0.019878961134618223	
EE:FD	238	253	1	138.398945545764	2.0476805609040283	0.10806641868983534	
F9:FB	249	251	1	2.3317832657207873	0.034252253887859026	3.204291452333723E-5	
7B:FE	123	254	1	28.112735874591543	0.4185357837656656	0.0023088882540839464	
FE:AF	254	175	1	42.48216868329023	0.4587140030031136	0.010899907425500116	
37:FF	55	255	1	220.6027563910813	3.313885830533894	0.063228372612292	
FD:EE	253	238	1	242.77539243525027	3.338913271746096	0.35349496254017093	
FB:FC	251	252	1	423.6065785987878	6.22258083137471	1.0681450368667538	
7D:FD	125	253	1	342.96353847495897	5.075302425488585	0.349172086640506	
BF:DB	191	219	1	30.543198127846455	0.363938837732686	0.004265865627829929	
ED:F7	237	247	1	177.18379399111774	2.575502921020217	0.17672652867239483	
EF:DD	239	221	1	64.18349972018231	0.7758762103599243	0.023428981071423046	
DD:F7	221	247	1	54.32934306489734	0.7891790705264156	0.015435232959472845	
6F:F7	111	247	1	237.89181428164642	3.4566925830977895	0.14949875983160074	
F7:EF	247	239	1	86.95239640775144	1.2061778484844647	0.04435127008525179	
FF:ED	255	237	1	192.2579755936028	2.6237868182261113	0.22295188867387997	
7E:FD	126	253	1	66.64362325504169	0.9854693419665032	0.01325040392044108	
F5:BF	245	191	1	2.8207664373224337	0.03419440022342487	4.651815906146332E-5	
B7:FD	183	253	1	127.81016144969583	1.8906132507429136	0.07177565662789552	
FD:F5	253	245	1	142.84386964329002	2.0428055619594905	0.12211990954887494	
BE:FB	190	251	1	36.39888104013856	0.5347539572775861	0.006001057581327858	
AE:FF	174	255	1	126.64852383930346	1.9029624607849775	0.06663813694830147	
7F:FC	127	252	1	41.448468078899936	0.6075170944115607	0.005157101829527347	
7F:F9	127	249	1	67.0806072761467	0.9698870594474915	0.01351450010685479	
E6:FF	230	255	1	38.062009420797715	0.5717267865307506	0.007935395981948885	
F4:FF	244	255	1	210.84919681657226	3.1702244722299135	0.25808412814645176	
FF:B5	255	181	1	25.37333014353072	0.290917038778201	0.0038941031190254964	
ED:FB	237	251	1	135.3671803877596	1.9898963751462586	0.10307926401204172	
73:FF	115	255	1	265.045247610312	3.9831866262215803	0.19438437882375154	
F1:FF	241	255	1	59.14920378227497	0.888590118422482	0.020069668030166857	
DB:FE	219	254	1	107.87876534437856	1.6068219209979533	0.06033714620463024	
6F:DF	111	223	1	12.15078678358531	0.14834311479337456	3.915867880273942E-4	
7F:BE	127	190	1	52.76950708159538	0.6325894867122082	0.008405305500633306	
5E:FF	94	255	1	112.15508186289264	1.684733209142669	0.027739676124772933	
6E:FF	110	255	1	153.8769270264745	2.311802465276551	0.06205198037343506	
EF:FC	239	252	1	80.9244996373861	1.1865117309209967	0.037056316175084196	
DD:FE	221	254	1	7.8511347533919	0.11688109038797935	3.219788434829285E-4	
7C:FF	124	255	1	43.26119186823724	0.6497711209400161	0.005514104473490778	
F7:3F	247	63	1	32.99826297777867	0.3997182018773902	0.006407270976254344	
79:FF	121	255	1	69.9093128800178	1.050094765794053	0.014103157846615434	
BD:FD	189	253	1	70.19874639793939	1.0381598229566578	0.02223296075116578	
7F:E7	127	231	1	32.64546438271365	0.43732646977361606	0.003207279817814225	
DF:EE	223	238	1	32.06687398325583	0.44048011441201534	0.005420990279981072	
D7:F7	215	247	1	75.48500902419667	1.096591042881724	0.029122454450234217	
FF:BA	255	186	1	78.44332605618096	0.9152851476626005	0.03722410644089489	
BE:FE	190	254	1	1.9685984868805528	0.029305902063617335	1.7542615821688947E-5	
F7:F5	247	245	1	45.51730319007061	0.6505723503641758	0.012138107533834373	
9F:7D	159	125	1	2.6389401126500553	0.03305095335123232	2.6573709308265543E-5	
BF:F3	191	243	1	102.20411073499356	1.4519354123409867	0.04756780341958877	
C7:FF	199	255	1	53.138987220385744	0.7982315483491691	0.013433401889929975	
FB:CF	251	207	1	14.315925500782598	0.16046778533041114	0.0012238082204202038	
2F:FF	47	255	1	49.703705862297575	0.7464823117231169	0.00273347226395436	
FD:DC	253	220	1	3.8736346282755574	0.0465201285311986	9.010167001344907E-5	
B7:FB	183	251	1	75.53133803578775	1.1098494418037141	0.025063582423180387	
FE:FA	254	250	1	158.44060416864843	2.3086923424849957	0.15062631320356498	
BF:F9	191	249	1	52.01755717704979	0.7521239814901359	0.012311254823577495	
DE:FB	222	251	1	45.63715748808989	0.6705272514834385	0.010922876730047406	
6F:EF	111	239	1	7.430530053284943	0.10302450941376863	1.4594641900641264E-4	
5D:FF	93	255	1	41.686300680572224	0.6260942592194407	0.0038034657088158695	
FF:B4	255	180	1	18.487827227848435	0.2095217039422784	0.0020678041866744644	
F5:EF	245	239	1	29.546366514478102	0.4097231646727882	0.005087145115880939	
F7:F9	247	249	1	45.345737760670445	0.6556747641802056	0.012042766459647181	
DF:ED	223	237	1	27.99131437047378	0.38163307802087665	0.0041313049545091875	
D9:FF	217	255	1	14.146783046204511	0.21246933975007323	0.001029564074599365	
FD:5F	253	95	1	10.793947070947159	0.10052781013125377	7.03480279899111E-4	
DD:BF	221	191	1	10.88866065154298	0.13200181898287183	6.228055768277831E-4	
DF:CF	223	207	1	4.1974892563725605	0.047046868871265114	9.3338347619804E-5	
7F:B7	127	183	1	19.10972568157966	0.22357208523187888	0.0011027404340132223	
3D:FF	61	255	1	31.333346365734755	0.4705795282330407	0.0013904920775394648	
9F:DD	159	221	1	7.626693282971492	0.09216408145063716	2.2215628153473418E-4	
77:DF	119	223	1	36.1793921520412	0.4417279926993724	0.0037435288025808554	
E7:F7	231	247	1	33.140388564103574	0.4813437090172517	0.006042955394221783	
6B:FF	107	255	1	22.82184321937567	0.34275419056385875	0.001318388933305966	
BB:FC	187	252	1	22.46709905510837	0.3292962823671299	0.002255704043524763	
F3:F7	243	247	1	9.39361632151088	0.13641919820558476	5.095976712384572E-4	
FB:6F	251	111	1	4.052968227245622	0.04151039518051089	9.827086340993257E-5	
F3:DF	243	223	1	9.914432436424047	0.1210435858673545	5.703378944983068E-4	
FF:3C	255	60	1	1.4766130337664076	0.01660911937077679	1.3190749055505283E-5	
E7:FE	231	254	1	38.329135335539355	0.5707077451215771	0.008077777716299847	
FD:FA	253	250	1	74.432598402421	1.0840585119425692	0.03311865380530339	
75:FF	117	255	1	6.26923920560698	0.09415200970858405	1.1036748497945492E-4	
BF:7E	191	126	1	3.882584040801614	0.04860240813618076	6.883508947413658E-5	
3F:BF	63	191	1	7.319570864984121	0.08873010061930296	7.841198055536914E-5	
F7:BD	247	189	1	17.604494735614875	0.2084521526171252	0.0018242764404703734	
DE:7F	222	127	1	2.8480369049695415	0.0365663733634567	4.2684475759841875E-5	
BB:EF	187	239	1	18.636244439561292	0.2584084272580601	0.0015544996965173561	
BF:DD	191	221	1	4.928322694574344	0.05955547731418519	1.110062786922348E-4	
4F:FF	79	255	1	25.041646140909275	0.37608875858367374	0.0011812518294268064	
7A:FF	122	255	1	21.625349044852612	0.32478603393952127	0.0013574843538195233	
EF:F5	239	245	1	8.951248009488664	0.1279116410470302	4.5343794499026654E-4	
BF:E7	191	231	1	11.97947993693062	0.16047305886957647	6.541784799961662E-4	
FD:BE	253	190	1	10.796327714429172	0.12941192604790827	7.000013734090548E-4	
FD:F4	253	244	1	6.787340798262277	0.09611564269493704	2.754347094612782E-4	
F7:DE	247	222	1	15.184691187657684	0.1842524157859203	0.0013563930468599133	
FD:DD	253	221	1	2.6715430037865184	0.03228359861584222	4.2849831915218147E-5	
7F:DD	127	221	1	6.772827641725417	0.08184491310435402	1.3839976721573952E-4	
FE:DE	254	222	1	12.285861156188192	0.14907548058989945	9.088892885749094E-4	
FE:ED	254	237	1	4.7659251741948765	0.06497087515220594	1.3634746533152265E-4	
FF:D5	255	213	1	5.172836370546254	0.06036041270040921	1.6174848427058983E-4	
FE:BB	254	187	1	1.559816174253689	0.018402022969457643	1.4658704034271592E-5	
B9:FF	185	255	1	15.64964414632821	0.2350398751631834	0.0010850559831430784	
EC:FE	236	254	1	11.446295958574371	0.17040673508825982	7.335768706259412E-4	
7F:BD	127	189	1	37.37890310808749	0.44260199482225066	0.004218269871902994	
ED:BF	237	191	1	11.25736319646005	0.13647241883931077	7.158224247126436E-4	
FE:EE	254	238	1	8.338477468822205	0.11452631411983928	4.173028366935239E-4	
FB:ED	251	237	1	26.627463711756498	0.3630422075890614	0.004213636871163801	
CF:FE	207	254	1	36.90317033047933	0.5494595710489527	0.006687883255786864	
D3:FD	211	253	1	7.917739419197302	0.11706250484836542	3.1520258354017386E-4	
7F:3F	127	63	1	7.403346125944632	0.08966368985198199	1.6535827230664896E-4	
DF:7D	223	125	1	8.59561272802799	0.10765806993420991	3.9039376667815483E-4	
3F:DF	63	223	1	12.805368140354187	0.15633248894728563	2.3995957303954028E-4	
D7:7F	215	127	1	2.817849110842915	0.03617876813342742	4.069894928731513E-5	
F8:FF	248	255	1	3.668100334915478	0.05508808369809004	7.900006480958726E-5	
7F:7B	127	123	1	3.383672059580815	0.04247384270604388	3.451037224807708E-5	
AF:BF	175	191	1	10.011965922014712	0.12137191769028019	4.2029522653785624E-4	
3F:FB	63	251	1	5.458602988718244	0.08018257010167831	4.338348182428817E-5	
FF:EA	255	234	1	9.351483318312127	0.1255034602845621	5.267743720257981E-4	
BF:7C	191	124	1	7.952374597555318	0.09705470330077323	2.88969612447334E-4	
7B:7F	123	127	1	4.78124357337417	0.06138704364171694	6.70559888486694E-5	
E7:FB	231	251	1	12.615585504564311	0.18532431879117975	8.752422777682437E-4	
DF:F8	223	248	1	6.76873884939572	0.09697859145330419	2.411959793829953E-4	
CF:F3	207	243	1	1.5469056453035819	0.021965846322268286	1.1764709544027914E-5	
7F:F5	127	245	1	9.586871113900653	0.1369915940164114	2.7606834862991565E-4	
D6:7F	214	127	1	4.25628208128313	0.05464741236924578	9.253467724297221E-5	
BF:B7	191	183	1	2.3042427925365083	0.0269569631267443	2.4284773786791535E-5	
6F:7F	111	127	1	30.24992010447562	0.3884081177873402	0.002423798144778503	
EF:DE	239	222	1	4.271560212436308	0.051828148379182454	1.0370469105976331E-4	
FF:D4	255	212	1	4.53573186082106	0.05258977834239652	1.2437689581121795E-4	
F9:FC	249	252	1	2.0208922133136697	0.029617256511928577	2.4069683993939673E-5	
FB:EB	251	235	1	2.243919019226681	0.030406643308573948	2.992147879101737E-5	
FF:E5	255	229	1	5.849604154122637	0.07611273025571211	2.0628174928397777E-4	
F9:F6	249	246	1	2.699371829720549	0.03884629745694064	4.296798218712389E-5	
7D:BF	125	191	1	3.283104402746203	0.039798770529658446	3.2133554819290925E-5	
7B:DF	123	223	1	4.411726040097662	0.05385960984263559	5.7165336111303E-5	
AF:FB	175	251	1	4.553974825155213	0.06689503257673655	8.650355912506162E-5	
B7:EE	183	238	1	3.884509023429417	0.05335073624658849	6.63902409147823E-5	
5F:EF	95	239	1	2.389259089582151	0.033126672763335675	1.2711379109441403E-5	
DD:DF	221	223	1	1.4985171468713847	0.018294232030636026	1.1792753301700106E-5	
FD:EC	253	236	1	4.946916832429498	0.06680374903200839	1.4650684315906042E-4	
6F:FD	111	253	1	2.4721884536546903	0.03654969783918133	1.6125157179526792E-5	
7F:F3	127	243	1	9.879161649666704	0.14028581108757252	2.9321233079096737E-4	
DC:F7	220	247	1	1.3932550419921796	0.02023266034901701	1.0112172378609353E-5	
ED:F6	237	246	1	3.490069706620574	0.05022530967626722	6.848201158846711E-5	
F7:DD	247	221	1	5.0761205395718045	0.06134196337061177	1.5157885564453442E-4	
E7:DF	231	223	1	2.8096445405901016	0.034301029822136106	4.3627296582712356E-5	
7F:77	127	119	1	7.34542959181289	0.09094763073986746	1.6268964485139707E-4	
7B:FB	123	251	1	20.153636429842763	0.2960559937668028	0.0011870391228097732	
FB:E7	251	231	1	1.9488720863858622	0.026105313733437902	2.257723871788578E-5	
DB:7B	219	123	1	1.1389023108072964	0.014296111262707332	6.751103820063205E-6	
5F:D7	95	215	1	4.394551301096656	0.051813901016900206	4.31833039961973E-5	
B3:EF	179	239	1	5.186096851098412	0.07190557875839605	1.162213273727573E-4	
B7:BF	183	191	1	4.389769398618973	0.05321460122216634	8.506065363298955E-5	
D7:BF	215	191	1	6.3295292915059305	0.07673017615341825	2.0565114143162054E-4	
CE:FD	206	253	1	3.064986386460425	0.04531421222099318	4.596608203252403E-5	
FA:FB	250	251	1	2.490493965466436	0.03658363796715687	3.6662285376083464E-5	
F3:7F	243	127	1	3.3190541903869684	0.04261401523909103	6.383320873213615E-5	
9E:FD	158	253	1	1.5700401517224027	0.023212008634784072	9.322230509710005E-6	
5F:BF	95	191	1	7.1461937224679914	0.08662882523510225	1.1411843348213321E-4	
BB:FB	187	251	1	2.0717066617873194	0.030431775722326818	1.9175998556366532E-5	
77:EF	119	239	1	3.979442940071997	0.05517463357932923	4.513264777592075E-5	
DB:EF	219	239	1	3.647096307374831	0.0505670585835398	6.904825475442056E-5	
B7:DF	183	223	1	1.765586757853138	0.021554675840003368	1.375760967569154E-5	
BA:FE	186	254	1	8.757943992946087	0.13038063675527603	3.4121529840825857E-4	
AF:F6	175	246	1	3.7091452008322987	0.053377787043842766	5.7419666870714574E-5	
F9:FD	249	253	1	2.23229843719445	0.03300329810760773	2.9361358595165063E-5	
CF:DD	207	221	1	2.5717351568824425	0.031077391934228357	3.265617384631832E-5	
7E:AF	126	175	1	3.1489008089471904	0.03399288953653274	2.9815176042702054E-5	
AA:FF	170	255	1	3.198731157728849	0.04803862015696183	4.172206785589892E-5	
F7:DB	247	219	1	2.042898738070221	0.024339170234524896	2.4558682429329034E-5	
F7:EE	247	238	1	1.7828995817699453	0.024486589161302943	1.8636626095137397E-5	
E9:FE	233	254	1	2.388450927703359	0.03555626526852809	3.1592804974290924E-5	
AD:FF	173	255	1	1.9591471975819055	0.029422374100769512	1.5872220698143046E-5	
C7:FB	199	251	1	1.6763292771586153	0.024623954998573665	1.3372472834628154E-5	
7F:F8	127	248	1	1.9330993775637701	0.027695511893151406	1.1223427805764013E-5	
3B:BF	59	191	1	2.2897761931664626	0.027757166612753608	7.25544762079157E-6	
FE:FC	254	252	1	3.7034117839610663	0.0542760363380182	8.215859464157003E-5	
F7:F8	247	248	1	3.3848063171525133	0.04849479220128216	6.709138105217206E-5	
3F:F3	63	243	1	2.5276539867148986	0.035892196896322955	9.311645821839176E-6	
D3:FF	211	255	1	2.9361116375620715	0.044094669227003704	4.332223670850471E-5	
EB:DF	235	223	1	1.3155382973125127	0.016060377411971	9.697852588061393E-6	
F5:FB	245	251	1	2.2204605160738433	0.03261697422019721	2.867597036279323E-5	
BE:F9	190	249	1	3.233702027908385	0.04674597772799219	4.73764443175131E-5	
DF:F4	223	244	1	2.0557721922862644	0.029110960925316044	2.2255348266550035E-5	
CD:FF	205	255	1	5.320526512508014	0.07990481829573493	1.3796325072516386E-4	
FE:BD	254	189	1	2.0718550726729896	0.024530299525755413	2.5860252092681907E-5	
F7:7B	247	123	1	5.684644728932236	0.07135865657970424	1.8992224448061723E-4	
77:FE	119	254	1	1.4149572047956376	0.021063917092630557	5.6941744129815456E-6	
97:FE	151	254	1	2.308466124335915	0.03436538747940336	1.9464106987499133E-5	
3F:7F	63	127	1	1.2574959390258404	0.01614496750529944	2.3109812115576748E-6	
FF:B9	255	185	1	1.9984186701990079	0.023105875702517355	2.414546286703333E-5	
AF:FC	175	252	1	2.131541691099584	0.031238789807543944	1.895238460939696E-5	
FF:B8	255	184	1	2.0908520341843673	0.023898938733017613	2.6437786919219153E-5	
9E:7F	158	127	1	2.0649066048153837	0.026511457039547402	1.618864884793692E-5	
FB:7E	251	126	1	1.8616860122448797	0.023304537199611005	2.0638924141777905E-5	
57:FB	87	251	1	1.6837273916535447	0.024732516990946866	5.885806060637264E-6	
BC:7F	188	127	1	2.7105658831330275	0.03480126645919953	3.313396538293457E-5	
5B:FF	91	255	1	1.1397632109485185	0.017116810140532242	2.7897094486934677E-6	
FB:D7	251	215	1	2.4564385976577	0.028962747271874933	3.598532980873457E-5	
FD:BD	253	189	1	4.775570226585513	0.05654259319553471	1.3699321068933042E-4	
FF:E4	255	228	1	1.5341620998499976	0.019777476118436093	1.4191795161577576E-5	
BB:F7	187	247	1	1.883430499546057	0.027350953321758555	1.5854309846820314E-5	
BF:7F	191	127	1	2.3403363378937714	0.030047800581815665	2.4994088445684196E-5	
7F:ED	127	237	1	2.111932197096513	0.028790011666237847	1.3414916854533285E-5	
D3:FB	211	251	1	2.4462728129553413	0.03593397311460498	3.0092817321384074E-5	
AB:7F	171	127	1	4.605422067720991	0.059129938461198184	8.722542254850666E-5	
5F:F5	95	245	1	1.4467380460059147	0.02067263689801401	4.65663389188964E-6	
FF:AD	255	173	1	1.118693156223761	0.011832455349833267	7.581291797502169E-6	
E3:FE	227	254	1	1.3564949426253883	0.020193679060584592	9.967851108248548E-6	
EB:DE	235	222	1	2.239159980138934	0.027168096549155488	2.8100128134902057E-5	
BF:F8	191	248	1	1.1605926338669574	0.016627800228347075	6.128141723188271E-6	
FD:77	253	119	1	2.2000987367405656	0.02724033932727647	2.9043411462189603E-5	
9B:FB	155	251	1	2.254634868840275	0.033118821993154045	1.8940588229978736E-5	
B3:FE	179	254	1	2.1072643190841487	0.03137018187031402	1.91485582960061E-5	
DD:7F	221	127	1	2.1191832276903035	0.027208406583017077	2.3554803298976076E-5	
FC:EF	252	239	1	1.4855003844694974	0.020596283997858532	1.3161075176493812E-5	
5F:E7	95	231	1	2.201436729059434	0.02948824317191455	1.080167622310934E-5	
EB:F7	235	247	1	1.4941658679135525	0.02169809691001874	1.245191277822298E-5	
9F:FC	159	252	1	2.1729237673105266	0.03184524427620471	1.793937438588811E-5	
73:FE	115	254	1	2.1765634537090506	0.03240171725932467	1.310198110281784E-5	
9E:BF	158	191	1	2.114127412780325	0.025628038130949438	1.699408132952734E-5	
FD:E9	253	233	1	2.107200642476261	0.028064182741427763	2.6592043695624283E-5	
FF:DA	255	218	1	1.7965512657859926	0.021270009264155353	1.9502832426668527E-5	
F9:F7	249	247	1	2.095239321019832	0.030426935082479487	2.588029058923485E-5	
5E:F7	94	247	1	2.095302747613291	0.030427621824116933	9.689614691865083E-6	
B7:7F	183	127	1	0.0	0.012173269633698086	3.962425791951458E-6	
FA:FE	250	254	1	2.0730658878906465	0.03086117781263113	2.5392155160713244E-5	
FF:D3	255	211	1	2.0342657968896836	0.023392640122695384	2.5022626687816324E-5	
F6:EF	246	239	1	0.0	0.012663803807726116	4.874807778956321E-6	
7D:DF	125	223	1	2.0185568678552746	0.024642947601455818	1.2144859510936133E-5	

