BMLVN	12	x2
metabolism	0.9970000
mutations	0.0000100
catastrofic	0.0010000
minWeight	0.1
start biomas	2.0	_
env.size	25000.0
feedSourceH	0FF
feed port max	350000.0
timeQuant	0.01

key	suscepBits	activeBits	maxsize	popBiomas	currincome	currloss
00B:FF5	11	4085	1	4370.483003942379	58.63012418570189	0.8482002981042552	
067:0FF	103	255	1	8161.0905375740385	295.5128310630447	51.06567826289564	
00A:FFD	10	4093	1	24049.085773303217	323.295058467948	21.878446027123626	
FFF:000	4095	0	1	18635.27021596122	2080.81884765625	2259.026885654986	
187:00F	391	15	1	1303.2581216552458	46.64713806845754	1.4364118087254243	
555:000	1365	0	1	21379.27220723511	1436.3955078125	1611.302356712324	
00A:FFF	10	4095	1	25000.0	339.5937145216444	24.099705441155052	
067:0FA	103	250	1	19739.68225689124	659.9018236004831	281.04548940936365	
00B:FFF	11	4095	1	25000.0	339.5937145216444	28.329252119955463	
777:000	1911	0	1	18879.598415583943	1328.47412109375	1734.6393256122822	
BFF:FDF	3071	4063	1	3593.1064733086773	47.64923033582115	54.366703901978546	
014:FFE	20	4094	1	25000.0	339.36240745930405	39.36043807802117	
0FF:000	255	0	1	23725.11281217024	891.1445922851562	1377.6224131151318	
0AF:7BE	175	1982	1	12072.79235237693	195.40800534394742	255.30099710880063	
00F:000	15	0	1	25000.0	1984.56787109375	46.83393176462737	
0FF:7FF	255	2047	1	10382.401214488422	180.65563161137834	254.67128062502212	
002:FF5	2	4085	1	24313.588860955966	326.20626070213274	7.630620019019141	
01F:03F	31	63	1	631.1777328040506	15.991698771375527	0.10300936196218563	
0F7:FEF	247	4079	1	6779.190027656321	91.63009151766988	104.50807580275819	
075:FFF	117	4095	1	7648.213071638537	103.57917523612204	57.57990945416824	
035:FFF	53	4095	1	13315.436021918476	180.05200146764295	79.50605320335067	
2F7:1FF	759	511	1	1374.034131924877	30.952740679054028	4.320893751896751	
013:01F	19	31	1	403.88373055181376	10.213439212219347	0.008706407508315861	
015:01F	21	31	1	3045.641411818337	76.74976686113709	0.3067855664579032	
8E7:0FC	2279	252	1	9719.832231296716	354.98508790472783	265.5959799898836	
0F7:0FE	247	254	1	9830.061382506321	348.35156579926206	198.16368822953194	
0E7:0FE	231	254	1	11903.16104774521	416.5601119938799	269.20932759864365	
042:FFF	66	4095	1	10370.582874743	140.20776375043593	60.14772341967883	
04A:FDF	74	4063	1	13099.573840603667	174.53837002318846	108.30983795973768	
1FF:7FE	511	2046	1	3889.5824002311047	67.13575593468897	34.19629952890543	
107:007	263	7	1	279.94360292312757	3.525582567660333	0.028274693249403314	
0AF:0FE	175	254	1	9977.525672387694	354.7867947482072	123.41317321850974	
067:0FE	103	254	1	25000.0	833.8940747187918	438.7577571239608	
8EE:7FE	2286	2046	1	7729.785159153854	135.6749201620537	173.44966142877956	
067:0FB	103	251	1	2181.1664131777834	77.14842276526973	3.792199672796814	
FFF:FEF	4095	4079	1	1793.533569762548	24.05428642507202	20.35523372668928	
00B:FFD	11	4093	1	4967.136215804233	66.72803395134696	1.0956160158604897	
02A:FFD	42	4093	1	6753.916842424064	90.92873345127896	16.220827037278568	
0ED:7FE	237	2046	1	8699.464089531124	150.96390369007264	164.51123513020326	
00A:FD5	10	4053	1	11571.47459063213	152.670740198809	5.06292328425689	
006:FDD	6	4061	1	4833.29485982491	63.832121982777416	0.8269272266749957	
00E:FFF	14	4095	1	5265.393030419626	70.80202810647772	1.825082713000124	
27F:7FD	639	2045	1	8081.12707970473	137.67662339160853	92.6892573216338	
043:FFF	67	4095	1	5003.6986038182795	67.44489683960512	13.806616334049718	
0AF:7FC	175	2044	1	12270.928904379503	213.7917498842371	211.67501057724064	
27F:7FF	639	2047	1	10360.130990842952	175.3024334631316	152.09688139245887	
002:FDD	2	4061	1	6917.444934792609	91.34952375548738	0.6176481924351785	
00B:FD5	11	4053	1	11388.581189537703	150.26798825807808	5.76562037686835	
1FF:FFF	511	4095	1	1116.1222009133908	15.038038321577003	2.81790836532364	
37D:7FD	893	2045	1	3298.210461957322	56.729529432923314	22.381808044581117	
0E7:7FE	231	2046	1	5918.258179115005	102.49426320030574	73.11639217894073	
1FF:FFE	511	4094	1	2702.744826291999	36.49031919827821	16.62123024430558	
3FD:7FD	1021	2045	1	4154.212122880413	71.56175262136462	49.49571311441612	
00E:FDF	14	4063	1	3097.336986286056	40.93974329712343	0.6316457371485892	
036:FFF	54	4095	1	2853.7056068879065	38.40986231282217	3.7508008050719397	
0AB:5FE	171	1534	1	8106.709759532786	143.62802140879623	88.94973250491563	
77F:7FF	1919	2047	1	2514.7769507950447	43.512229985801866	29.014247425741882	
077:F7F	119	3967	1	2034.496972884321	26.946508429039277	4.0828974965593465	
137:07F	311	127	1	2281.034537003084	72.97163597954014	2.1433067542618573	
B7F:7FE	2943	2046	1	3355.57019411585	58.2931217021242	44.56658514220099	
067:0FC	103	252	1	9671.27692312753	341.38899387621467	71.40837923376223	
0F5:FDF	245	4063	1	1451.5353598085	19.24339860798977	4.653064552595828	
094:FFE	148	4094	1	3.394092044214865	0.04559300140348829	1.3068187829907727E-5	
036:FF7	54	4087	1	1287.7851659331375	17.296759660345508	0.7627532827271772	
EFF:FFF	3839	4095	1	1328.7704310687006	17.962522134178563	10.115839235329348	
107:FFF	263	4095	1	1635.6954609319146	21.999993830382433	0.9645828504478627	
107:003	263	3	1	594.9797033615563	10.473311236462294	0.1264608039024485	
7ED:7FF	2029	2047	1	2561.1753047090237	44.35691621791952	33.395117517739195	
7DF:FFF	2015	4095	1	1245.1048134325063	16.82283950286947	7.528715949486456	
007:03F	7	63	1	58.190473639659416	1.4742602112279781	1.450805927154103E-4	
0AF:7F6	175	2038	1	12506.509020792293	217.4129398259268	220.04869344143214	
0AF:7EE	175	2030	1	2550.0115141692427	42.95282196367745	8.902402238699121	
003:FD7	3	4055	1	12542.375806950175	165.58032148133074	3.046764844310739	
005:007	5	7	1	384.8769213031606	4.846033259056349	0.003488110102720526	
DFB:FFD	3579	4093	1	1108.972175161663	14.962461412899232	6.4562373030614735	
002:F7F	2	3967	1	4251.715211215364	56.20375141440924	0.23331149089361686	
103:FFF	259	4095	1	4712.917370789543	63.457240694247474	7.914364650104603	
0AF:7FA	175	2042	1	9058.10395827394	156.4144825740336	114.31534825025933	
077:07F	119	127	1	2140.033715849475	68.4000596337507	4.212869329522253	
37D:7FF	893	2047	1	3244.687215530826	55.94202491515678	21.658762281848166	
F7F:7FF	3967	2047	1	1094.7739982102723	18.94052579105893	7.147475209700704	
00A:FF5	10	4085	1	1571.6891718219797	21.08141292226192	0.09328951759535085	
0EE:7FE	238	2046	1	1918.114745768064	33.052675073493	7.871376571724613	
0AF:5FF	175	1535	1	10274.929738487586	182.3393047630799	145.4273723245362	
3DF:FFB	991	4091	1	229.8699910264991	3.083057117399324	0.1421505193153472	
004:FFE	4	4094	1	8604.604315031329	115.60765928032654	1.6456768694489405	
017:01F	23	31	1	936.3002765422655	23.67064280785848	0.05716513722252087	
0F7:1FF	247	511	1	589.7218718839569	13.261092492923757	0.7533845488773131	
04A:FFF	74	4095	1	4907.4126727333	66.16711567598672	15.037592005311476	
1BF:7FE	447	2046	1	4740.048827973116	81.64421171890183	36.430436135894226	
137:FF7	311	4087	1	1504.9210026203452	20.214228142867555	0.9683150488690258	
0B7:07F	183	127	1	1125.7021411993933	36.03145535680093	1.7552975577424887	
007:FFE	7	4094	1	2302.2826516103273	30.92967836107223	0.23323697527672455	
0F7:1EF	247	495	1	426.4900514692886	9.256848178352755	0.3946575617816735	
3ED:7FF	1005	2047	1	2431.453894822512	41.98490154527369	16.273922749493085	
1AF:7FE	431	2046	1	2124.5404339844686	36.55996502989408	6.7853489647527025	
0BF:1FE	191	510	1	2206.865851493617	49.26210540397868	7.232734806129401	
0E7:0FB	231	251	1	2662.105434181314	94.31448524942508	13.878591381907565	
FEF:FEF	4079	4079	1	602.5488519816737	8.04757360095432	2.2576011871312245	
00B:FFE	11	4094	1	3.478128897080863	0.04672170032292262	5.369636961565297E-7	
4E7:0FE	1255	254	1	1520.3080532217277	55.141929421426305	7.5365153374603775	
014:FFF	20	4095	1	2619.791008793585	35.22098243170971	0.4233928973119491	
00B:FD7	11	4055	1	4047.0110406181198	53.42394693787144	0.7275849772982171	
006:007	6	7	1	268.36851610546574	3.379241244312953	0.0022942316030004056	
0A7:7FA	167	2042	1	4.575982256507307	0.07803621525312313	2.7112580385737456E-5	
04A:7DF	74	2015	1	2.4139158465423423	0.03601668813446693	3.6055415804279635E-6	
FFF:FEE	4095	4078	1	282.09588020079104	3.758899761092182	0.49593104940632304	
006:FBF	6	4031	1	847.1332080472071	10.859623407439035	0.02541559520380877	
00C:FFF	12	4095	1	3984.6249171881477	53.571365180454144	0.7401417409218085	
EFF:FBF	3839	4031	1	406.360403847285	5.220139084386319	0.9395760235430773	
077:FFB	119	4091	1	1053.9878477608606	14.142377095399928	1.0932618770202849	
002:F5F	2	3935	1	1392.7265399097255	18.16284627780443	0.025041664275293533	
BFB:FFD	3067	4093	1	311.3056920998817	4.186138397220656	0.399801878479984	
003:FF5	3	4085	1	56.39464565825455	0.7563898606322227	6.154005779047214E-5	
067:0FD	103	253	1	7029.618226394498	251.2414570864421	38.25780862532484	
167:0EE	359	238	1	4080.5248747146215	148.8399800972826	11.340255633557351	
0C7:0FE	199	254	1	2099.318217709645	75.9149525798858	6.566829740842863	
043:FDF	67	4063	1	1748.5519448044906	23.12932239466402	1.6807652886736313	
BF7:FFF	3063	4095	1	25.478644332679742	0.3425203119905533	0.002672077970891177	
007:FBF	7	4031	1	224.3108515307856	2.8754421211341894	0.0022163604131858732	
0E7:0FA	231	250	1	1812.8984201526662	63.728001362712135	6.455093322753258	
17D:FFB	381	4091	1	900.4632368785449	12.07903733640223	0.683253704086901	
17F:FEB	383	4075	1	254.0556105136547	3.37308239855714	0.054922807965182736	
007:FFF	7	4095	1	250.61012177658793	3.36874570091699	0.002763065798504155	
056:FFF	86	4095	1	490.49944297022165	6.595611357506764	0.17186874075817127	
FFF:6FF	4095	1791	1	118.69063127188751	1.7622495197907708	0.08739322923564964	
3E5:7FF	997	2047	1	737.3734046381927	12.703022186806752	1.4683481029237218	
00A:FDD	10	4061	1	2485.750999777853	32.8261693654475	0.23346790456316335	
04B:FFF	75	4095	1	287.56403732234355	3.8661297642840378	0.05114776158283741	

