BMLVN	12	x2
metabolism	0.9970000
mutations	0.0000100
catastrofic	0.0000100
minWeight	0.1
start biomas	2.0	_
env.size	25000.0
feedSourceH	0FF
0C7
0B5
023
011
feed port max	50000.0
timeQuant	0.01

key	suscepBits	activeBits	maxsize	popBiomas	currincome	currloss
FFF:000	4095	0	1	14266.960504713103	156.23158264160156	189.87136847632476	
0FF:000	255	0	1	9802.36634363057	149.3410186767578	226.15699604982916	
00F:000	15	0	1	25000.0	376.87603759765625	5.8586876503190055	
777:000	1911	0	1	14328.913903440507	5.781114101409912	223.48150740233024	
555:000	1365	0	1	13829.359080361886	58.31599426269531	236.79817031214196	
0FF:0FF	255	255	1	537.3823311509037	2.265017466743603	0.6627427609570644	
0FF:1FF	255	511	1	415.67607364609256	1.5760397130282007	0.3975698442681402	
0FF:0F7	255	247	1	470.14975477078434	1.887518873300378	0.5076206123369725	
0DF:0FF	223	255	1	620.3681989352482	2.6143132414301546	0.7627563973759117	
0FF:0FE	255	254	1	528.8835951915416	2.2160685096916497	0.642000153173772	
0FF:8FF	255	2303	1	666.7242664220026	2.736932388689488	1.0243081805249572	
8FF:0FF	2303	255	1	2207.780288578318	9.297562541400342	2.913845637139953	
0FF:0DF	255	223	1	297.069201055513	1.019985938443677	0.20301780618467266	
0FF:0EF	255	239	1	408.4728610565718	1.5636986095644239	0.3834000944891643	
07F:0FF	127	255	1	1177.9504216489884	4.9572961664423385	1.427220358218902	
0FB:0FF	251	255	1	545.1862755663573	2.297877084583316	0.6722701020525671	
0FE:0FF	254	255	1	539.103326586747	2.272264457536669	0.6646923644007515	
0FF:4FF	255	1279	1	1196.8808079106984	7.114579412871416	3.293065500745101	
1FF:0FF	511	255	1	796.063149085233	3.354890059631296	0.959044733700433	
0EF:0FF	239	255	1	571.457443497037	2.408481317239462	0.7042496809227953	
0FF:0BF	255	191	1	163.9555463827599	0.47983055030608046	0.061924086217774496	
4FF:0FF	1279	255	1	801.5304745736044	3.381013570027338	1.1275827236907645	
0FD:0FF	253	255	1	541.4177374470971	2.282008590782785	0.6677142205413777	
0FF:0FB	255	251	1	505.1406532558871	2.08141578652024	0.5857907739658916	
0FF:07F	255	127	1	585.7086534616145	2.6182670404842763	0.7884263297213382	
0BF:0FF	191	255	1	737.398683612949	3.1066571512752135	0.9049834812960451	
0BF:1FF	191	511	1	571.4332731160277	2.1662637456897347	0.5453917022738921	
0FF:1FB	255	507	1	391.34543055717353	1.4519868391368735	0.3524491987726492	
0FF:0FD	255	253	1	520.5962561606901	2.168430785101276	0.6220901079637021	
2FF:1FF	767	511	1	1071.556447771492	4.061191346823138	1.0665538471590919	
0FF:3FF	255	1023	1	823.4058864842285	4.14815008806841	1.559083883349159	
07F:1FF	127	511	1	909.0614803358167	3.444933136484191	0.8550311633913653	
2FF:0FF	767	255	1	1384.5498165176386	5.828328032367197	1.7714649835778826	
0FF:5FF	255	1535	1	1685.4023823084071	12.095062281419153	6.526561070802137	
0FF:2FF	255	767	1	816.1659664451565	4.168786796970006	1.5308145968882931	
0F7:1FF	247	511	1	427.82921107594086	1.6221023834506048	0.4090050213318453	
07F:0FE	127	254	1	1159.0646067389061	4.849413505927694	1.3821862017371438	
0FF:1F7	255	503	1	366.622223720306	1.3248637970377564	0.30938369499296486	
4FF:1FF	1279	511	1	631.6788573398763	2.3962527343322915	0.7015283335281832	
0FF:1FD	255	509	1	404.80323886716764	1.5203300034509062	0.3770720242976486	
0FF:1DF	255	479	1	275.4989854074442	0.9057501229366818	0.17481918204094188	
0DF:4FF	223	1279	1	1386.0484048556877	8.237964662439703	3.8152075883554137	
1FF:1FF	511	511	1	613.8073547070451	2.324344439001205	0.5690393773107725	
0DF:1FF	223	511	1	479.5665012755574	1.8181670330190338	0.45717090868012883	
8FF:1FF	2303	511	1	1730.6520918409992	6.564720442477646	1.8027235875930858	
0FF:1EF	255	495	1	313.8655798441343	1.075933231691924	0.22683023512328906	
2DF:0FF	735	255	1	1657.080077271103	6.973200562345865	2.1328854495470027	
1FF:0FB	511	251	1	747.0715007773601	3.077922811544866	0.8449385652460585	
0FE:1FF	254	511	1	417.0822206887257	1.5813693989688837	0.3988852631138758	
0FF:17F	255	383	1	121.50063250544773	0.3182101822204434	0.034045292466400284	
0DE:0FF	222	255	1	622.4226476094993	2.6229619095594194	0.7648113082655056	
0FF:9FF	255	2559	1	609.4137755893239	2.389273199924872	0.856311411074953	
0DD:0FF	221	255	1	625.594349863285	2.6363103915029047	0.7690931988509208	
0FB:1FF	251	511	1	421.65235713503597	1.5986910232245486	0.4031822418528505	
1FE:0FF	510	255	1	799.0128000494277	3.3673142007578596	0.9624327102656338	
0EF:1FF	239	511	1	441.9601280632715	1.6756585567987454	0.4223872115445613	
0FF:0FC	255	252	1	511.962165423443	2.1198232101076004	0.6016768164028354	
0EF:8FF	239	2303	1	708.9718001755476	2.9103244948045313	1.0885825483193785	
0FF:0D7	255	215	1	247.57419879349408	0.8074924391255047	0.14106994806921958	
0DF:2FF	223	767	1	942.9880910931605	4.815991598682993	1.7653131267952382	
0B7:0FF	183	255	1	769.4808356586393	3.2416153808131414	0.9473455592247075	
1FD:0FF	509	255	1	802.1011412925952	3.3803204808726646	0.9657218295569461	
0DF:8FF	223	2303	1	770.163784670948	3.1621547821185625	1.1817070884825043	
0FD:1FF	253	511	1	418.4657027559124	1.5866122576505375	0.399924026243868	
07E:0FF	126	255	1	1183.1481469112366	4.97914511861584	1.4302889725876562	
CFF:0FF	3327	255	1	1618.9449704117562	6.832745740342521	2.3752716356112846	
07F:4FF	127	1279	1	2649.3860747199324	15.760648173673594	7.2827687117896875	
0FE:0F7	254	247	1	471.54619486425054	1.8931213792377835	0.5088794526135779	
0FF:0E7	255	231	1	346.9528763870231	1.2587420613307263	0.27677414065575534	
17F:0FF	383	255	1	1557.3340170832948	6.561033113096612	1.869329476797222	
07F:0FD	127	253	1	1138.2748639565634	4.734575101549642	1.333406876441806	
4FF:0EF	1279	239	1	603.7658267182867	2.3124405277452826	0.6401291188652585	
0BF:0FD	191	253	1	715.0160132395113	2.976988112809716	0.851094109217343	
09F:0FF	159	255	1	888.4750888747586	3.741920027261794	1.0858366167489588	
0DF:0FE	223	254	1	610.1473428892288	2.5561189005989244	0.7379060409908107	
0FE:4FF	254	1279	1	1202.4711469207598	7.147804068439143	3.3124620165713377	
1FB:0FF	507	255	1	807.9298382003687	3.4048715333908213	0.9721175699264153	
03F:0FF	63	255	1	2574.4080964423406	10.79500135366784	3.037266249709831	
4FF:0F7	1279	247	1	709.3248130034065	2.849531096312438	0.8833306338150374	
8FF:8FF	2303	2303	1	2652.3549963066584	10.591779599425717	3.9372728762387106	
8FF:0F7	2303	247	1	1900.0026066946123	7.623168187334182	2.160479559528057	
0FF:0F3	255	243	1	435.5247192999751	1.708295224111288	0.43573855151101376	
0FB:07F	251	127	1	563.0468688044895	2.5169688711328013	0.7181002136330752	
0FE:8FF	254	2303	1	668.6945948546867	2.7450175447503846	1.0268231728957637	
1FF:0F7	511	247	1	692.8393907093217	2.781273083775845	0.7269990928645146	
1FF:0DF	511	223	1	425.9665788625015	1.4624870104289196	0.2753324826054076	
0EF:0F7	239	247	1	498.62890227274175	2.0017629105435786	0.5365685205191041	
0FE:0FD	254	253	1	521.7101754673289	2.1730665417210853	0.6225999893148503	
0FE:0FB	254	251	1	505.7810951234947	2.0840525353517725	0.5852521455581762	
0FF:0BB	255	187	1	14.145088812117258	0.04016856639987846	4.6103509249714085E-4	
2FF:4FF	767	1279	1	3063.49914057334	18.226000310494065	8.738854629011872	
8F7:0FF	2295	255	1	2260.7357089260586	9.520665442292103	2.946537734275197	
077:0FF	119	255	1	1245.583444758986	5.2412496652531795	1.5044368327229931	
4FF:0DF	1279	223	1	451.85092659039054	1.5518989761759059	0.35873007042318494	
8BF:0FF	2239	255	1	3363.7872902510385	14.19571489642924	4.667398966828763	
07F:0DF	127	223	1	630.7767545301735	2.1652045377443696	0.4118834698906184	
0DF:0FD	223	253	1	596.6108976643096	2.4846499359112344	0.705606876890462	
8FF:0EF	2303	239	1	1359.9360173113903	5.204639178252441	1.1083757534408263	
0BF:0DF	191	223	1	401.47750644333934	1.3783352543517589	0.2691913572979543	
0F7:3FF	247	1023	1	847.023340514145	4.267065015493437	1.6021972747864297	
0DF:0F7	223	247	1	541.7494983876454	2.1746825383984825	0.5821445549801756	
0FE:0DF	254	223	1	288.30557560087937	0.9898962799595764	0.19056055810564526	
0FF:0F9	255	249	1	482.42909034654434	1.9641550443157696	0.5343939103864763	
0FF:077	255	119	1	116.82246250902716	0.35501759583496356	0.03143942017781659	
0FF:8FE	255	2302	1	664.5813814102994	2.7253762305137754	1.0177383512627067	
07F:0FB	127	251	1	1103.0795283830348	4.53935929976003	1.25282969120998	
0FF:CFF	255	3327	1	1273.0870000354487	7.328619446331192	3.734705355548248	
8FF:0DF	2303	223	1	944.6348078699949	3.2441915944542945	0.5369553666972551	
0BF:0FE	191	254	1	725.6250823828593	3.0391056075383727	0.8764290749903648	
07F:0EF	127	239	1	878.8337921585558	3.3620080955203937	0.7973870093538835	
0FB:8FF	251	2303	1	675.600938926273	2.773360349342353	1.03660082470069	
0FF:6FF	255	1791	1	1796.1225053025	13.299669078486184	7.41388509484472	
4FF:0FE	1279	254	1	788.2740786251171	3.3054449585495522	1.0906294471587092	
0EF:0FE	239	254	1	561.7076169899415	2.353457113948155	0.6804870392750975	
4FF:8FF	1279	2303	1	963.1429704675913	3.9551222546882725	1.6318079438966409	
0FD:0FB	253	251	1	507.63852116871607	2.091698491624695	0.5871877746141467	
0BF:8FF	191	2303	1	913.5884601172621	3.751013934927586	1.3976327166040703	
0FF:2DF	255	735	1	600.1678027402634	2.751529282769234	0.8284644769415943	
0EB:0FF	235	255	1	578.3108083658941	2.437335475707002	0.7101826583669514	
07F:0F7	127	247	1	1003.1241121548805	4.023238351046314	1.0372104061962588	
0FF:4BF	255	1215	1	979.9095475940113	5.277663777225161	2.2095122824100426	
0FF:0DE	255	222	1	278.43205060745106	0.9503958128416019	0.178357009968055	
0ED:0FF	237	255	1	574.5298105501831	2.4214159037704324	0.7061749941471535	
0EF:4FF	239	1279	1	1274.285439098818	7.574344219275435	3.5080734573678014	
0FE:0BF	254	191	1	98.6696954495973	0.28874249143172576	0.022350922584171	
0D9:0FF	217	255	1	599.9563618390965	2.528408487650343	0.6956748440730908	
0FF:1DB	255	475	1	239.46260812950865	0.7706273536058184	0.13208856327926224	
0E7:0FF	231	255	1	588.4138815032904	2.4798652737093323	0.7227200309166099	
17F:1FF	383	511	1	1189.2913323581006	4.490508024437535	1.076131463832557	
27F:0FF	639	255	1	5731.33243972669	24.189355535565685	8.48208891082004	
0EF:0EF	239	239	1	424.553814157245	1.6250616627372156	0.3890842404782515	
07F:8FF	127	2303	1	1450.8612463085565	5.956815447443743	2.1866540000326475	
0BF:4FF	191	1279	1	1649.9837760948394	9.804788446079517	4.542491729997283	
07D:0FF	125	255	1	1192.8505841046165	5.019865281408217	1.4417780155978652	
2FF:8FF	767	2303	1	1639.8501642361962	6.732892488993339	2.506562495975012	
8FF:07F	2303	127	1	2211.897107751022	9.893605564683279	2.942386815170923	
0FE:0FE	254	254	1	525.491961980622	2.2018518452385334	0.631594520882751	
4FF:0FB	1279	251	1	736.4428658327429	3.0365895913882532	0.951985409200059	
0FB:0FB	251	251	1	507.2278986039802	2.0899415352758197	0.5820473528002013	
0FD:8FF	253	2303	1	666.1623738336067	2.734596089527107	1.014954411530885	
0FB:4FF	251	1279	1	1217.3280783242494	7.236070455621286	3.3574195886285225	
05F:4FF	95	1279	1	3551.9897408255993	21.12980983696733	9.723262798213371	
0FB:2FF	251	767	1	791.2319690882114	4.041302356604412	1.4178300995851043	
0DF:0EF	223	239	1	463.12017392084084	1.7727444867113578	0.4257321694148803	
0FF:07E	255	126	1	497.67769324532134	2.1377415077663273	0.5693888715930666	
8FD:0FF	2301	255	1	2162.1655227216693	9.106179959008212	2.77931334902225	
0F9:0FF	249	255	1	545.5055812150503	2.2992205698242887	0.6679724559175124	
8FB:0FF	2299	255	1	2081.0138644969034	8.765414214760472	2.563399466917577	
0FF:47F	255	1151	1	1139.6329813381747	6.657306380597677	2.990387113356939	
1BF:0FF	447	255	1	1082.4739048872661	4.560851959773883	1.2897673602525557	
0FB:0FE	251	254	1	530.0455136108061	2.220931183246943	0.6355130298102283	
2FB:1FF	763	511	1	1066.3442206368952	4.041458192158437	1.0364612802504383	
0DF:07F	223	127	1	667.6712799323076	2.98490845109058	0.8855810555354242	
07F:0BF	127	191	1	77.51120042834435	0.22679996349638828	0.00623674269454635	
0BF:0EF	191	239	1	525.853249927614	2.0126815199415655	0.46113485563572437	
0BD:1FF	189	511	1	534.6802659273123	2.0269330389497666	0.4727489966395218	
0FF:4FD	255	1277	1	1193.4207306620929	7.082376143725051	3.274157450493683	
2FF:3FF	767	1023	1	2056.6541870399387	10.262434034504627	3.834048931097669	
0FF:87F	255	2175	1	436.29529701177984	1.5831007352859938	0.43880859085389984	
0EF:1FB	239	507	1	402.1648558737021	1.4920896760317826	0.3498034476318509	
0AF:0FF	175	255	1	710.8301014927	2.9949657578142133	0.7663818432663778	
07E:1FF	126	511	1	872.6211372294398	3.306942515009404	0.7826993068395137	
0FD:0EF	253	239	1	375.50941495941686	1.4375439322053964	0.32162524435222584	
1FF:3FF	511	1023	1	1220.1780372450348	6.135533695855615	2.247301664429292	
0FD:0F7	253	247	1	401.9860582513789	1.613975993478206	0.3683890843016577	
87F:1FF	2175	511	1	1707.0271612289475	6.472806172214231	1.169302421498728	
1FD:1FF	509	511	1	502.0418987304129	1.90179158841981	0.3778921699929617	
4DF:8FF	1247	2303	1	903.5569767216733	3.7096926324503436	1.3494986643699025	
2FF:0FB	767	251	1	1038.386823688622	4.276113354471837	0.9980279226882367	
0BF:0FB	191	251	1	675.9997706554456	2.784456202873626	0.760973861289108	
8FE:1FF	2302	511	1	1372.1983469029947	5.20389773370446	1.1292552206448814	
2FF:0EF	767	239	1	864.2048267519582	3.3068084376509517	0.6923100371507045	
0DF:1FB	223	507	1	306.65533977281024	1.1376062135432108	0.18695252754195296	
1FF:8FF	511	2303	1	958.3108841199845	3.934351768597038	1.396660391759134	
3FF:0FF	1023	255	1	999.5462543357174	4.212574932124427	0.9811100876427203	
06F:0EF	111	239	1	710.3085637623946	2.7174972773395702	0.4581925947992041	
0F7:0BF	247	191	1	4.822380165593086	0.014109514987796236	5.203239902000644E-5	
05F:0FF	95	255	1	1481.4515006489135	6.231054992784363	1.672466496566611	
17F:0FE	383	254	1	1290.9420391888439	5.408123572298835	1.285280770575206	
0FF:0FA	255	250	1	351.0843090292493	1.4382036238866651	0.28308571245764036	
2FF:5FF	767	1535	1	4277.343467510824	30.731157611092428	17.032379563130608	
1DF:0FF	479	255	1	874.8904537155705	3.6869616101240785	1.0065651987452777	
07F:5FF	127	1535	1	3730.667415133829	26.800503654279805	14.437101136809495	
0FE:1FB	254	507	1	336.38984283074313	1.2480334442318435	0.2594980406650936	
0FF:1DD	255	477	1	222.14549460349642	0.7237906634217801	0.11366123122998335	
2EF:1FF	751	511	1	784.6554565625321	2.9741254855594472	0.5291436043588569	
8DF:0FF	2271	255	1	1388.6650880842665	5.855675755867464	0.8056727010278077	
0DB:4FF	219	1279	1	1408.5698489891904	8.37170309123695	3.875374245331998	
0BE:0FF	190	255	1	687.3862870955173	2.896306083021322	0.7829199584915782	
1FF:4FB	511	1275	1	1767.7145383883483	10.453982505442609	4.746768663800493	
0FD:2FF	253	767	1	788.3652758177967	4.026683366365421	1.4175573917362512	
4F7:1FF	1271	511	1	333.49458784333603	1.2644286698056424	0.19250667275463332	
4FE:0FF	1278	255	1	748.4796039572667	3.157139265242735	0.9813907385607735	
0F5:0FF	245	255	1	470.9555661618522	1.9852245544966116	0.49061957912818005	
0FE:07F	254	127	1	230.57040440612766	1.0303997486901566	0.12171262414885131	
07F:0F6	127	246	1	793.3024419225417	3.163895197132375	0.6494367649189516	
4FF:1FB	1279	507	1	515.7447838869701	1.9141639574684113	0.4675372841544315	
0F7:1BF	247	447	1	12.698344356133118	0.032726659804214256	3.6104543185406515E-4	
2DD:0FF	733	255	1	719.5410757102657	3.03251316220378	0.3995484707086308	
9FF:0FF	2559	255	1	1001.1135370940964	4.221030363962047	0.47820294035589167	
09F:2FF	159	767	1	264.436365367546	1.3495182346076762	0.09640744173428843	
0BB:0FF	187	255	1	730.1195784400643	3.076072389600697	0.870161803668834	
1F7:0FF	503	255	1	715.7524951768258	3.016792833485366	0.7507432638525324	
0FF:8FD	255	2301	1	583.5932053571297	2.3908653635852954	0.7845665054923741	
4FF:5FF	1279	1535	1	2304.45752306275	16.394684751779334	9.165058564011918	
1FF:5FF	511	1535	1	2535.423315830641	18.126990040643815	9.67628732220764	
2F7:1FF	759	511	1	149.49293733945976	0.566536487413457	0.020006639195920394	
07B:0FF	123	255	1	1108.3778944198484	4.665766028027754	1.227919491801361	
CFF:1FF	3327	511	1	875.5197185416221	3.320204673053965	0.6943323799460216	
4FF:0FD	1279	253	1	338.6234114884759	1.4109461296379402	0.20111691792550543	
2DF:1FF	735	511	1	783.1049444073844	2.968195010797725	0.4793949568914531	
8DF:4FF	2271	1279	1	6733.200695378732	40.05708579608967	18.960251220205215	
1FF:1FD	511	509	1	404.02956581579866	1.5164140491931133	0.2469627956955176	
0BF:9FF	191	2559	1	477.1600362648327	1.8696274406983073	0.3808442790163039	
0F3:1FF	243	511	1	373.71137944563446	1.4168595008592417	0.30742925969573504	
0FD:0DF	253	223	1	83.3769536449068	0.28622847736871876	0.015878425137009433	
0FA:1FF	250	511	1	351.15952674678283	1.3313536341977703	0.2786433808575601	
0FF:4F7	255	1271	1	1190.2967200035193	7.059073672665894	3.2572574035315274	
2FE:1FF	766	511	1	510.78691082335973	1.9360722183423225	0.24138789778654915	
0EF:1DF	239	479	1	190.73756768312387	0.6269965471921666	0.07874415391331144	
0FF:3FD	255	1021	1	768.5700454797735	3.8519774984925257	1.3582213704233095	
47F:0FF	1151	255	1	522.5120849360478	2.2035210998592727	0.353104964588169	
4FD:0FF	1277	255	1	515.8150536479918	2.1753384913059786	0.4650365636150882	
8FF:2FF	2303	767	1	2140.799118655928	10.935825214923147	2.7525228272982765	
0FC:1FF	252	511	1	367.6854560121385	1.394031252708894	0.30762769330844486	
0FF:1ED	255	493	1	107.9483074762175	0.3666725557338854	0.026825254494623745	
2FF:2FF	767	767	1	412.48669879695643	2.10409061303417	0.15679915069824965	
1DF:1FF	479	511	1	152.89417769394987	0.5794204912018162	0.030788195518698432	
CEF:0FF	3311	255	1	895.5055250139252	3.7769596876072713	0.715288077676257	
07F:2FF	127	767	1	1528.1398390750805	7.799065816782195	2.4118655101922517	
87F:0FE	2175	254	1	1259.747264557191	5.280313763170468	0.6360760610120858	
4FB:0FF	1275	255	1	626.2775764873304	2.6414520345946335	0.6832590968405186	
07F:0FC	127	252	1	294.22447774641813	1.218223892244781	0.0895084553564467	
079:0FF	121	255	1	752.4953422705545	3.170392102828917	0.558502778908674	
0DF:0FC	223	252	1	366.29292083911145	1.5168274042478218	0.26617443019365333	
8FF:1FD	2303	509	1	720.9158611173301	2.7071477541539304	0.3124521337526788	
05F:0FE	95	254	1	979.9707353631804	4.103128367085699	0.7342655892603334	
0BF:0EE	191	238	1	74.76368544174865	0.2843838147730795	0.009334873155796751	
1F7:1FF	503	511	1	147.6669829069502	0.5596206723310044	0.031996517388107326	
06F:8FF	111	2303	1	600.387262597074	2.4626622725149474	0.3290094313322226	
0DF:3FF	223	1023	1	895.8323309244653	4.512423749169665	1.5941129412629973	
0FF:4FB	255	1275	1	1182.137569125055	6.986109904396373	3.212655849444748	
07F:1FE	127	510	1	110.28570140510338	0.4156370816572623	0.012602844873188798	
8FF:8F7	2303	2295	1	374.0549770861611	1.519855765102114	0.0831975569376109	
0FF:9DF	255	2527	1	133.73336501688675	0.5180262699332304	0.04115042706978177	
27F:1FF	639	511	1	115.27146891147103	0.43680777992493913	0.00342412726789197	
4FB:1FF	1275	511	1	370.53204090063747	1.4049508747107917	0.23942556350765737	
0FF:7FF	255	2047	1	2233.7765728501686	18.928067109069538	11.463816754774182	
07F:1FB	127	507	1	22.939223151506773	0.08506300454304395	5.453890069246376E-4	
07F:1F7	127	503	1	323.3438328405583	1.1680865547789898	0.10833975103551059	
1FB:1FF	507	511	1	268.3464709541941	1.016937669824417	0.10730725407478542	
2FF:CFF	767	3327	1	2775.489243375537	15.971756846255165	7.171896913061033	
CFF:0FE	3327	254	1	169.330477144339	0.7095110030879326	0.02591814546120328	
0FF:1EB	255	491	1	19.426126453167797	0.06519539245493067	8.686854595244106E-4	
0FF:1FC	255	508	1	97.33018953835995	0.36338126352358263	0.021791893081151884	
1FE:0FD	510	253	1	174.86703240365927	0.7284022419607283	0.04616707177039973	
47F:4FF	1151	1279	1	2259.5139524404703	13.277645986971901	6.443737463984411	
2FB:8FF	763	2303	1	71.16650030722303	0.2917694972848261	0.004619174551187329	
2DF:4FF	735	1279	1	3170.030827838621	18.85285086518905	7.867761828340943	
2FF:9FF	767	2559	1	276.74372369305576	1.0837641349084628	0.07123383288683902	
0F6:1FF	246	511	1	164.85704359134843	0.6248822498108766	0.06049901972360722	
8FF:1FB	2303	507	1	51.4660730798972	0.1908474528925115	0.0015912829596715398	
6FF:1FF	1791	511	1	99.7264966849847	0.37794365154818405	0.014008140014846692	
0CF:8FF	207	2303	1	30.64867277958146	0.1256528724062872	0.0017394801638527437	
0FF:8F3	255	2291	1	168.75531795398288	0.6837756436803465	0.06550482290063626	
0DB:0FE	219	254	1	107.56058102706444	0.45069788902189706	0.022589625290541968	
0F7:2FF	247	767	1	151.05325542051432	0.7708771927510057	0.05084651893182495	
077:0FB	119	251	1	84.37267210868421	0.34761504185253184	0.00695041777604908	
47F:1FF	1151	511	1	94.62177765614786	0.3585913015031726	0.011576675000569478	
0BF:1DF	191	479	1	46.45700970437696	0.15267309931536524	0.003609039012263397	
5FF:1FF	1535	511	1	103.84649123997987	0.3935678184374728	0.01885802923035736	
0DF:17F	223	383	1	1.8013455921095771	0.004716493950043993	6.463972614599306E-6	
0FF:8E7	255	2279	1	21.182357320485682	0.08033011041971137	0.0010320219042974639	
13F:0FF	319	255	1	308.56505396169194	1.3005542590154417	0.0380374287546161	
07E:0FB	126	251	1	46.09252973783211	0.18989597741303121	0.002185173665896348	
06F:0FF	111	255	1	50.94600990331995	0.21471223487611232	0.0023651748800557417	
0DE:2FF	222	767	1	74.87838500401206	0.3820652891846754	0.0110716356088302	
9BF:0FF	2495	255	1	58.362113494180036	0.24596348341101157	0.0015177636614866169	
0BF:0F7	191	247	1	46.49736502951328	0.18664491909052577	0.003609354581701821	
0FF:2FD	255	765	1	54.622400315408115	0.27703824373007757	0.006845129134720963	
0EF:1F7	239	503	1	18.416690324156715	0.06651786658277366	7.334422763850373E-4	
2FF:07F	767	127	1	68.92781366907354	0.3079179915376684	0.004411511024504294	
0FB:6FF	251	1791	1	1812.601693213324	13.421361589887159	7.441332094577604	
1FB:07F	507	127	1	45.018883973455196	0.20111160015023255	0.0030223003243423033	
03F:4FF	63	1279	1	5491.855450351266	32.6641254903879	14.118506195836236	
0EF:3FF	239	1023	1	158.5561578728882	0.7979512386150154	0.054230527757367614	
8BF:2FF	2239	767	1	358.2814405276828	1.8281309855599481	0.052725546744673606	
0FD:1F7	253	503	1	47.519959654570684	0.17164485172131178	0.005156938721180763	
09B:0FF	155	255	1	138.576365297281	0.5840895082626483	0.025919227091397445	
1BF:0FE	447	254	1	149.10964404681826	0.6247741514771119	0.02453012032288722	
1FE:8FF	510	2303	1	56.42452256018569	0.23133480434458356	0.004810039914539259	
1DE:0FF	478	255	1	45.67851719709047	0.19251515713327796	0.0027373612989006306	
0FF:2DD	255	733	1	32.61181295642336	0.14854601392907574	0.002442441319677898	
0DF:4FD	223	1277	1	1250.0129017459635	7.416532757194476	3.1021266977165958	
0EF:0FC	239	252	1	38.94082630832437	0.16122232679934118	0.0032752393258246356	
16F:0FF	367	255	1	44.35861362522566	0.18694730202257082	0.0013622979271624555	
87F:0FF	2175	255	1	53.29191987042921	0.22459442381900455	0.001137168025886628	
0EF:9FF	239	2559	1	82.69362368250212	0.32381352153989673	0.014783238540539607	
0EB:07F	235	127	1	65.64141164711808	0.29325798404267195	0.00916001036276244	
0BE:0F7	190	247	1	45.24750458424954	0.18162748225931852	0.003402222605277012	
07F:8DF	127	2271	1	23.138983241531104	0.08789639909375854	5.548749756867354E-4	
07A:0FF	122	255	1	42.230498866098216	0.17798009826112696	0.0017812104517504436	
0FF:0BE	255	190	1	1.7287585636696963	0.005019255880531821	6.885549724003463E-6	
2BF:0FF	703	255	1	281.9029156487762	1.188171512882762	0.05057332667690038	
4FF:1DF	1279	479	1	11.375092544440081	0.0373802737816418	2.2722483290723403E-4	
09F:0EF	159	239	1	5.572508703488329	0.0213265429409136	4.291696844235485E-5	
17F:1EF	383	495	1	12.293485045196386	0.04212092215436829	1.1699179809094678E-4	
07F:8FB	127	2299	1	68.2574815866896	0.27883101487418	0.004826127465554595	
06F:0F7	111	247	1	47.96059313514103	0.19251244321639993	0.0020970630162081287	
0D7:8FF	215	2303	1	97.16590216097563	0.39841062217047335	0.018144211398756802	
CFF:2FF	3327	767	1	285.7125023787722	1.4580088435725356	0.07366974432560801	
07F:1DF	127	479	1	12.17797308079701	0.04001836337639086	1.5384381633013567E-4	
0FF:3F7	255	1015	1	107.36822715650644	0.5317602915235353	0.026459309698002562	
03F:0FB	63	251	1	34.21332980808807	0.14095101348533334	5.470132381504054E-4	
076:0FF	118	255	1	51.02701722151336	0.21505423273152582	0.002524326627797805	
03F:0EF	63	239	1	25.330128299296106	0.09694128007298286	3.0004700260122144E-4	
2EF:5FF	751	1535	1	4581.680536505255	32.91650803072866	18.07595139888889	
07B:1FF	123	511	1	27.484543622171415	0.10414917969764505	7.604174337942276E-4	
87E:1FF	2174	511	1	21.049644920542022	0.07976348133534823	1.7748446299061795E-4	
03F:0F7	63	247	1	33.922163153728945	0.13615916459037372	5.378734025556467E-4	
0DD:2FF	221	767	1	144.93454024008852	0.7396161390159636	0.041296140543965854	
07F:CFF	127	3327	1	2291.3246683118787	13.182875344344213	5.445346880120004	
0FA:1FB	250	507	1	22.697987732722883	0.08417071863272847	0.0011639529629111573	
1DF:0F7	479	247	1	123.67475738842275	0.496475950133194	0.020157466184604223	
4BB:0FF	1211	255	1	91.4875819902078	0.38561110139073373	0.012797995961006928	
6FF:8FF	1791	2303	1	37.09017649620228	0.15206094186594743	0.0019361141637246563	
0AF:0FB	175	251	1	18.503589596446602	0.07623144689912485	5.209145702964882E-4	
0DF:87F	223	2175	1	13.876850117953635	0.05030319785862752	3.828549617767911E-4	
0FB:5FF	251	1535	1	1693.3142496495147	12.151462212465908	6.492528012809854	
0EC:0FF	236	255	1	35.19488544667005	0.14833327034774796	0.0026440430508647937	
0FE:17F	254	383	1	1.4160382718887212	0.0037076359692332092	4.606521930030114E-6	
0FF:2EF	255	751	1	57.376977647774076	0.27838880158267887	0.007556397489137948	
07A:1FF	122	511	1	30.3886352957728	0.11515415850964374	9.232818460449401E-4	
0DF:8F7	223	2295	1	44.35512286652847	0.18029737683832092	0.003908501602637911	
03F:0FD	63	253	1	43.45401962915581	0.18097224947437973	8.822527824404263E-4	
03F:0FE	63	254	1	49.374987891840945	0.2068586847621943	0.0011389442792268188	
0FD:8F7	253	2295	1	37.10084672062548	0.15080915372942152	0.0031408675179279235	
2FF:0BF	767	191	1	1.8007004387982006	0.005268514780857551	3.020289594069068E-6	
8FF:0FD	2303	253	1	29.88801762213993	0.12447401038592952	5.361095734782223E-4	
0DE:1FF	222	511	1	25.634729142491143	0.09714173622722899	0.0013009202063514493	
07F:0DB	127	219	1	10.982540355612219	0.0367698197933323	1.2510394056118918E-4	
0CF:0FF	207	255	1	50.18740120394542	0.21152414334885394	0.004661918152451597	
07F:0DE	127	222	1	9.848858261902107	0.033607426991403434	1.0059618028321506E-4	
0DF:CFF	223	3327	1	1162.2750487265582	6.686584769453387	2.6866171504095018	
2BF:1FF	703	511	1	32.73451721125675	0.12404248395429103	6.832100142013354E-4	
09E:0FF	158	255	1	43.52993341592758	0.18345955336763584	0.0026024751729514977	
0DD:8FF	221	2303	1	75.99415463103496	0.31158832788144186	0.011376994860189012	
1EE:0FF	494	255	1	61.55735695268441	0.25944373429256196	0.0053523020553556165	
23F:0FF	575	255	1	72.62398954298942	0.30606614245130426	0.0011444063564387018	
0EE:0FF	238	255	1	28.8807409491911	0.1217201077718516	0.001794758142223789	
0BF:0BF	191	191	1	6.215913684995953	0.01818676249325451	6.465188664780498E-5	
27F:4FF	639	1279	1	6527.174807072604	38.787557054160686	10.9678084916932	
87F:8FF	2175	2303	1	30.876748459527644	0.1265818875497251	3.813752094468292E-4	
8BF:07F	2239	127	1	37.43501094492432	0.16722403277424072	5.761912130058429E-4	
0ED:07F	237	127	1	24.260291527203766	0.10837577521599158	0.0012604817460252953	
27F:2FF	639	767	1	127.32650020231071	0.649581984368084	0.004139474663170761	
1EF:0FF	495	255	1	58.199841233033005	0.24529200541968416	0.004803868213721346	
0FF:0B7	255	183	1	1.2425435738914026	0.0034079505171150993	3.5582211373714057E-6	
09F:0FE	159	254	1	40.618348538144886	0.17017768087100582	0.0022781799202348145	
0F7:0FB	247	251	1	42.68891039865678	0.17588134706746553	0.004067253071848713	
3FF:4FF	1023	1279	1	2368.8671798340474	14.086085399648846	5.5286853842529124	
09F:0DF	159	223	1	9.836190610035	0.03376207916525488	1.3381641447656319E-4	
0CD:0FF	205	255	1	30.926981377292865	0.13034344686413812	0.0017544772402164745	
4DF:2FF	1247	767	1	156.23168139717407	0.7972594833216365	0.040165935520814856	
0FE:0DB	254	219	1	8.48245297717178	0.028399689677614363	1.6505364120274394E-4	
07E:0FE	126	254	1	124.26381950221881	0.5206491041930871	0.01587282155964915	
1FD:0DF	509	223	1	7.258452019659882	0.024914099481512793	7.934827701801944E-5	
4EF:0FF	1263	255	1	33.58494021231717	0.14154591934131475	0.0019188022319405504	
0EF:8FD	239	2301	1	22.66434860990375	0.09274496478528862	0.001109784097292713	
0AF:1FF	175	511	1	9.475388931533672	0.03590532908587617	1.3669899260364767E-4	
07F:4F7	127	1271	1	2017.3259173801894	11.96464474266102	4.216978960862774	
0F7:1FD	247	509	1	32.21330439128371	0.12092198778723831	0.002318025424249002	
0FB:8FE	251	2302	1	20.25823759187473	0.08296963708810143	9.297542357078982E-4	
27F:0FE	639	254	1	53.42548468295151	0.22382683829446937	7.349223171393733E-4	
8FF:CFF	2303	3327	1	3273.6815279687085	18.439401249874354	6.049351811202333	
8ED:0FF	2285	255	1	55.17979443876439	0.23255128171231826	0.0013120223544504598	
0DB:2FF	219	767	1	125.27347850781261	0.6392609014772009	0.030602445207015563	
1FB:0F7	507	247	1	29.185074930017212	0.11714825949462909	0.0012712433084085058	
0FF:5EF	255	1519	1	1617.6518509256248	11.381851108414184	6.0139529111203816	
0EF:0F9	239	249	1	42.91321901774111	0.17469379239857077	0.003978071429761659	
1B7:0FF	439	255	1	65.31109585467054	0.2752598305110855	0.004463592408463095	
07F:4FB	127	1275	1	2400.9454501242753	14.19605226130106	5.978290905646892	
27E:0FF	638	255	1	68.44903286232287	0.2884717531008985	0.0012036013445860373	
0EE:1FF	238	511	1	34.07277062704861	0.12912011790777275	0.0025004554509134983	
0FE:0FC	254	252	1	31.22595992078594	0.1292799249129159	0.002233051780662569	
07F:2FE	127	766	1	114.53651654737901	0.5826530072760427	0.01355910738239652	
07F:4FD	127	1277	1	2122.223850081246	12.597002511697584	4.667909009198829	
0DF:07E	223	126	1	20.882703389930043	0.08964237862591948	8.658339468450156E-4	
0BF:1EF	191	495	1	17.120082192277145	0.058659316066087784	4.899669282729117E-4	
0FF:2BF	255	703	1	17.419944085598207	0.07234413420307113	6.974323423567515E-4	
8DF:1FF	2271	511	1	23.250302292290908	0.08810255115646658	2.2578574498593654E-4	
09F:0BF	159	191	1	1.815889624247596	0.005312959891305361	4.5655435735124525E-6	
0FF:BFF	255	3071	1	394.49921258876975	2.008023385281563	0.35764336173102346	
0EE:0DF	238	223	1	6.325203655284143	0.021710851040451576	8.622763435806896E-5	
07F:9FF	127	2559	1	58.726946116161216	0.22993724412554267	0.0035736499364844437	
0BF:0F5	191	245	1	16.77741850234765	0.06652693937749958	4.7001389793326423E-4	
0E7:1FF	231	511	1	35.27318894056854	0.13366919555057538	0.002603622200080858	
4BF:8FF	1215	2303	1	60.94700854085178	0.24987868202234997	0.005720390979757839	
07F:8EF	127	2287	1	16.209645965480593	0.06179381281151829	2.7229247964573376E-4	
07D:1FF	125	511	1	36.478010975442615	0.1382300156894157	0.0013585190321054727	
1FF:0BF	511	191	1	1.7931559386004663	0.00524644644746618	4.8873362152710425E-6	
2F7:0FF	759	255	1	58.168813545481015	0.24515420731430154	0.003026306851583242	
06F:0DF	111	223	1	10.935192524525265	0.03753420240462913	1.0916702216181486E-4	
0F9:0FB	249	251	1	27.705412167092298	0.1141449427573955	0.0017255321701695812	
8FE:8FF	2302	2303	1	60.04327282723578	0.24615575862241795	0.002153975535539814	
0CF:1FF	207	511	1	35.11074436947631	0.1330524782905574	0.002284020158920757	
8EF:0FE	2287	254	1	55.59927824370854	0.2329363613065101	0.0013354772447603633	
07F:3FD	127	1021	1	197.08548412278594	0.9866709796570488	0.040157176011411534	
05D:0FF	93	255	1	52.210085046709814	0.22003824789523593	0.002054723436099198	
4FE:4FF	1278	1279	1	1429.3070316197839	8.453963633166556	3.53314735217166	
0FF:0DB	255	219	1	6.640103538708664	0.02223131881144047	1.0149154848709952E-4	
8F6:0FF	2294	255	1	27.431999215452034	0.11560924088136483	4.3418465197844443E-4	
8FB:8FF	2299	2303	1	48.99263668807178	0.20085171487540168	0.0014243857829921254	
07F:0D7	127	215	1	4.346837192403632	0.014173319477965662	1.9601798340638213E-5	
17F:0FB	383	251	1	9.513719998561609	0.039194027604119844	6.997877436733634E-5	
4EF:1FF	1263	511	1	10.373197808811726	0.039307550613506485	1.8320022605843305E-4	
0FB:2FD	251	765	1	37.57205505999666	0.1905535871289022	0.0031918999109919505	
0FD:3FF	253	1023	1	53.91792793379506	0.27129299217996933	0.006620820545204284	
0BF:1FE	191	510	1	6.5242795231090795	0.02458602480423857	7.110833655917545E-5	
0EF:0FB	239	251	1	10.911585378692465	0.044953576008645066	2.5719159860079815E-4	
0FD:6FF	253	1791	1	793.8277793057739	5.869119877906582	1.4322077711998487	
05F:4FD	95	1277	1	51.76412329503802	0.306598997641042	0.002054006857245509	
4FF:5BF	1279	1471	1	65.82338592511441	0.4196369479054782	0.007559575866565905	
CFF:07F	3327	127	1	6.069013592311194	0.027110313970162617	3.3266010007934534E-5	
1DD:0FF	477	255	1	2.8364803022723226	0.011953903196190056	1.0506739029058057E-5	
8FE:9FF	2302	2559	1	4.346592405229798	0.017017492588611936	1.1308144864065196E-5	
ADF:4FF	2783	1279	1	9.918804224267435	0.05884388065896521	4.04141897379278E-5	
07F:4F6	127	1270	1	7.85451430671156	0.046419616417784915	6.366404652099991E-5	
0FF:15D	255	349	1	1.1383185887156795	0.002246485284911453	2.990938697314682E-6	
8DF:6FF	2271	1791	1	13.756325378475639	0.10154382135294106	7.8471585800471E-5	
07F:8FD	127	2301	1	3.7004222315836115	0.015141849560861401	1.4181972977787098E-5	
2FF:07B	767	123	1	2.0468605772571453	0.006489702295348473	3.900593290162598E-6	
8BD:0FF	2237	255	1	2.8120484058969835	0.011850908819229889	3.250068740894036E-6	
6FF:5FF	1791	1535	1	5.830469565668095	0.04172449416277948	4.754480767000398E-5	
1F7:4FB	503	1275	1	2.9646229121838465	0.017485571584531928	1.2857077541337642E-5	
05F:0FD	95	253	1	2.4384779028088315	0.010155319710559078	4.5737393195106244E-6	
1FF:4FF	511	1279	1	2.80690498736984	0.0166521292039069	1.190366171703062E-5	

