BMLVN	12	x2
metabolism	0.9970000
mutations	0.0000100
catastrofic	0.0010000
minWeight	0.1
start biomas	2.0	_
env.size	25000.0
feedSourceH	FFF
0FF
00F
777
555
feed port max	50000.0
timeQuant	0.01

key	suscepBits	activeBits	maxsize	popBiomas	currincome	currloss
00F:000	15	0	1	20761.092850015615	401.6708068847656	38.49505376333138	
004:00E	4	14	1	930.7764631465315	6.593089872139684	0.020480436441817188	
FFF:FBE	4095	4030	1	243.85075102184837	2.120225009455752	0.032653765807862584	
FFF:FB5	4095	4021	1	283.28968995507256	2.460221026998052	0.04402493942046642	
F7F:FFD	3967	4093	1	626.7860469365496	5.611520738195272	0.19670059743332977	
555:000	1365	0	1	12208.588503021872	60.097843170166016	90.87782171408767	
067:0FB	103	251	1	1782.0931902154175	14.576193531901646	0.2942784391908426	
005:00E	5	14	1	562.0420137355841	3.9826895886603606	0.0063948117775085855	
FFF:FCF	4095	4047	1	347.3706960004983	3.061336644315169	0.06605870404730944	
9FF:FBF	2559	4031	1	904.1988699596676	7.858652630263056	0.0676408005937901	
067:0FD	103	253	1	1021.4899407230157	8.472841596113613	0.10118534303728091	
DBF:FFF	3519	4095	1	675.570168990934	6.051447770981723	0.16606330380585824	
067:0FC	103	252	1	2068.10649367958	17.00925533850703	0.3881327385974172	
FBF:FFB	4031	4091	1	505.2238259546729	4.518820760166828	0.13377820681578093	
0F7:0FE	247	254	1	715.8972938688348	5.975219820597857	0.17146860926283986	
0AF:00E	175	14	1	718.5587557529591	5.093198208622878	0.09310007548486857	
FEF:FFF	4079	4095	1	285.23001055451016	2.5561113267533666	0.04416657051440336	
0FF:000	255	0	1	21426.56537796962	170.86026000976562	166.48674548370343	
0C7:0FE	199	254	1	660.8933344337195	5.517135999365984	0.08594829603513988	
007:00E	7	14	1	1436.5524261839548	10.164384536527384	0.0568743521430902	
F7F:7FF	3967	2047	1	919.3102795121272	8.281609518848676	0.4257524234332262	
22F:0FE	559	254	1	631.3292290957662	5.273783004450068	0.09499136425482979	
027:0FC	39	252	1	1232.7399607300126	10.16515611368329	0.052337087274923505	
FFF:000	4095	0	1	20021.949895911384	200.26046752929688	226.06573009234822	
7FF:FDF	2047	4063	1	551.111801250418	4.892150158697105	0.2774923981519965	
0AB:5FE	171	1534	1	402.82911564396215	3.2844243341766566	0.028638200937396437	
02F:7FF	47	2047	1	11523.925468205642	103.92301334509447	9.880941757805799	
DE7:FFF	3559	4095	1	973.1509045278922	8.711503956922025	0.3516655735043472	
067:0FA	103	250	1	1278.4705249829406	10.403515518531245	0.15657362633193622	
FED:7FF	4077	2047	1	660.8500772472145	5.95437673731643	0.23664552459301824	
1EF:7FE	495	2046	1	1630.3634477111925	14.662182291402104	0.8649271507183623	
22F:00E	559	14	1	877.5860181265953	6.2208923077593115	0.18403779721300928	
37D:7FF	893	2047	1	1792.943635270196	16.12646304109431	1.1915456329325091	
0A7:0EE	167	238	1	1671.7617725085904	13.25588627568558	0.4283870847688983	
DFB:FFB	3579	4091	1	702.0225321484012	6.277072085417634	0.1877694995282847	
0E7:7FE	231	2046	1	2731.3709389618357	24.56409719966629	2.4145353783759522	
0E7:7FC	231	2044	1	2335.6122892691074	20.966131503205432	1.7693108299442264	
00F:02E	15	46	1	46.28510575382279	0.28564295286170827	1.9530832673849926E-4	
007:02E	7	46	1	10.715309588246045	0.0661280896770529	4.127111252349775E-6	
82F:00E	2095	14	1	320.29858847976425	2.2700618146674882	0.00774034739544142	
777:000	1911	0	1	14471.393121731673	144.5931854248047	176.87011796859807	
02F:0EE	47	238	1	505.71443975636424	4.024031598120494	0.01865214261833024	
067:0FF	103	255	1	1196.745376280669	10.048068276674957	0.1369771672686826	
0E7:1FE	231	510	1	114.87433899446505	0.661077969941668	0.004344522185982306	
5FF:FFF	1535	4095	1	477.17567503566096	4.276998556713233	0.16156792798416036	
1DE:7FE	478	2046	1	2490.9404407186244	22.374947134457567	1.8678789944463194	
8EE:7FE	2286	2046	1	403.7800413905965	3.633512129691053	0.014019485145355446	
B7F:7FE	2943	2046	1	414.72392200425503	3.7320413555832666	0.03619766225143443	
02F:7FC	47	2044	1	2882.2498134327534	25.886144202123507	0.6173494377028832	
27F:7FD	639	2045	1	406.63940382284346	3.656232928581845	0.044555975766342196	
0EF:7FE	239	2046	1	1551.5092444617044	13.961674485864334	0.8109636611972522	
BFF:FFE	3071	4094	1	100.89850415379122	0.9038158700138963	0.0024607300623224085	
EF7:7FF	3831	2047	1	600.3154680279786	5.409162835275373	0.16648408728996322	
D7F:FFF	3455	4095	1	402.1367304253142	3.6033790343431824	0.05622672617774455	
06F:0FE	111	254	1	471.96900559687344	3.9415018925227847	0.026897989119940017	
FFF:F77	4095	3959	1	155.63701221198482	1.3705838730891875	0.013331654930740811	
0EF:7FC	239	2044	1	1179.257196128551	10.59020384238712	0.4693910817687548	
3FF:FFE	1023	4094	1	382.41503978122546	3.4259480877460473	0.07324872399561393	
8E7:0FC	2279	252	1	585.8332105503562	4.832630438353109	0.027805657400020018	
02F:7FE	47	2046	1	6180.88829252292	55.64377099482238	2.8403070370134467	
027:0EE	39	238	1	795.4616106744973	6.328905758632857	0.02219114820109363	
0ED:7FE	237	2046	1	845.8845215581877	7.6127102499084796	0.24091257090687992	
DDF:FFF	3551	4095	1	293.67189134692006	2.6316775983148513	0.03260603554686051	
067:0FE	103	254	1	1302.1642432209842	10.863571962080831	0.16127174513445555	
0AF:7FC	175	2044	1	1527.73109056472	13.721726908107977	0.41936577295607846	
0AF:7F6	175	2038	1	780.0981519964697	6.982666773052653	0.10932189093796534	
BFE:FFF	3070	4095	1	148.7465721785383	1.3329954578018985	0.005333842748455102	
8EF:7FE	2287	2046	1	554.6933378814102	4.991606504089525	0.026466870094957066	
AFF:7FF	2815	2047	1	781.7502599365779	7.04404911697083	0.11013829725108368	
0BF:5FE	191	1534	1	510.8465534112273	4.165126268384656	0.049511503361485285	
1ED:7FE	493	2046	1	638.6944826652796	5.747471591745889	0.13358714873257999	
08F:7FE	143	2046	1	903.6615761496251	8.132593646528008	0.11797396979269739	
0E7:0FC	231	252	1	310.82830804821464	2.5637888119363397	0.031309406521144605	
0FF:7FE	255	2046	1	409.1621551215293	3.682219069019914	0.05953474953171168	
0AF:7FF	175	2047	1	744.2660637007153	6.7069688064881685	0.09949621606211873	
AFF:FFF	2815	4095	1	268.61987540421285	2.407133422414621	0.012884003767825255	
FEF:7FC	4079	2044	1	178.21965452752946	1.6004014226769854	0.017338403738904808	
FFF:FF7	4095	4087	1	113.96482695058157	1.020302171326737	0.007153321775071387	
1DF:7FE	479	2046	1	1045.2731964389047	9.404666522420234	0.334348107745399	
8EF:7FA	2287	2042	1	1126.0416092392452	10.079865255446038	0.10909122526898661	
9FF:FFB	2559	4091	1	204.3682380974122	1.8281768966649539	0.003727975986155729	
FEF:7F7	4079	2039	1	21.27252585307423	0.19063547202907472	2.475396325418534E-4	
1FF:7EE	511	2030	1	203.92297007299155	1.7974833460716175	0.014416795028687571	
3FF:F7F	1023	3967	1	36.62156164663296	0.3227898339026362	6.735641797204336E-4	
BFF:FFF	3071	4095	1	351.4756320140843	3.1494905472039547	0.02949805950741068	
8AF:7FE	2223	2046	1	1241.5396289316238	11.173007863726186	0.1226867276773868	
FEF:FBF	4079	4031	1	71.52587849519107	0.6221746192352345	0.002795384072928323	
0A7:0FE	167	254	1	92.35718235809891	0.7713903569459201	0.0014534325597527784	
0AF:7FA	175	2042	1	1239.2584579462293	11.094727302481617	0.2759326065752313	
045:00E	69	14	1	841.3633305258146	5.963221231202668	0.048864735280936725	
DFF:FEF	3583	4079	1	92.19286176291058	0.8205147533788044	0.003317959288006849	
046:00E	70	14	1	344.71991317233335	2.443143993201149	0.008357390662391906	
37D:7FD	893	2045	1	341.6335555093192	3.0718075292477183	0.04437712435286453	
BEE:FFF	3054	4095	1	145.83956621362668	1.3069442487513243	0.00504348155561538	
0E7:0FF	231	255	1	147.3150678608646	1.2380848594672733	0.007079110219344448	
0EE:7FE	238	2046	1	116.46972309509194	1.0480831196894886	0.004609711679266996	
0A7:7FE	167	2046	1	36.14380733058707	0.3252395182124113	2.235371316451481E-4	
FFF:7FE	4095	2046	1	61.555488331938584	0.5539196891406278	0.0020915190406901943	
0AB:7FE	171	2046	1	369.93596355027285	3.3290599630212565	0.02420645488068003	
00F:00E	15	14	1	133.23277460231705	0.9442184500406323	0.0015841621268217513	
1CE:7FE	462	2046	1	135.15664116553472	1.2162369841867486	0.005363759256573027	

