BMLVN	8	x2
metabolism	0.9970000
mutations	0.0010000
catastrofic	0.0010000
minWeight	0.1
start biomas	2.0	_
env.size	25000.0
feedSourceH	FF
C7
B5
23
11
feed port max	75000.0
timeQuant	0.01

key	suscepBits	activeBits	maxsize	popBiomas	currincome	currloss
FF:00	255	0	1	6579.139771393908	222.97784423828125	292.29708992871474	
C7:00	199	0	1	7767.558705068694	37.25324630737305	347.32603918877516	
B5:00	181	0	1	7935.223097842456	16.7469539642334	319.9191383412264	
23:00	35	0	1	17925.537791116334	528.6715698242188	297.09837758384833	
11:00	17	0	1	25000.0	379.7120666503906	29.052384897048157	
FF:FF	255	255	1	1614.9237921599902	19.34890161386942	17.13211325822538	
FF:EF	255	239	1	1475.143703115244	16.309974035162806	14.303195519558969	
FF:DF	255	223	1	1234.6299550344936	11.683448465280645	10.027115423092884	
F7:FF	247	255	1	1660.1286284793769	19.88877493866071	17.60185458805512	
FD:FF	253	255	1	1626.8145537500852	19.49106937973789	17.2719517178248	
FE:FF	254	255	1	1616.3572792836176	19.365749606775392	17.107177209917115	
FF:F7	255	247	1	1549.8335087581252	17.864372918416137	15.784261014697757	
FF:7F	255	127	1	1530.1465532481495	18.072281693490318	15.401229737491501	
FF:FE	255	254	1	1599.7064214428724	18.99018932961983	16.812019425634254	
FB:FF	251	255	1	1636.6914509536014	19.60882830032207	17.3519280768886	
FF:FB	255	251	1	1573.7624741548225	18.422895164505523	16.272744520433	
7F:FF	127	255	1	3261.4431333453995	38.93699408391091	34.60306387801705	
FF:BF	255	191	1	1200.072589812359	11.036391563030094	9.478662368223835	
DF:FF	223	255	1	1830.3362397653873	21.920109863207646	19.3868703641595	
EF:FF	239	255	1	1699.1973137348252	20.355934682703705	18.02404954088723	
BF:FF	191	255	1	2162.933647387056	25.88363782800098	22.9167948329755	
EF:DF	239	223	1	1298.014478709608	12.282737066789123	10.533160349644506	
FF:ED	255	237	1	1448.8572224713323	15.748656633830336	13.799615093144975	
ED:FF	237	255	1	1709.9967049696616	20.484884542661188	18.12926805686265	
FC:FF	252	255	1	1633.528991610139	19.57141218285764	17.35929393070034	
F3:FF	243	255	1	1682.494284582156	20.155759849439058	17.82086795880816	
FF:DE	255	222	1	1224.8705564574586	11.515900287206328	9.86948981920933	
FF:9F	255	159	1	914.8888064442209	6.765020192189782	5.5125885451506065	
DF:EF	223	239	1	1676.543469923264	18.531127848753208	16.278540757972056	
5F:FF	95	255	1	4319.846549374107	51.456266065893736	45.57649625779602	
FF:CF	255	207	1	1108.852242969071	9.63646730355859	8.090866465209498	
FD:EF	253	239	1	1489.76503632401	16.47163952354161	14.493677556979234	
FB:F7	251	247	1	1567.5338801850535	18.067570954920573	15.921490586020383	
FF:DB	255	219	1	1199.0322487114074	11.060321244444827	9.458494397106042	
FE:DF	254	223	1	1236.7501879344577	11.703415941400147	10.029388801245478	
FF:EE	255	238	1	1460.0415702613989	15.98348086862991	14.01280909750507	
FE:FE	254	254	1	1601.877106484409	19.015154055006345	16.802921688886475	
FE:F7	254	247	1	1552.5133275016592	17.89503862265005	15.788069345573254	
F7:DF	247	223	1	1267.6575004562528	11.99551262102379	10.277625574423832	
F7:F7	247	247	1	1592.1498140319798	18.34659407758927	16.191266406253217	
FD:DF	253	223	1	1239.2700147407536	11.727162230876152	10.036347683782159	
FB:BF	251	191	1	1213.8472352405029	11.162920857604664	9.562603101204068	
BF:FD	191	253	1	2118.719660832435	24.957140120114868	21.992129558805356	
FD:FD	253	253	1	1594.203150538909	18.798804912621282	16.586448510060983	
EF:F7	239	247	1	1626.1118875993445	18.741410266607886	16.512167400952674	
BF:DF	191	223	1	1648.0578662012365	15.5879561364788	13.333047397713838	
FE:7F	254	127	1	1531.368939798848	18.086576713580005	15.376330695385777	
FF:E7	255	231	1	1412.6370330978762	15.020226547087596	13.120438724661694	
FD:BF	253	191	1	1207.6719855489273	11.106270828901424	9.536523992144598	
BD:FF	189	255	1	2178.855534289693	26.07316422101072	23.04224055766958	
FF:DD	255	221	1	1219.751435251774	11.427754039448537	9.787374222891454	
7D:FF	125	255	1	3292.751877646658	39.30824958741474	34.79501623741299	
FF:6F	255	111	1	1148.333422161875	10.746649290997636	8.67871550688895	
7F:FD	127	253	1	3192.2157998911885	37.51944342068314	33.15903371804698	
EE:FF	238	255	1	1679.3259539266314	20.116668366522596	17.541753844862885	
FB:FD	251	253	1	1612.1169942688305	19.010893475845577	16.837348377873035	
FD:7F	253	127	1	1535.1248614370513	18.13097228653353	15.399990693412494	
FB:FE	251	254	1	1622.5845639103197	19.26098937299217	17.0556330190071	
CF:FF	207	255	1	1935.6176848422851	23.177154772857186	20.47026728552605	
EF:EF	239	239	1	1549.9327733285897	17.12761096850767	14.998119361969401	
F7:BF	247	191	1	1230.0018995965802	11.311422303635878	9.681319724644412	
EF:FE	239	254	1	1679.4725518640457	19.934401535430737	17.60874219088548	
7F:EF	127	239	1	2975.0174752826815	32.81993209903892	28.851150501171023	
DF:DF	223	223	1	1392.0364724162562	13.158799401546569	11.219957738444657	
FD:FE	253	254	1	1608.769180726973	19.097372947678995	16.8916755054089	
6F:FF	111	255	1	3614.8969311945693	43.131994606997374	38.15509600805578	
FF:5F	255	95	1	871.8075577793427	7.796166023875127	4.9901754019192675	
F7:EF	247	239	1	1515.6957993978087	16.757282251634052	14.681351218035243	
F5:FF	245	255	1	1669.3538015257352	19.998836155959484	17.678417938105177	
FB:DF	251	223	1	1248.7563776041577	11.816815691616076	10.115010438241663	
FF:BB	255	187	1	1151.1313044395235	10.287275920756102	8.721393254433409	
E7:FF	231	255	1	1745.1989173540119	20.904942146520465	18.4599154325452	
DD:FF	221	255	1	1842.1409436879446	22.060940992305294	19.493875701527827	
FE:EF	254	239	1	1482.7415855974118	16.394009043144795	14.405376442266306	
FE:FB	254	251	1	1578.0790060561978	18.473252701278973	16.309894459242166	
EB:FF	235	255	1	1722.0177240592498	20.628296780117665	18.241320454691525	
FD:FB	253	251	1	1584.0011398464053	18.542440408567586	16.377446865399083	
7B:FF	123	255	1	3341.859366425455	39.89058927632427	35.30824848544706	
F9:FF	249	255	1	1649.6558649257709	19.763873022922592	17.511598451314025	
FB:EF	251	239	1	1498.2448876797996	16.564996651517102	14.549861549193562	
7F:FB	127	251	1	3164.1906448903437	36.923012150839874	32.58723524242322	
FF:F5	255	245	1	1513.97599762064	17.167737908449347	15.06259646432683	
BB:FF	187	255	1	2201.5693505524187	26.343861116199516	23.29468165026903	
FF:BE	255	190	1	1151.7984166531896	10.467644385085114	8.728600963801231	
F7:7F	247	127	1	1549.712558280741	18.30258769884306	15.357345552004004	
F7:FB	247	251	1	1617.9480872915506	18.938629899418967	16.721830894596064	
FD:F7	253	247	1	1557.2663791919294	17.949658625077213	15.831460935314265	
FF:F3	255	243	1	1503.5488819321067	16.926393674235694	14.857043638206063	
FF:D7	255	215	1	880.7930185100897	7.998103271619285	5.0875129821334175	
FF:7B	255	123	1	1472.6313574638223	17.042215051594148	14.262954860103443	
BF:BF	191	191	1	1589.4460767011421	14.5789698144244	12.376291135949474	
EF:7F	239	127	1	1577.8721355477976	18.63614025826483	15.562273025748803	
BE:FF	190	255	1	2167.6747334777865	25.939941137322016	22.921044685125946	
FF:F6	255	246	1	1527.12840580988	17.43466560046235	15.325018001529797	
BF:FB	191	251	1	2104.6536050768364	24.610455182655265	21.70409909833005	
BF:7F	191	127	1	2021.638165320507	23.890091678681674	20.084714451208846	
DF:BF	223	191	1	1341.5049618579162	12.3358514002686	10.436929975653253	
7E:FF	126	255	1	3270.112919752688	39.03962255066947	34.55810752931474	
AF:FF	175	255	1	2322.2333001045704	27.781970092994122	24.542097104378563	
7F:DF	127	223	1	2448.5396339827707	23.14544737648213	19.579752493652414	
DE:FF	222	255	1	1837.568972112986	22.006525898620215	19.470949972914063	
7F:FE	127	254	1	3217.380478081407	38.06195861528951	33.6789557359942	
FF:AD	255	173	1	959.6557362715782	7.734599732162306	6.059517845443598	
FB:FB	251	251	1	1593.082052737749	18.64615082938454	16.440109112850674	
FF:77	255	119	1	1439.88289166332	16.33417906940483	13.637314205655647	
FF:FC	255	252	1	1561.1095774289845	18.240650708063956	16.010391086884997	
BF:EF	191	239	1	1972.3893764532602	21.78935895395916	19.07532670617468	
FF:DA	255	218	1	1110.089418300193	10.169591844095216	8.10036130556193	
7B:EF	123	239	1	3035.1075882369073	33.4803964296006	29.184912257798107	
BF:FE	191	254	1	2134.9331021732723	25.314042040121315	22.328403487525716	
FF:EB	255	235	1	1432.4121092147925	15.463974239052689	13.48808623060049	
EF:FD	239	253	1	1666.2272468029432	19.647084006112408	17.33280911851419	
FF:FA	255	250	1	1554.0756091072105	18.021222769690905	15.868556182221901	
7F:F7	127	247	1	3107.535212900117	35.71672862171297	31.44582024171543	
F5:EF	245	239	1	1519.4405867462654	16.7982127762739	14.654242153004509	
3F:FF	63	255	1	6956.12449524678	82.29095948670634	72.1171353344763	
BF:ED	191	237	1	1923.3168751195412	20.888845300345736	18.139085451696953	
BC:FF	188	255	1	2169.155448092651	25.956458925438632	22.739357850146014	
EF:FB	239	251	1	1646.3329697685374	19.269760526455833	16.92152401453066	
6D:FF	109	255	1	3691.7969841909357	44.040540867595396	38.88680755350198	
FE:BF	254	191	1	1128.563432617768	10.37599412849259	8.348925173956754	
BF:F7	191	247	1	2061.628200148781	23.739128699971435	20.82941321483542	
DB:FF	219	255	1	1852.44559545567	22.183507354425284	19.54660791537309	
7B:F7	123	247	1	3167.270942625441	36.39953183085604	31.74684558228119	
FD:ED	253	237	1	1430.2165146978386	15.543970773369926	13.354194497577735	
FF:FD	255	253	1	1579.2031442188263	18.62306340965125	16.383036311907986	
EF:ED	239	237	1	1510.7821708723977	16.412772340974886	14.250266268852686	
DF:FD	223	253	1	1596.4514490649626	18.811987268282305	14.723181063292854	
B7:FF	183	255	1	2235.188597251139	26.744061256014636	23.566214176962383	
DF:F7	223	247	1	1708.7974638952994	19.687609773357714	16.89711603197249	
FF:EC	255	236	1	1392.244108821966	14.982591196507009	12.737278147868306	
ED:FD	237	253	1	1659.337257904426	19.563605114864206	17.06825275783009	
CF:DF	207	223	1	1275.8176585571366	12.055843226509703	8.884107988604674	
FF:AE	255	174	1	542.3317171961027	4.398033397521546	1.925715764627872	
FB:EE	251	238	1	1461.273569770279	15.995718123533582	13.83838921535672	
FE:EB	254	235	1	1305.0146397025353	14.083287869808112	11.143808896871187	
FA:FF	250	255	1	1617.6715845199672	19.379752382739362	16.89194227281795	
FF:3F	255	63	1	698.5279239284464	7.59351965067389	3.1850243538144545	
FB:E7	251	231	1	1396.0979248397648	14.84254769796464	12.63187255392949	
DF:ED	223	237	1	1566.0769465486003	17.01512585383587	14.195149746408099	
5B:FF	91	255	1	4196.8857593556695	50.00332981744917	41.44930379833242	
5F:EF	95	239	1	3411.327635309193	37.604835329632515	28.472725603190923	
F7:D7	247	215	1	52.098809312106944	0.47106753271740986	0.017149517676424243	
BF:BD	191	189	1	1121.7849697009906	10.040588351352088	6.148874849237774	
ED:EF	237	239	1	1486.024368264249	16.418849518627084	13.682656325791088	
BF:DD	191	221	1	979.9579364285664	9.163140213746729	4.690326929498224	
77:FF	119	255	1	3379.3051071630102	40.333147708885456	35.05631149652374	
FC:7F	252	127	1	1256.5830040752185	14.821498630851664	10.250938155412731	
FE:DE	254	222	1	954.481091249302	8.965421471890265	5.955831035464433	
BF:DE	191	222	1	1256.1265566536063	11.795059626932268	7.722647392852242	
4F:FF	79	255	1	3124.997338125276	37.274273715363826	20.646495890817274	
FD:F6	253	246	1	1452.402291116092	16.577748810995807	13.758784226406169	
B7:EF	183	239	1	1876.3733190961468	20.72281994352523	16.604801161496564	
7E:FE	126	254	1	3110.7317996735605	36.799800429604424	31.257287729918232	
3F:FD	63	253	1	6151.9683373315	71.84338308870579	56.462385810912714	
5E:FF	94	255	1	4178.637054324757	49.787508535314146	42.272719162058365	
FC:FE	252	254	1	1569.5344493126063	18.629087010634198	16.018198579992227	
FF:C7	255	199	1	154.24298481314972	1.2801184644048382	0.15500791885441442	
5D:FF	93	255	1	4022.9514631584634	47.94487655299485	38.81746509580441	
FC:BF	252	191	1	881.6166019050736	8.097455062898412	5.04717284686958	
FB:BE	251	190	1	590.7319931217033	5.355505911774328	2.2495701854837864	
FD:FA	253	250	1	1505.5626509718097	17.455903795166474	14.786641355579098	
5F:FB	95	251	1	3911.6227723577467	45.576892605183986	37.37662135142878	
AE:FF	174	255	1	2180.9714176120337	26.09002746724369	21.53448354714686	
FD:AF	253	175	1	499.3813543710279	4.097989262606588	1.6209548150320174	
DE:DF	222	223	1	1150.4650055596585	10.87120607635055	7.619799296750862	
F5:FE	245	254	1	1594.9220487865152	18.92894863197572	16.128527379250823	
6B:FF	107	255	1	3509.461768786722	41.87353428041101	34.50774975730319	
57:FF	87	255	1	3866.9695945456424	46.09449266747606	33.82845093776769	
6F:DF	111	223	1	1803.1340589129375	17.029944932890466	9.498518690855343	
EB:BF	235	191	1	287.75011159647494	2.63486827115694	0.5050877915838857	
B5:FF	181	255	1	2104.541865056803	25.17804467329053	20.686805381615756	
E5:FF	229	255	1	1691.821380070475	20.262611449686048	17.212514000865973	
FC:FB	252	251	1	1510.46226510436	17.67812141852443	14.831850833569847	
FB:F6	251	246	1	1407.904293689567	16.067182280023204	12.824995188184014	
DC:FF	220	255	1	1721.6290315663325	20.6132845423216	16.94606866919337	
EF:F6	239	246	1	1513.6301607118346	17.275054350311596	14.2937124132964	
FC:EF	252	239	1	1423.8367434517756	15.739705048354383	13.186760932796505	
EB:DF	235	223	1	735.7932154380793	6.948632382397331	3.3155281886930457	
7F:BF	127	191	1	898.4158966511254	8.235000885927818	2.6189828688770054	
DF:EB	223	235	1	886.4006969293204	9.546502245510712	4.51931624775712	
ED:7F	237	127	1	84.08540994007448	0.9852916907821402	0.043153561372338264	
B7:FD	183	253	1	1600.8983700980232	18.842774745328438	12.040243473628339	
9F:FF	159	255	1	2210.9785135306656	26.43547141556671	20.085920005788783	
F7:F5	247	245	1	1391.483394853632	15.768284805349046	12.346482974319647	
EF:DE	239	222	1	460.67629107842515	4.317177930595728	1.3153876662432156	
FC:FD	252	253	1	1347.828896525108	15.8833190727328	11.786345821264232	
7F:E7	127	231	1	1787.719398476233	18.961661739694406	10.374676364693006	
FF:CD	255	205	1	671.900715616573	5.7679765651781	2.956775687754164	
BF:9F	191	159	1	355.04374135564495	2.6165093897276557	0.6149075314355344	
FE:FD	254	253	1	1458.06401847756	17.188991776838293	13.902576065272818	
BD:EF	189	239	1	1562.6950498518092	17.25229924064598	11.82621129799657	
7F:DD	127	221	1	710.3281906386941	6.6301116388897805	1.6340361886317005	
FD:6F	253	111	1	576.2317038224948	5.376255324570132	2.1560234533634657	
F4:FF	244	255	1	1339.656593045362	16.035596136744683	11.308507448716679	
FA:DF	250	223	1	782.324096684713	7.390726773849704	3.9370260816297855	
EE:FB	238	251	1	1438.5181286930447	16.82875772508887	12.848247212610204	
6F:FE	111	254	1	3115.146257380888	36.84869197254519	28.294318886012025	
3F:FB	63	251	1	4163.847869853151	48.455663807498006	25.858636033178893	
75:FF	117	255	1	2933.8534512625884	35.0290613154149	26.001666510956575	
6F:BF	111	191	1	766.9274802184201	7.025844751784096	1.712380537079377	
FD:FC	253	252	1	1385.855473949952	16.184262542712677	12.50937941748319	
7D:FD	125	253	1	2774.95512782627	32.61818362113022	24.668765741016752	
FE:B7	254	183	1	38.512859022232064	0.33944671918206665	0.009610858250690388	
79:FF	121	255	1	2763.11307832928	32.996087124362305	23.747279327527707	
BF:F5	191	245	1	1353.7962825441487	15.320554297108359	8.937830463210425	
CE:FF	206	255	1	1728.5476822338007	20.690885595061182	16.233791089405468	
FD:9F	253	159	1	23.764998870079584	0.1749011720604894	0.003657367619931183	
CF:FE	207	254	1	1640.2902776192932	19.451835594455588	14.666489258159503	
DF:DE	223	222	1	164.90440156536405	1.542816833260262	0.1557852906137157	
FE:EE	254	238	1	1197.9710143210775	13.103944469437838	9.376265709971166	
FD:BE	253	190	1	679.9913745742022	6.167537911033104	3.0061519767687246	
DF:7F	223	127	1	1195.070246258922	14.084025572391187	8.23482346643996	
FD:EB	253	235	1	1070.8333121931123	11.546894644822633	7.458672090530067	
DD:DF	221	223	1	686.9236194719659	6.482923921962113	2.6952802350383642	
F9:FE	249	254	1	1196.0485808497585	14.180547121245088	9.1636604955429	
F7:FE	247	254	1	1373.4100055522783	16.291502972698098	12.0137833115101	
FE:ED	254	237	1	809.4399801642342	8.778691529929286	4.263441329674588	
FB:B7	251	183	1	230.6350255433205	2.035149540765394	0.34169538318759085	
F9:FD	249	253	1	580.6006227043757	6.8214008269227415	2.1458828958111713	
FD:F9	253	249	1	954.5989256943496	10.973987368831763	5.910286938972207	
7B:FD	123	253	1	1979.9792273405726	23.274005461595277	12.334462154471417	
F7:DB	247	219	1	213.9038023580265	1.964428283083026	0.2895091689341501	
3B:FF	59	255	1	688.8533705248789	8.20191956050276	0.662492130805141	
D9:FF	217	255	1	1276.3069103023718	15.264955668032542	9.161448376865254	
F8:FF	248	255	1	1147.5984099736922	13.729416229060211	8.402377689552047	
6F:F7	111	247	1	326.83216278786597	3.744689072205997	0.3086745723362514	
B9:FF	185	255	1	1339.8537669358122	16.013568262559655	8.499840569732703	
7F:F3	127	243	1	1957.5905693719492	21.977183623459485	12.426365696481039	
F6:F7	246	247	1	1164.1140203582834	13.399326089593506	8.589096959012721	
CD:FF	205	255	1	1323.0038541576043	15.822352369012787	9.439393691208348	
E7:F7	231	247	1	763.7947842094965	8.77694649627706	3.505187922923714	
FF:E3	255	227	1	652.1041943807622	6.657913779603798	2.774978118194658	
BD:DF	189	223	1	506.9500118934519	4.779900204592914	1.2388779513200339	
F9:F7	249	247	1	734.2105997089678	8.438200515295813	3.4391069369376646	
F3:FE	243	254	1	1102.5311306010574	13.066114375350793	7.609056848021641	
B7:DF	183	223	1	145.2864354699816	1.3677782022769547	0.0986267963970462	
F1:FF	241	255	1	284.1102849998801	3.3856023086954896	0.4975999494022598	
7F:F5	127	245	1	1241.308347839728	14.023376209672998	4.979537178201145	
7C:FF	124	255	1	2243.97789193349	26.799608373946462	15.98462644001795	
7D:FB	125	251	1	1090.0565900571853	12.706526951410863	3.782442286185556	
AF:EF	175	239	1	1337.4309255747323	14.749867021939435	8.099947365971301	
BD:BF	189	191	1	90.49955317988228	0.8276616545356147	0.03937131846021912	
BE:EF	190	239	1	416.0070071377451	4.577318310826631	0.8351084844059542	
EB:7F	235	127	1	936.4770715386635	11.025503298828747	5.361874458967429	
9F:FD	159	253	1	1018.2650453794857	11.96411265226727	4.232671299349164	
73:FF	115	255	1	494.26888286054344	5.887973242922855	0.7200684717335274	
EE:DF	238	223	1	355.64087367644186	3.3526876255038225	0.7803833798556996	
ED:FE	237	254	1	1286.743722928023	15.257260161045057	10.224120074199348	
F2:FF	242	255	1	1120.4097684901594	13.40132654330481	7.83116931135137	
F6:BF	246	191	1	99.90968441437411	0.9139004413397632	0.06288370324793774	
EE:EF	238	239	1	372.3613696033722	4.098106697322504	0.8527546180782137	
FB:6F	251	111	1	152.83259857277142	1.4223342636150655	0.14978442000818293	
5F:FE	95	254	1	1397.777235849541	16.517186708162885	4.738802995337123	
B7:FB	183	251	1	857.126530220775	9.997198168549247	3.434150872622784	
BF:CF	191	207	1	44.86951777885516	0.38791398538013727	0.009774637226966407	
EB:F7	235	247	1	1114.1271827263697	12.82123574525893	7.59737816067094	
FE:E7	254	231	1	219.7893472261805	2.3249311218001454	0.31251214734199106	
7F:EE	127	238	1	469.13511265232455	5.108831812378193	0.7095118309078648	
7B:FE	123	254	1	1995.4151867156456	23.609842918028193	12.52557816545398	
7F:7B	127	123	1	340.1304079827978	3.9078164789061045	0.3719335539317647	
CF:EF	207	239	1	634.6643994821562	6.990806801363439	2.1802364048737384	
FF:D9	255	217	1	85.0998825810638	0.7730501190733686	0.04707304135337562	
DF:CF	223	207	1	90.06241905472686	0.7788462922479734	0.046503906976159796	
BB:FE	187	254	1	783.9084566389182	9.26964513269735	2.9241770472082975	
DD:FE	221	254	1	803.9296910519906	9.512993383774052	3.6786652968667366	
BB:F7	187	247	1	1335.8826610824497	15.363761206564867	8.53281903940882	
EE:FE	238	254	1	722.6423959197099	8.550835638235913	3.2178551049439315	
FD:EE	253	238	1	486.71487000301386	5.307890891591898	1.530722995952091	
FB:DD	251	221	1	374.7153146225387	3.4981321110451273	0.9023720745120439	
DD:EF	221	239	1	242.77575591844155	2.6698410611351626	0.33435218470775196	
BD:FB	189	251	1	128.4935783244136	1.4946522852184223	0.07900020482136676	
FA:FB	250	251	1	259.28771357701476	3.018957748575398	0.428089513295347	
FB:FC	251	252	1	582.773712467256	6.784712163673606	2.1770243097744792	
BD:FD	189	253	1	846.2849870308152	9.943894474987285	3.443870385380809	
7E:EF	126	239	1	978.931391597337	10.779201296339789	3.075486470732562	
F5:7F	245	127	1	413.0416795141789	4.849466940537604	1.06940293972198	
FB:EB	251	235	1	722.9893760833319	7.784565514636197	3.36177299212042	
7B:F6	123	246	1	327.33104482875666	3.7151469735871943	0.335208220035301	
BD:7F	189	127	1	376.16294162822226	4.413340856543637	0.6786078426133525	
FF:7E	255	126	1	236.72163505105138	2.7067317573161835	0.36320096080685244	
7F:F9	127	249	1	621.229329197839	7.1189425735447145	1.2433293813445805	
F7:EB	247	235	1	320.51708972091666	3.444074199184769	0.6486826691517497	
3D:FF	61	255	1	1093.383218554204	13.023459494187984	1.72068859958665	
EF:EE	239	238	1	51.063665121833765	0.5554823448500535	0.01604363679819144	
F7:F6	247	246	1	288.1858110314921	3.273273620473909	0.523547443542711	
FA:FE	250	254	1	329.5941047259841	3.892854255195208	0.6919971769269015	
5F:FD	95	253	1	1172.134403864488	13.75661997669636	3.3311416860961542	
CB:FF	203	255	1	1076.3674579471176	12.86320173999975	6.179491121938263	
EF:E5	239	229	1	237.25150794965637	2.4290298785772633	0.34742967003097425	
FF:E6	255	230	1	48.64221450122226	0.500768998380602	0.015335741583729471	
3F:EF	63	239	1	370.02540737896504	4.066032509317698	0.20402207608389364	
FD:F3	253	243	1	385.0858338198932	4.315747095186917	0.9565635924033835	
FF:B5	255	181	1	77.32108015511294	0.6681670414698997	0.03889298351390995	
5F:BF	95	191	1	183.10760432266179	1.6746468543188198	0.08154673868256952	
7B:BF	123	191	1	130.94496697696437	1.1975372203737886	0.05384837382093452	
77:DF	119	223	1	78.73732806687666	0.740949406348239	0.018895932193252914	
AB:FF	171	255	1	547.670756679012	6.529573905138535	1.3228049314414108	
F6:FF	246	255	1	353.66763491302737	4.216209922271243	0.785573697605026	
D5:FF	213	255	1	623.3674211815835	7.4383634442429525	2.138193666276069	
F5:FB	245	251	1	376.4467474257065	4.385765545127186	0.887664052858267	
BD:FE	189	254	1	385.17698436688227	4.548184655360299	0.7109486134208649	
3F:FE	63	254	1	1194.576480902697	14.100322539183958	2.122943501646229	
DE:F7	222	247	1	532.5874962580494	6.113237743183266	1.617846308843694	
7F:EB	127	235	1	338.46000589073805	3.6337501770075487	0.3692045039563476	
7F:F6	127	246	1	232.53815565166	2.6386186893556642	0.17396506927985822	
8F:FF	143	255	1	504.8555382996395	6.016504002765354	0.9609728630573021	
6F:FD	111	253	1	816.4768940406196	9.580610177411483	1.9285062517118163	
F7:CF	247	207	1	83.6108849519888	0.7230661805316588	0.044220053186509525	
EC:FF	236	255	1	541.3624359369261	6.459490020213307	1.789907561595377	
BB:FB	187	251	1	320.3095926856599	3.7289176862039146	0.48676522508350767	
E9:FF	233	255	1	881.6034319004889	10.534414787556022	4.708364983841252	
77:EF	119	239	1	243.85883714263034	2.680147758446286	0.18079546345910527	
FF:9E	255	158	1	15.774882603633603	0.09888436382973632	0.0016254589526836106	
D7:DF	215	223	1	182.11543298753858	1.7150092732992681	0.1840904786026842	
F3:BF	243	191	1	18.350841935757998	0.16777581187974783	0.0020962505206284154	
BB:BF	187	191	1	121.04182371282873	1.1071293550179468	0.06975554727229072	
D6:FF	214	255	1	358.721941180221	4.275496145768928	0.709202122306031	
7B:E7	123	231	1	171.48119480107505	1.8124186487530822	0.09208883315648675	
7F:DE	127	222	1	3.8457481175330877	0.03594835896428332	4.772619990351088E-5	
7D:EF	125	239	1	122.96943226473465	1.351062459386501	0.04801194298607603	
FF:F2	255	242	1	305.10563500765187	3.3848505397879936	0.6040556993280717	
F8:FB	248	251	1	61.44196422121398	0.7145462270070275	0.023830561429241438	
EB:EF	235	239	1	256.6122467602672	2.822441752433907	0.3999796414449927	
AF:FE	175	254	1	27.32353986407557	0.3221300214524613	0.0033468056886221467	
67:FF	103	255	1	645.6564781470655	7.6929424212549	1.1217395096497518	
9B:FF	155	255	1	557.2079313528677	6.642104758590931	1.2376074563513197	
FB:CF	251	207	1	11.183075276142372	0.09666800270913664	8.016776956969538E-4	
DE:FB	222	251	1	168.3463860286467	1.95885988680362	0.16105232078117926	
ED:FB	237	251	1	377.293798857499	4.395445579124583	0.871403572820128	
7B:DF	123	223	1	228.09789213711022	2.1474607522312392	0.16336578186850725	
7E:BF	126	191	1	72.96344556687067	0.667160198642569	0.01708147366701922	
9F:EF	159	239	1	15.244875798258587	0.16744167324234446	9.446343529271202E-4	
DE:FE	222	254	1	252.2730578756714	2.9778393772380283	0.36180944997962927	
2F:FF	47	255	1	386.3413527929131	4.598192587410599	0.1759254430794088	
ED:F7	237	247	1	114.42068093403626	1.3107100058988843	0.07996497622506857	
FE:DD	254	221	1	53.29867891641491	0.49664287654162653	0.01839106797165213	
7C:FE	124	254	1	141.1543859937402	1.6646493819295884	0.06274440266292619	
5F:7F	95	127	1	63.682277894550964	0.7459455387018538	0.009803841127619966	
DB:FE	219	254	1	434.3142991860554	5.131098368586038	1.0611217912909525	
BB:7F	187	127	1	10.455519927456617	0.12245898743792719	5.174419229495268E-4	
FD:E7	253	231	1	181.93551578519114	1.9240749060802176	0.21333006945296262	
77:FB	119	251	1	73.00942118033029	0.8489320568528169	0.016172853406470705	
FF:EA	255	234	1	34.18864135990542	0.363077919099274	0.007569872583046055	
7E:DF	126	223	1	16.82434219267901	0.15829479448897513	9.074347632680804E-4	
2D:FF	45	255	1	481.9705366425943	5.736777611047754	0.263072693553507	
AF:FD	175	253	1	379.98188879496803	4.45692549439166	0.6488766965852502	
ED:ED	237	237	1	15.524238638302812	0.16764970406649132	0.001472493898491752	
77:BF	119	191	1	23.665608776623127	0.21635798804766074	0.0017075489815400425	
9F:FB	159	251	1	185.24722531295052	2.1550883607906277	0.13943842078049776	
CF:7F	207	127	1	215.0775119188426	2.521818434161391	0.24924502284078234	
FB:77	251	119	1	15.07846627965769	0.1696972496252967	0.0014498818218800097	
6F:EF	111	239	1	142.12827089959958	1.5615844657538334	0.058384688462374865	
FB:DB	251	219	1	8.085525125182523	0.07416354242863822	4.186169229623611E-4	
FB:F9	251	249	1	54.82309937936324	0.6273588674727912	0.019166865739547803	
76:FF	118	255	1	69.95603238070156	0.8324332510033096	0.01473826180526347	
CF:F7	207	247	1	123.43716193148572	1.4139471960915033	0.08204957373619519	
FF:BA	255	186	1	18.89271607878464	0.1659065657088217	0.0023198137619209244	
FD:DD	253	221	1	18.44766303082625	0.17185921379336733	0.0021950046103964855	
EA:FF	234	255	1	68.37778226887981	0.8138145523647528	0.02820128598287738	
BF:BE	191	190	1	34.93787040251417	0.31573599558940446	0.005920931805236309	
7B:FB	123	251	1	114.89195794125773	1.3361055388370924	0.04123593553111518	
E5:EF	229	239	1	32.39518594996344	0.35585734975394195	0.006222783552783914	
1F:FF	31	255	1	153.97216272982484	1.8319548467471813	0.014176708439801719	
E6:FF	230	255	1	55.11902737701935	0.6559580768842919	0.018049934795129726	
37:FF	55	255	1	58.57762748157719	0.6969455818985391	0.004491340610747906	
7B:B7	123	183	1	6.044022483514227	0.053258988611754314	1.1471929491275545E-4	
69:FF	105	255	1	6.7273731914881765	0.08003644148009821	1.2354469388340688E-4	
BF:BB	191	187	1	34.809114368006675	0.30933174275123243	0.0058791578453725735	
EF:FA	239	250	1	125.78922539230027	1.4497400876050686	0.09730394891109943	
CE:FB	206	251	1	11.031308024038795	0.12824842189766597	6.519972828550363E-4	
5F:F7	95	247	1	16.733785314659873	0.19156586495286804	6.773281545943526E-4	
BE:FB	190	251	1	19.761030771771885	0.2297470933475708	0.0018763508234997494	
B3:FF	179	255	1	45.85198756184886	0.5456097685717002	0.00958363557806794	
ED:E7	237	231	1	6.446153019757738	0.06809789131275998	2.539812979188811E-4	
FA:E7	250	231	1	14.943003745638553	0.15786831768453521	0.0014213160931200563	
FE:F6	254	246	1	10.18769691983181	0.11552533866684654	6.688846515393639E-4	
A7:FF	167	255	1	69.65283575954352	0.8288986099026395	0.0209292230933707	
7D:DF	125	223	1	61.307339218310986	0.5769011505804572	0.011968845868224949	
BA:FF	186	255	1	151.90950975693661	1.8085058244913166	0.10883745371127039	
7F:7F	127	127	1	39.42076719863142	0.4617454377391317	0.004991079240252977	
7E:F7	126	247	1	17.30710909362215	0.1981320971445916	9.563123629770624E-4	
CD:FD	205	253	1	8.819454266914446	0.10328843764800329	4.1503511217195116E-4	
F7:FD	247	253	1	25.416483596387952	0.2976966181708433	0.004058495703013445	
DD:7F	221	127	1	12.92439371242896	0.15137891668680303	9.442202097687425E-4	
BE:FE	190	254	1	27.803900452545268	0.32779680633067504	0.003713538503753337	
FA:F7	250	247	1	45.66103556438969	0.5228495059861777	0.013251635609925906	
E7:BF	231	191	1	8.155572604035305	0.07455892853037532	3.9862447867842013E-4	
AF:DF	175	223	1	20.990571371082126	0.19750144719757118	0.0019846104985789172	
F8:EF	248	239	1	21.937828576068313	0.24097184095174004	0.0030407586702909913	
BF:EE	191	238	1	47.72926572231305	0.5191675656323718	0.011010706799954962	
8B:FF	139	255	1	19.474356051119777	0.23170121537165447	0.0013948668241619592	
B7:FE	183	254	1	24.514042159008717	0.28900508866314334	0.002791873258715994	
7D:FE	125	254	1	78.38120088081943	0.9241857387389111	0.019470357672327635	
3F:DF	63	223	1	26.810433096737743	0.2522472415380104	0.0010739990119316544	
BE:BF	190	191	1	5.066882842463897	0.04632074172128498	1.2396578102380924E-4	
7E:FD	126	253	1	72.48740868241416	0.8490845628378688	0.01677025846763646	
FD:F2	253	242	1	2.902007991865389	0.032136106861364803	5.411761449204067E-5	
BC:FE	188	254	1	27.228489900769826	0.32101169373861527	0.0035289699097347223	
CD:EF	205	239	1	20.453402132657292	0.22465990766943983	0.002235686734681827	
9F:F7	159	247	1	6.479604763634224	0.07417650267403535	1.704836162961263E-4	
FF:D6	255	214	1	7.679354084256845	0.0689557588720823	3.83075935485074E-4	
3E:FF	62	255	1	7.20001000414288	0.08565879823738082	7.606827464519246E-5	
95:FF	149	255	1	10.033158006650833	0.11936820573947218	3.8784200969769117E-4	
FB:F5	251	245	1	21.41767903771608	0.2412556653379745	0.002925332766805282	
7E:FB	126	251	1	27.608637250967792	0.320983271300969	0.002432776539340857	
B7:F7	183	247	1	57.13565731706333	0.6542252405029361	0.015180075983977174	
B5:FE	181	254	1	39.81655468433778	0.4694441534313667	0.0073017520075453314	
DB:FD	219	253	1	13.630307301476659	0.15963506528817217	0.00104141078609604	
AC:FF	172	255	1	46.928471776162375	0.558418500446754	0.009745808053291094	
F7:F3	247	243	1	42.359996021204026	0.4737823114836709	0.011287125295994517	
67:FE	103	254	1	24.72202656377941	0.2914433700790843	0.0016418684716237508	
EF:BE	239	190	1	4.172383964614927	0.03770080417449313	1.0746312074607163E-4	
E5:FB	229	251	1	18.899624137534182	0.21973585173989535	0.0021150201095989926	
FA:BF	250	191	1	15.64846572452013	0.14306682872323973	0.0015631771936609796	
BB:FD	187	253	1	9.82275485350633	0.11503845823203286	4.5669598363206677E-4	
CF:FD	207	253	1	26.526507279762264	0.31069278379537535	0.003784037201831398	
F5:ED	245	237	1	5.811219453929443	0.06275300806904581	2.110918807739104E-4	
BC:F7	188	247	1	7.330294010752019	0.083915646941668	2.5590658788209736E-4	
5D:FD	93	253	1	26.073768580317775	0.30536562785140026	0.0016157597715448424	
5E:FB	94	251	1	16.937909581153765	0.19691410372752285	6.87981470059541E-4	
5F:EB	95	235	1	4.7704397455026895	0.05116425295709495	5.5124760647170416E-5	
5C:FF	92	255	1	5.714241658652125	0.06798275098868113	7.692112848661758E-5	
7F:7D	127	125	1	16.18219177926944	0.18540957367276475	8.414476478404239E-4	
F6:EF	246	239	1	24.13866863726889	0.2651498864605749	0.0036540796003383005	
BE:F5	190	245	1	8.30411543615631	0.09353127902701673	3.315610065676778E-4	
ED:F9	237	249	1	2.810496158927704	0.032150909783716916	4.819305824633928E-5	
FB:7B	251	123	1	1.8876669775107469	0.021667638344448004	2.270936780653905E-5	
DF:F9	223	249	1	4.547025998870059	0.05201654388820587	1.1778280854161671E-4	
4E:FF	78	255	1	8.799513819456436	0.10468896492774568	1.611953978403134E-4	
2E:FF	46	255	1	30.5146555840801	0.3630429483627395	0.0010795187978986627	
B4:FF	180	255	1	11.238292757012106	0.13370785052414194	5.789732585817399E-4	
77:F7	119	247	1	6.033239391111465	0.0690661000724539	1.1045246361200784E-4	
7F:B7	127	183	1	5.892041627345627	0.05191975963049376	1.1215061528058218E-4	
FC:F6	252	246	1	7.193678787431652	0.08157250885036099	3.3131468250171663E-4	
FD:BB	253	187	1	8.984915154461152	0.07983592112357658	5.21091191289432E-4	
7F:FA	127	250	1	11.120616363325528	0.1280750792957348	3.973438981333307E-4	
DF:BE	223	190	1	1.7397017095591378	0.0157193398690661	1.7324843035142474E-5	
6D:FE	109	254	1	3.1527560018317464	0.037165133841158646	2.8021913242310613E-5	
6F:ED	111	237	1	3.5840543740020046	0.038701752759091254	3.712387330291916E-5	
EE:FC	238	252	1	2.767224373417546	0.03211150228191004	4.686839660297327E-5	
3F:7F	63	127	1	29.797125148436006	0.34899315531738934	0.0013202774983001471	
FA:F6	250	246	1	5.306692370013479	0.060174343840462906	1.7895320214961346E-4	
E7:FB	231	251	1	5.552413669524401	0.06454990650300987	1.8383664647047795E-4	
EE:F7	238	247	1	8.59953719999738	0.09844741060376769	4.5279741966297246E-4	
EB:FD	235	253	1	6.986908876874034	0.0818263189839797	2.953781887486124E-4	
D5:FE	213	254	1	20.552062341240745	0.24229554256406322	0.0023126929274580725	
FE:FA	254	250	1	4.097333627438205	0.04718816449025676	1.0814799404761409E-4	
9F:FE	159	254	1	6.612919650911171	0.07795542492146446	1.7744900497876167E-4	
CE:DF	206	223	1	5.0345150127743885	0.04736686108356779	1.364032336277147E-4	
FE:EC	254	236	1	1.5092198357821793	0.016137422355739443	1.4697069762099323E-5	
6D:FB	109	251	1	6.61063800040073	0.07685124728827772	1.2324001857920642E-4	
DF:E5	223	229	1	1.898941005836476	0.019415207705562938	2.059224500932086E-5	
BF:D7	191	215	1	1.5311079177031433	0.013839603694597951	1.136876506724505E-5	
6B:F7	107	247	1	7.095946988620195	0.08123166037400138	1.3962492949147153E-4	
FB:3F	251	63	1	1.4104800682670722	0.015266372730494688	1.269579154608418E-5	
E1:FF	225	255	1	2.1179383205445736	0.025197239312511995	2.614439488685187E-5	
37:FD	55	253	1	10.310242309904666	0.12074366703401623	1.391916025215885E-4	
5D:FE	93	254	1	4.7682835027724435	0.05620933718066748	5.4026183750508496E-5	
7D:FA	125	250	1	3.827278960520022	0.04407737322153804	4.64345210883163E-5	
6D:7F	109	127	1	5.289720937128241	0.06195306774730668	7.889453046758774E-5	
EF:76	239	118	1	2.609821598516991	0.028569099952978873	4.1882692582785545E-5	
6F:7E	111	126	1	1.7924156284589199	0.02046447892983015	9.273318442036128E-6	
F7:E7	247	231	1	2.145253744895934	0.022662119888119066	2.89730131814707E-5	
6D:FD	109	253	1	6.001583835116914	0.0702850327161127	1.0155945465339075E-4	
D7:F7	215	247	1	2.9848995480674616	0.034169868575852844	4.917730327666246E-5	
6C:FF	108	255	1	7.323812812613191	0.08713254662073347	1.5010990703751684E-4	
EF:D7	239	215	1	2.884846563162947	0.0260762455811744	5.137208434497192E-5	
3F:7D	63	125	1	4.044458691337912	0.04633780450663351	2.4338057692860878E-5	
F3:EF	243	239	1	3.7713967730019915	0.04142144595312731	8.819757290633611E-5	
E7:FE	231	254	1	2.7834997953439733	0.0328125413434855	4.618453719236532E-5	
F5:FD	245	253	1	3.360914835110767	0.03936010396705766	7.04760458514352E-5	
DF:E9	223	233	1	4.280512320531803	0.045121899609509374	1.0456937368599898E-4	
8F:EF	143	239	1	1.5798014577239488	0.017350739860917376	9.402599687781276E-6	
D7:ED	215	237	1	3.6937995454855144	0.03988721550382392	7.540906375845062E-5	
6E:DF	110	223	1	1.9107479033524155	0.0179767435423537	1.050516423517706E-5	
ED:EE	237	238	1	4.060925907082441	0.04416311076608018	1.0073213563658165E-4	
FF:6C	255	108	1	1.1556535375245167	0.010148393150837032	8.678264606043544E-6	
7E:BE	126	190	1	2.156429764738721	0.019484690673271812	1.491781879342247E-5	
7F:9F	127	159	1	5.905295695349609	0.04345487892585493	1.1298576136711333E-4	
DF:6F	223	111	1	1.5925134983109146	0.014806608061888615	1.4509652552671854E-5	
BF:77	191	119	1	4.278728953900431	0.048150386879062	8.839057007146997E-5	
5E:FD	94	253	1	3.3952743491988318	0.03976198442230286	2.7638638915232968E-5	
BC:FD	188	253	1	10.72726129734796	0.12563208745671256	5.477665111059722E-4	
F7:AF	247	175	1	1.1984862747005935	0.00980646273334865	9.086159356273046E-6	
CF:FB	207	251	1	2.7474304420390467	0.031939828690628294	4.059168558883302E-5	
FD:E5	253	229	1	1.360624253013594	0.01391130504188878	1.1916654524642387E-5	
F8:DF	248	223	1	2.9005448353476493	0.027289324636571268	5.331459287256074E-5	
D9:F7	217	247	1	1.0839111312175576	0.012408027497259336	6.539718699006921E-6	
D1:FF	209	255	1	2.3185087675234914	0.027583441817727594	2.8947051250940858E-5	
6D:DF	109	223	1	2.9005643763209785	0.027289232166579566	2.3832297793175015E-5	
FC:ED	252	237	1	2.7224085579695254	0.02939763645205134	4.7500540770435954E-5	
C6:FF	198	255	1	1.4169504791233436	0.01685746081034846	1.0398042877744959E-5	
5E:EF	94	239	1	2.690909641703512	0.02955390161890893	1.7386123541301066E-5	
6F:F3	111	243	1	1.2989978991341442	0.014525085749547214	4.872840256644127E-6	
B3:FE	179	254	1	2.218382276930057	0.0261506360902454	2.2431349299131285E-5	
E7:7F	231	127	1	1.6902109855275482	0.01979561020843327	1.7031753582153134E-5	
BF:EC	191	236	1	1.4592970617676955	0.01560357839186072	1.029301104764356E-5	
EF:DD	239	221	1	1.81488177063706	0.016905707362014185	2.032040174736063E-5	
7E:AF	126	175	1	1.581378585331841	0.012939398533585755	8.036201971369617E-6	
F7:DE	247	222	1	2.7290587072861467	0.025510160717973917	4.700335095327385E-5	
FF:B6	255	182	1	5.331021297582805	0.0464188016729158	1.847070514386955E-4	
DA:FF	218	255	1	1.375455426606523	0.016363799692595993	1.0561567741978814E-5	
DC:EF	220	239	1	3.4817320010286976	0.0382399000305046	6.837284227171195E-5	
BB:F3	187	243	1	3.396616421177792	0.03798062444011806	5.466351280413675E-5	
BF:F1	191	241	1	2.2153362662274354	0.024363638062407916	2.370661720082439E-5	
DD:D7	221	215	1	2.375991277350666	0.02147658976801108	3.2079824833752104E-5	
FF:3B	255	59	1	2.8103640479487013	0.03055053572421447	5.110752718299692E-5	
B5:7F	181	127	1	4.345210577832842	0.05089124815298609	8.695352114449452E-5	
7B:6F	123	111	1	4.863085274138481	0.045215463839872676	7.419470931320336E-5	
EB:5F	235	95	1	1.0995392086590672	0.009781840415024117	7.356452624343389E-6	
FB:E3	251	227	1	1.1065373868035124	0.01125652557584498	7.82393365123945E-6	
1F:FB	31	251	1	3.3440061539618213	0.038874732832037864	6.692632356253946E-6	
3F:F3	63	243	1	5.515389363732222	0.06167204673281111	4.5286101860343924E-5	
F2:F7	242	247	1	1.2428082161140677	0.014227018508626869	9.536914926450404E-6	
FD:E9	253	233	1	2.0159047204962355	0.021249889181964868	2.6142291587590107E-5	
77:7F	119	127	1	2.466525507696067	0.028887666242557404	1.8450401444055337E-5	
4F:EF	79	239	1	1.7069392336454783	0.01874703232991751	6.134648163610054E-6	
AF:AF	175	175	1	1.0893198849830954	0.008913198850709405	5.357300077497512E-6	
F5:CF	245	207	1	1.0935453260596075	0.009452143293502272	7.507131366673604E-6	
7E:F3	126	243	1	2.4548826293614026	0.027450025921657815	1.924943662432223E-5	
6F:F5	111	245	1	2.4486815415258936	0.027579196156324322	1.7312536942051415E-5	
BF:FA	191	250	1	1.7135716885749712	0.01973450306352242	1.416898174379272E-5	
75:FD	117	253	1	1.3565235665155118	0.015886153509192646	5.502164531795855E-6	
CA:FF	202	255	1	2.9900777528911378	0.03557325504030235	4.708645908488573E-5	
E9:FD	233	253	1	2.3864582079481242	0.027947933121518255	3.422117689175504E-5	
B3:EF	179	239	1	2.7290745983279727	0.02997324138888829	3.40032619064238E-5	
F4:FB	244	251	1	1.1299906849232881	0.013136430987558508	7.94176752438498E-6	
EF:FC	239	252	1	1.6067528651378842	0.018644995119521203	1.5853654207492285E-5	
EE:FD	238	253	1	2.0440779597539414	0.023938256998304	2.5567575991076108E-5	
F6:7F	246	127	1	2.439091848697714	0.028566588322848648	3.7245484056046256E-5	
5F:F3	95	243	1	2.1409057102568383	0.02393913288314395	1.1092291551773663E-5	
FB:AD	251	173	1	2.325063758856705	0.01864551175181155	3.469371855435488E-5	
BF:1F	191	31	1	1.5707043898828847	0.012673810320468838	1.19877840261049E-5	
F2:EF	242	239	1	2.2575258698572798	0.024794290557614816	3.1497538335767504E-5	
EF:EB	239	235	1	2.2864998984999207	0.024523389532915982	3.2162222303564596E-5	
77:FD	119	253	1	2.308575983314831	0.02703565273741767	1.616315536194228E-5	
9C:FF	156	255	1	1.2270201899695004	0.014597824674679216	6.02237565914291E-6	
FD:A7	253	167	1	2.4184324701226205	0.019209475405300394	3.7822052549587353E-5	
EF:CF	239	207	1	2.0178575321271275	0.01744160438149159	2.515382702207792E-5	
7B:EB	123	235	1	1.7982951669650122	0.019287086798438952	1.0116292082725949E-5	
B7:7F	183	127	1	2.786510841448613	0.03263547611576672	3.607377813597384E-5	
BB:B7	187	183	1	1.376880473072231	0.012132706903500835	9.025336562790491E-6	
7A:FF	122	255	1	5.093018138524241	0.06059214987648512	8.041209442053042E-5	
FB:F3	251	243	1	1.0974678451758832	0.012271664307341104	7.680566242969286E-6	
57:DF	87	223	1	1.6244405889947642	0.015283072345353466	5.950406855920338E-6	
6D:BF	109	191	1	1.9939351941731864	0.018227938468474734	1.1268222806811237E-5	
B5:EF	181	239	1	1.6230183857802072	0.017825412627479307	1.2148967086302825E-5	
FB:3E	251	62	1	2.0895724929476254	0.021650245483205863	2.789004087538033E-5	
4B:FF	75	255	1	2.5486558159759114	0.030321293439817803	1.3094994410886084E-5	
CC:FF	204	255	1	2.3926838385451212	0.02846591368815378	3.0419596808409693E-5	
BB:E7	187	231	1	2.138562664966499	0.022591360745146574	2.1696313250451396E-5	
5A:FF	90	255	1	3.7973671624826815	0.045177344201578984	3.332127764642924E-5	
FF:57	255	87	1	1.5422937739736635	0.012851814615033146	1.547055065653737E-5	
CE:FE	206	254	1	1.044105731315659	0.012308025699316454	5.8385044110767955E-6	
FD:EA	253	234	1	1.2580737892105358	0.013357722937425386	1.017994490933106E-5	
CB:FE	203	254	1	1.8447959492827073	0.021746734508252367	1.7995520691761073E-5	
77:FE	119	254	1	1.758750468595361	0.020732325965904935	9.379457876408268E-6	
5E:7F	94	127	1	2.1976936223688623	0.025739081100376152	1.1579684673648283E-5	
DF:FC	223	252	1	1.3270910392572894	0.015399722970345024	1.002932188000955E-5	
FC:FC	252	252	1	2.414138551830287	0.028014172375637747	3.729142864522346E-5	
FD:F4	253	244	1	1.7544585943816493	0.01957377381674591	1.9776515688100256E-5	
3F:FA	63	250	1	1.5783661574125698	0.018177289099262802	3.706231422360837E-6	
73:EF	115	239	1	1.391118650964898	0.01527843463810385	5.70466486097124E-6	
8F:DF	143	223	1	1.0734419088378737	0.01009916700725856	4.354882489568281E-6	
F9:F6	249	246	1	2.8093888429239136	0.03185608623080968	4.998362949800679E-5	
D7:FF	215	255	1	1.4437563872540047	0.017176381386321056	1.149459212712491E-5	
DF:7B	223	123	1	1.2527733619433654	0.014379924026307106	8.939758178887896E-6	
3B:FB	59	251	1	1.7528565241504583	0.020377312787156824	4.291390444627601E-6	
DE:FA	222	250	1	1.8783977521457067	0.021632788874131788	2.0025352246212344E-5	
7F:BB	127	187	1	2.212985977708328	0.01966260477592886	1.5818085551798464E-5	
DE:BF	222	191	1	1.8440230618240958	0.016857569852127312	1.9391715096710387E-5	
F4:7F	244	127	1	1.0003459554039353	0.011715923434482418	6.222887803647539E-6	
AF:7F	175	127	1	2.0489064550003917	0.02399660035224802	1.881904679477768E-5	
5B:EF	91	239	1	1.323664963953973	0.014537586899314312	4.091072237027692E-6	
E8:FF	232	255	1	2.1331476767013524	0.025378196687165233	2.723909914955513E-5	
5F:ED	95	237	1	2.1031905888092086	0.02271079816663904	1.0713204967744199E-5	
FA:5F	250	95	1	2.1382575840424054	0.019022731945017204	2.9196837834432427E-5	
FE:D7	254	215	1	1.2519432538635205	0.011316256695530741	1.0147058944484305E-5	
79:F7	121	247	1	1.6039357725686052	0.018360967911478697	7.925794596373862E-6	
FF:73	255	115	1	2.223842410047944	0.024540470962643106	3.199042449756025E-5	
F9:ED	249	237	1	1.8348627575932777	0.019813453673206735	2.1344227527256734E-5	
ED:DF	237	223	1	1.288437433546534	0.012121936425472917	1.0169892280189971E-5	
B7:BD	183	189	1	2.1388325704516666	0.019081807024938672	2.1372739942005347E-5	
BF:D5	191	213	1	1.7587040784163745	0.01573658397680377	1.500263902970571E-5	
E6:F7	230	247	1	2.2192201930039372	0.02540461180314218	2.9271794906371085E-5	
73:FE	115	254	1	2.228473891101408	0.02626950459624947	1.4615461983083551E-5	
5B:FE	91	254	1	2.0091382543238185	0.02368390682839265	9.410130462805608E-6	
FE:DB	254	219	1	1.5052542842904872	0.01380619327147055	1.4664779913693376E-5	
BD:F9	189	249	1	2.095819541929357	0.023975135683953323	2.100590497749894E-5	
5F:DF	95	223	1	1.6610123600260986	0.01562715289332613	6.700736271929833E-6	
7D:E7	125	231	1	2.0939074301489833	0.022119554484274315	1.3925391636738723E-5	
FC:EB	252	235	1	2.0792383149481073	0.022300431202982522	2.771159754839576E-5	
F3:FB	243	251	1	2.070320582138803	0.02406814567205395	2.6543431893218376E-5	
FD:AE	253	174	1	2.040829782987467	0.016498369111531196	2.6925608786838568E-5	
3B:FD	59	253	1	2.071088680158915	0.024254347904054598	5.990013231494546E-6	
7C:F7	124	247	1	1.9848831798455187	0.022721872388226587	1.2408560464557645E-5	
2F:FD	47	253	1	2.0710923500699363	0.024254380004296642	5.0578128353155945E-6	
BF:7D	191	125	1	2.051626455015158	0.023505799377591972	2.0313532638577975E-5	
ED:FC	237	252	1	1.878067820058536	0.02179340798900963	2.1512594904985408E-5	
57:FB	87	251	1	2.0524182594533547	0.023859830093772547	9.456518695406553E-6	
FF:B3	255	179	1	2.0224402769819125	0.01740900367618605	2.658793364776867E-5	
57:EF	87	239	1	2.016066569825344	0.02214214762674677	9.136341508194178E-6	
DD:EB	221	235	1	2.015529261132063	0.021617091996641184	2.3006192433478287E-5	

