BMLVN	8	x2
metabolism	0.9970000
mutations	0.0010000
catastrofic	0.0010000
minWeight	0.1
start biomas	2.0	_
env.size	25000.0
feedSourceH	FF
C7
B5
23
11
feed port max	50000.0
timeQuant	0.01

key	suscepBits	activeBits	maxsize	popBiomas	currincome	currloss
FF:00	255	0	1	7596.748394996271	220.74217224121094	186.6430329987157	
C7:00	199	0	1	10323.55423007962	311.4012451171875	247.1120071882458	
B5:00	181	0	1	9578.320049016418	317.2940979003906	221.90752577827394	
23:00	35	0	1	13064.378125085987	7.557720184326172	205.22556688312355	
11:00	17	0	1	14346.838867000119	40.32698440551758	190.83349935163835	
67:FF	103	255	1	553.0342242623652	2.0969250576157594	0.44957975184938026	
6F:F7	111	247	1	544.0107766123149	2.088050546822134	0.45985939562933514	
17:FF	23	255	1	597.0286435341312	2.2646927028344876	0.4269837048768566	
4F:FF	79	255	1	1002.6563170695155	3.7987646748974613	0.8212294115232113	
0F:FF	15	255	1	1046.8233971352902	3.9705132657178672	0.6497629820121976	
2F:F7	47	247	1	606.0990051068584	2.327001285972136	0.5121092813447826	
07:FF	7	255	1	1342.080184169816	5.091384395679345	1.0941749519493837	
0D:FF	13	255	1	2008.5985257538514	7.619965081352159	1.6488039747599021	
17:FD	23	253	1	601.4049593908525	2.2439150731001307	0.43332485479036253	
1D:FF	29	255	1	488.94279951359476	1.854333050660719	0.31032733938479057	
0E:FF	14	255	1	1620.3753474136254	6.146839696364458	1.2418039324703913	
0F:FE	15	254	1	1268.7402237667607	4.75981247975377	0.9547814054542951	
0F:F7	15	247	1	1455.9110011975672	5.590912963378144	1.257325565956921	
13:FF	19	255	1	777.9157277769499	2.9511476532685066	0.6359540920056677	
0F:EF	15	239	1	1239.469231766992	4.6233685504712465	0.9112417779073081	
3F:1F	63	31	1	248.99116059672858	0.9575393588734241	0.13415977842447532	
17:F7	23	247	1	707.0894463842861	2.7152833072348397	0.5990232239130554	
0F:FB	15	251	1	987.8255357453363	3.6662563544961495	0.5786408063310722	
2F:3F	47	63	1	603.5594956436505	2.3502609858891517	0.5056027266810491	
0F:FD	15	253	1	1263.0307826491644	4.712656079432677	0.9462397434906478	
07:FD	7	253	1	1249.6867049154707	4.662912658101971	0.9487189693796672	
07:FE	7	254	1	1249.5001486074063	4.687661566083118	0.9483968359629372	
03:FF	3	255	1	1372.546034665138	5.206234033947753	0.9265971190942911	
1F:3F	31	63	1	728.2104013331872	2.836319850605381	0.7501651111467543	
7E:3F	126	63	1	460.0562309456646	1.7929127737518564	0.440197010357725	
76:3F	118	63	1	507.3186780034194	1.9771752702524836	0.5010782688387881	
6F:3F	111	63	1	651.8388221636949	2.5401328406506964	0.6603980811603761	
05:FF	5	255	1	2925.089830739836	11.096991267865414	2.4430099958372	
47:FF	71	255	1	1020.805779981144	3.8678464105262953	0.8286590668916625	
06:FF	6	255	1	1896.9880414495788	7.196253275578534	1.4782867649405451	
07:F7	7	247	1	1408.563036608057	5.40904700674423	1.2052499622056831	
1F:1F	31	31	1	685.0106440696942	2.6306565807406774	0.6613336851590821	
7C:3F	124	63	1	497.9992340975823	1.9407815059888747	0.5003308338932964	
0D:FE	13	254	1	1905.0051162702669	7.147012259211571	1.4831146356948235	
0F:3F	15	63	1	1736.1428287453432	6.749412862652569	1.7683643430424243	
6F:1F	111	31	1	615.8240702981052	2.369551212551451	0.5906828871111908	
0C:FF	12	255	1	2438.751340450056	9.25189762420346	2.021384932481172	
07:FB	7	251	1	1203.8292626269895	4.468589336662615	0.8803545662126789	
0F:1F	15	31	1	1647.1519804730297	6.303368610875113	1.5750599088795063	
1E:1F	30	31	1	709.9517661457388	2.726200019983907	0.6779252940872863	
3C:3F	60	63	1	478.13703795300523	1.8624900007951162	0.4553721795064429	
01:FF	1	255	1	3691.5979081301734	14.004571246929553	2.9926565248760864	
0B:FF	11	255	1	1797.5776570291303	6.819245216075558	1.4290677475780806	
3E:3B	62	59	1	157.69789317581441	0.6109414674451864	0.05202304880705069	
03:F7	3	247	1	1699.3213176683487	6.5254651273022715	1.4206501417570594	
03:FE	3	254	1	1372.212102538657	5.147600355110085	0.926223550488165	
4F:3F	79	63	1	1256.133057875093	4.897773394428799	1.297047187314944	
2F:1F	47	31	1	682.2885872494799	2.6244882824773326	0.6488855634417586	
03:EF	3	239	1	1478.6395963514349	5.515460082870587	1.075627741622916	
02:FF	2	255	1	2823.0599131505655	10.709626187205432	2.2806726767594347	
43:FF	67	255	1	1065.6120457479524	4.037501928094966	0.8712926357389197	
03:FD	3	253	1	1534.8810252446322	5.727025442230288	1.159070427526312	
1F:17	31	23	1	401.105786587811	1.4465828794932436	0.2276713250495953	
03:BF	3	191	1	877.7738190792693	3.040240306071734	0.37903322618564006	
45:FF	69	255	1	1043.4062024936304	3.9534255281470028	0.8522773938717328	
05:F7	5	247	1	2982.98665782503	11.454972578730782	2.5405250655820595	
3F:07	63	7	1	398.25999103363125	1.6087264083200592	0.3435198270584436	
0E:1F	14	31	1	2058.3956309389378	7.857309961428283	1.9414847703543046	
05:FE	5	254	1	2768.0823427247533	10.385143459063562	2.187773507179833	
0B:3F	11	63	1	2329.998629513419	9.049500492708631	2.3662542803395543	
16:1F	22	31	1	856.4114065136323	3.2880556690778735	0.7916919402361238	
1D:1F	29	31	1	753.0978568724244	2.8914105139971658	0.7307528201517087	
4F:1F	79	31	1	1173.763651306328	4.516401492731933	1.1324825371889007	
07:3F	7	63	1	1690.9189525067704	6.584409468641179	1.7286746065501593	
23:FF	35	255	1	695.324113813396	2.6370561255898552	0.5600942778798133	
2D:3F	45	63	1	790.1032317500112	3.0749596876321483	0.7887003580386287	
0E:3F	14	63	1	2189.982589850134	8.501603913803834	2.2316970725263006	
03:FB	3	251	1	1467.1934493180727	5.44614040205985	1.0590658778136748	
02:EF	2	239	1	2537.8407053572196	9.466364991734535	1.8430442270246197	
03:3F	3	63	1	1097.0568064422098	4.275419742984854	0.5916801434184419	
07:1F	7	31	1	1600.4426246652974	6.143404516480642	1.5415054684178224	
01:FE	1	254	1	3504.3779463051583	13.14726551216918	2.6968122389721882	
09:FF	9	255	1	2885.899061456908	10.948178851306485	2.3749928397783644	
3E:03	62	3	1	527.361720545013	2.157866647196095	0.5830781496835845	
02:FD	2	253	1	2493.968674020827	9.305236866422232	1.7798246975586927	
01:EF	1	239	1	3323.83240992268	12.398227084147752	2.4260030594426443	
2F:03	47	3	1	761.7357979413524	3.116748974098815	0.8095617096208723	
BF:03	191	3	1	354.9898884070386	1.4523101202068667	0.3328974855610131	
87:3F	135	63	1	646.2403454056903	2.519736193548073	0.6642471039544432	
01:F7	1	247	1	2780.1773644739387	10.673596380199298	1.696521676199418	
3B:03	59	3	1	537.6351928172983	2.199865443478228	0.5850254531625405	
27:3F	39	63	1	813.4585773681455	3.166381174022765	0.8264285684605314	
01:FB	1	251	1	3353.2417583480315	12.447227086735351	2.469245112899819	
07:3E	7	62	1	1195.498028090542	4.35190789874257	0.8683274858555553	
02:FE	2	254	1	2688.7665486247797	10.08736057020214	2.0688644062116666	
0B:F7	11	247	1	1934.6389881618347	7.4292401027288815	1.6553491575707642	
11:FF	17	255	1	817.4597019214891	3.1009176944331442	0.6030971467140637	
41:FF	65	255	1	1064.694333989886	4.034128948507076	0.8558086994642101	
05:FC	5	252	1	2525.562495967914	9.320046762363507	1.8211839633805595	
01:BF	1	191	1	2273.916642998476	7.876423624412376	1.1355159989026593	
0A:3F	10	63	1	3015.022480515385	11.686186491703339	3.039616629541404	
1E:3F	30	63	1	757.0650686950452	2.9485384944662276	0.773901863399042	
47:3F	71	63	1	934.4243561641538	3.642366820243506	0.6980777876733523	
02:3F	2	63	1	3564.235719557116	13.897097554737078	3.636205785599937	
03:1F	3	31	1	1936.042206697042	7.449402658777353	1.8444224756708043	
37:3F	55	63	1	469.1778187540451	1.8277575859119184	0.4404803616388545	
06:1F	6	31	1	2373.2697508445567	9.090536855755891	2.2730319263105496	
83:3F	131	63	1	658.5632560464513	2.5677857796573598	0.6773505678916484	
2B:03	43	3	1	890.3543354693742	3.6431568091273334	0.982335970336667	
01:F6	1	246	1	3677.3021002513674	13.964907523525463	2.969480883459906	
06:3F	6	63	1	2535.12689147593	9.88477337345264	2.640980217539028	
01:E7	1	231	1	3524.6879684955106	13.354966259712407	2.727982681324675	
02:1F	2	31	1	3371.6252413787597	12.973324441283001	3.2537998000663904	
42:3F	66	63	1	1322.8770463269816	5.157928388927238	1.3438985355026285	
2B:01	43	1	1	478.1708661969983	1.7531520825294238	0.28328677773403854	
02:3D	2	61	1	2651.2595423322355	9.651844865279067	2.011952431202658	
09:F7	9	247	1	3037.3744791600443	11.663995631640756	2.630836479850181	
06:17	6	23	1	1805.2807253087476	6.490720198182042	1.3146363153472262	
43:3F	67	63	1	1335.7699238365678	5.208277096766592	1.3773595129458056	
12:3F	18	63	1	1079.4309766133651	4.203010567820557	1.100095962594081	
5F:03	95	3	1	822.1618060336029	3.3641534147127232	0.9137673749788517	
06:37	6	55	1	2146.5312615068474	8.0299817344827	1.8760838207867345	
02:17	2	23	1	2533.4610554618926	9.14315061224193	1.8371295061680573	
01:F3	1	243	1	3503.875297765367	13.185293402247675	2.695976551417127	
02:07	2	7	1	3665.893835619724	14.586521836607055	3.620496020991001	
02:37	2	55	1	3062.609145316162	11.481526255669493	2.6847536540908234	
03:17	3	23	1	1410.1711015755734	5.083233586212951	0.9726376350360273	
01:FA	1	250	1	3134.620242123509	11.504081352776046	2.157739953998184	
03:37	3	55	1	1591.848255738597	5.967182152093774	1.246731759026862	
03:07	3	7	1	2111.066787619606	8.464989957813273	2.12799750508647	
01:F2	1	242	1	3334.1255393413385	12.404266262317845	2.441110347267186	
0A:37	10	55	1	2568.8778071872557	9.630578426562396	2.2571461624706597	
0E:37	14	55	1	1871.081652684398	7.01462586366703	1.656338669703685	
02:03	2	3	1	3877.8190846379034	15.245331312835338	3.6812423556731515	
03:03	3	3	1	2259.001390451235	9.059007036204225	2.326208007989514	
82:03	130	3	1	719.8700021126292	2.9456200766938627	0.8070017554338992	
0B:37	11	55	1	1984.9225471324517	7.441358736487887	1.7429123467750969	
0B:1F	11	31	1	2206.629992454663	8.429728314363853	2.0929786492309956	
02:13	2	19	1	2345.613483662221	8.250249708581316	1.5531405257201512	
03:13	3	19	1	1375.1718368129377	4.843107067570925	0.9240718083370556	
05:F3	5	243	1	2747.12115340678	10.337735693580184	2.1546904069011914	
22:03	34	3	1	971.25064997061	3.9741633799286555	1.0702601351470566	
0D:F7	13	247	1	2035.3940753268337	7.815965554117174	1.692968812915088	
01:FC	1	252	1	3245.715915287174	11.977518987646357	2.313416640755977	
05:FB	5	251	1	2587.851204455599	9.606122754478156	1.9121094893082768	
03:F6	3	246	1	1000.4653717728395	3.798168653487045	0.49212930607486244	
06:07	6	7	1	2563.8468589228128	10.127916776974162	2.4693149917993473	
06:03	6	3	1	2722.1990355036473	11.06714408993314	2.972688411151874	
05:F6	5	246	1	2894.0535691119244	10.990651833846844	2.3913812604670084	
23:01	35	1	1	497.16988562046146	1.822780780119322	0.2866679264391072	
03:FC	3	252	1	1399.072518103938	5.16280837046957	0.9629826490687482	
03:E7	3	231	1	1578.6214374767794	5.981378191994087	1.2259842090028978	
26:03	38	3	1	908.0064409602189	3.7154062882801253	1.0068413272965648	
0A:1F	10	31	1	2851.9478538113076	10.854052349793086	2.6622073288512946	
03:F3	3	243	1	1571.4677646907353	5.913549505552368	1.214952557886871	
06:13	6	19	1	1587.154544765784	5.597121196358941	1.0351170185946468	
01:FD	1	253	1	3411.4252611048646	12.728805659081573	2.5556453151956493	
05:FA	5	250	1	2461.9451516890817	9.035489655754699	1.7305976768657658	
05:F2	5	242	1	2611.566690684759	9.716192011195673	1.9473093297394901	
03:F2	3	242	1	1475.470023102251	5.489298055691255	1.071038811401613	
09:FE	9	254	1	2495.4130570775205	9.361422035109536	1.775516817434521	
09:F6	9	246	1	2840.2288756963057	10.786067404244848	2.3003396390106547	
0D:F6	13	246	1	2011.6955859701038	7.639718238917021	1.6538834915163745	
1A:3F	26	63	1	857.3529655790448	3.3386949141388813	0.8716338456582453	
11:FE	17	254	1	853.0494733632818	3.2003605512973605	0.6568515296346245	
09:FD	9	253	1	2689.8324247882515	10.036557396284019	2.0632702272053307	
01:F5	1	245	1	3578.789882789787	13.522835551787354	2.8124966723314406	
42:37	66	55	1	1158.6011323580105	4.343578635950398	1.030899182890561	
0D:FD	13	253	1	1721.9230369216516	6.424596280313413	1.2116097956828693	
09:F5	9	245	1	2798.7151761083874	10.575369494563349	2.233617903296205	
02:33	2	51	1	3121.2655256528783	11.765222408439993	2.788557137749635	
05:FD	5	253	1	2703.8194788774113	10.08879695719154	2.087380141346195	
06:33	6	51	1	2226.8158886376355	8.393886792149258	2.0376845539552093	
83:37	131	55	1	563.7902735608997	2.1136219584719567	0.49642712013254675	
0A:17	10	23	1	2147.7528209545962	7.751219431921639	1.577748699613332	
02:3B	2	59	1	3506.853536163424	13.596393603909561	3.5201054982334554	
0E:17	14	23	1	1552.2313085024275	5.5952937793982285	1.133208012071387	
03:33	3	51	1	1802.691753194921	6.7949796692008455	1.5991338813275175	
02:1B	2	27	1	2620.9385490911272	9.483023069534879	1.9662500246268406	
05:F5	5	245	1	2192.1015933832846	8.281765309374835	1.3715127134737275	
0B:17	11	23	1	1319.0314344625833	4.759654390937096	0.7694222301598055	
01:F4	1	244	1	3379.7705624050072	12.625162833885271	2.5083811338633364	
07:F6	7	246	1	1349.5833993222575	5.125235367896548	1.1064448935050195	
06:3B	6	59	1	2469.5732780688677	9.574867836036091	2.506139675236414	
02:1D	2	29	1	2324.3494959906243	8.287173900884529	1.5463222978713984	
05:F4	5	244	1	2602.4455816229947	9.72146665089885	1.933662371965925	
0A:3B	10	59	1	2783.8528741044943	10.734176103076653	2.591918460764526	
0A:33	10	51	1	2652.088493743736	9.996854533063997	2.405779128399707	
06:01	6	1	1	1725.0960098508322	6.325576010645099	1.2226575799959236	
07:3B	7	59	1	1657.3792059201621	6.425832429952135	1.6690435693033987	
45:F7	69	247	1	1073.4631930903975	4.116652197957613	0.9017226808910354	
03:3B	3	59	1	1327.9670374435573	5.146851643563115	0.8672029755865607	
0B:07	11	7	1	2381.2255861872154	9.595935110410943	2.4825215642406873	
01:E3	1	227	1	3183.273157636729	11.818037355129109	2.2250990414528906	
0A:07	10	7	1	3071.4596380855187	12.409998202418938	3.2259552570844794	
03:FA	3	250	1	1197.1137637175152	4.392981517713462	0.7049207570247311	
07:33	7	51	1	1492.5341756586902	5.625997611671987	1.3535646726449666	
0A:13	10	19	1	1966.0068776710973	6.933289008734105	1.3220774692257058	
0A:1B	10	27	1	2215.70963648758	7.95240436168102	1.6147287636261605	
0A:03	10	3	1	3272.503021920832	13.315883200088384	3.5874422019888903	
0D:F5	13	245	1	1971.9746058174019	7.451462978703107	1.589225055584683	
01:EB	1	235	1	2986.3132985331235	10.912871848093136	1.9583274553186736	
0E:3B	14	59	1	2147.0118248744443	8.305082338185805	2.161714789965339	
0E:33	14	51	1	1926.4684840878765	7.261713964431029	1.7558704196874735	
23:03	35	3	1	956.3583983311197	3.913256289390266	1.0609722006228237	
09:FC	9	252	1	2524.545743157587	9.31628368857546	1.8174682230395842	
06:1B	6	27	1	1824.5100045599972	6.601399391536296	1.3678819473983785	
02:01	2	1	1	2465.1289317406086	9.03909669627693	1.7390948872403424	
81:FD	129	253	1	470.6826433881184	1.7553380702269894	0.34220668794062475	
0B:33	11	51	1	8.300794881872472	0.03126108376722021	3.0426583706371432E-5	
81:F3	129	243	1	6.7187195766991	0.02526382463757739	6.97939744816208E-5	
22:FD	34	253	1	2.318075832172432	0.008642836916205075	6.0875258383709315E-6	
0A:0B	10	11	1	5.523455004752855	0.020105347277514746	1.0416585013760818E-5	
07:F3	7	243	1	3.8688352659429337	0.014547534077971413	9.078477776990248E-6	
01:ED	1	237	1	3.726917510512132	0.01365352364434288	3.04605038755474E-6	
23:13	35	19	1	1.2738434536162961	0.004489313084124635	1.880292232525426E-6	
07:BB	7	187	1	1.5396910175421876	0.0052152484463769515	1.4389398254553948E-6	
07:1B	7	27	1	3.9792628894320736	0.0143869565863884	9.606908457181977E-6	
03:2F	3	47	1	4.034561840550988	0.015329178090002263	7.995385849513673E-6	
01:B3	1	179	1	1.0278016019376481	0.0035637376069508654	2.317533691953046E-7	
07:FC	7	252	1	3.215715721092165	0.01185840686205594	6.272931821748023E-6	
4A:17	74	23	1	2.894789521613254	0.010439645508516457	6.6023584357062355E-6	
2A:03	42	3	1	4.752501110698601	0.01942505186304054	2.671697848688227E-5	
02:BF	2	191	1	6.033880254856782	0.02088987265627393	1.0408875297007191E-5	
21:F6	33	246	1	2.4251954201634405	0.009202527946707019	6.495170346746132E-6	
12:1F	18	31	1	3.027236504994458	0.011637023391950593	8.680516204818387E-6	
40:FF	64	255	1	1.4746800031318055	0.005589884412723116	1.6400722725079944E-6	
1E:3B	30	59	1	1.0607021772740266	0.004108334260384345	1.5226077652936212E-6	
45:B7	69	183	1	1.928891088930781	0.006823246133329728	2.926165715024409E-6	
1B:1F	27	31	1	1.094320350544995	0.004206679143182835	1.4937567729565726E-6	
0F:ED	15	237	1	1.7718987426918162	0.006491334169095988	1.8597730328387718E-6	
0F:1E	15	30	1	1.680394310786159	0.00590704741989603	1.6731109721046256E-6	
01:7E	1	126	1	3.0989653470503744	0.007499417153507724	2.1113050288679704E-6	
06:9F	6	159	1	1.0360935053280818	0.0031873113361190475	4.409342991081574E-7	
0F:7D	15	125	1	1.416068030274969	0.0033949136588943495	1.1908304088099148E-6	
09:F4	9	244	1	1.2775222253694565	0.004768668735770785	4.6470265733395177E-7	
49:F5	73	245	1	1.0492996998493065	0.003961788819746057	8.578590616369328E-7	
0D:1F	13	31	1	2.0585529398130866	0.007913283484060701	1.728764300716528E-6	
07:F5	7	245	1	1.9864711145282956	0.007500223340033391	2.3933302501051742E-6	
87:F6	135	246	1	1.2995227366960052	0.004931102401077617	2.681055217373001E-6	
09:7F	9	127	1	3.842406558416832	0.009862589063437118	4.213649311375246E-6	
04:17	4	23	1	1.2102088634135717	0.004364436848951217	3.147589837222186E-7	
82:13	130	19	1	1.0877395651305544	0.0038334416206670012	1.8405044312619956E-6	
4A:1B	74	27	1	1.6040947547745628	0.005799570364892397	2.02729215784789E-6	
1F:F7	31	247	1	1.0679232810033283	0.0040974611330084326	1.616728943181113E-6	
16:3F	22	63	1	1.1721184435097283	0.004565498750924634	1.4934037126410374E-6	
0B:15	11	21	1	1.2262020086899177	0.0043199535568386235	6.642726315683202E-7	
0D:76	13	118	1	1.2881098174988992	0.0031180999239871017	6.788415260755685E-7	
03:EB	3	235	1	1.4228720041811653	0.005196201393954201	9.947306144803484E-7	
5F:1F	95	31	1	2.036637532859648	0.007829053378401	5.5975376224385594E-6	
83:33	131	51	1	1.597564164901918	0.006016475457122026	3.97886535571508E-6	
0F:33	15	51	1	1.5878613888127382	0.005979925263662357	1.493200425129957E-6	
06:F7	6	247	1	1.2840363187613608	0.004926649530243419	6.761915928774591E-7	
22:FF	34	255	1	1.253245431654773	0.0047505216359515325	1.779112527864214E-6	
4E:3F	78	63	1	1.408247655307267	0.00548524098260723	1.6182662123073602E-6	
07:23	7	35	1	1.0750611779381114	0.0035801386374040645	7.016025338651318E-7	
41:F6	65	246	1	1.2115463605329013	0.004597266515002854	1.1127369535766105E-6	
11:FA	17	250	1	1.294975088692556	0.00474931504130222	1.5116342674929301E-6	
2F:0B	47	11	1	1.213174073240135	0.004415946939096336	2.050956845433755E-6	
1E:33	30	51	1	1.792905173232314	0.0067521352148743755	4.351208884020949E-6	
09:3F	9	63	1	1.0396467953328778	0.004049506727807431	3.0765577943598065E-7	
06:57	6	87	1	1.9390935912317913	0.0033293915256701026	1.5486518323697662E-6	
01:D7	1	215	1	1.0528890085159466	0.0034535958878426595	2.4329621167243816E-7	
09:FA	9	250	1	1.088944545845498	0.0039936955822023265	3.37680846890106E-7	
06:2B	6	43	1	1.1119296335455309	0.00392279828561225	5.073856846662116E-7	
42:1D	66	29	1	1.7763956320562835	0.006329324280343963	2.4200115077071624E-6	
0E:07	14	7	1	2.0480352067407	0.008266281804713796	1.9797459249200523E-6	
0A:77	10	119	1	2.8819247686877087	0.0072998518607632085	2.8427051934008406E-6	
3D:3F	61	63	1	1.9929929935659705	0.007762894840419979	8.10186958843776E-6	
02:15	2	21	1	3.9911412945486417	0.014060942005414497	4.55356112297288E-6	
19:FF	25	255	1	2.013846910244633	0.007633644102581522	4.182994394980328E-6	
27:FB	39	251	1	1.1098527785035224	0.004116754756883298	1.5457383316648028E-6	
42:03	66	3	1	2.0371008044881846	0.008326274447826628	3.1791240726990104E-6	
07:EF	7	239	1	1.969614267657943	0.007341524453490879	2.353111058638645E-6	
74:3F	116	63	1	1.1047972313505083	0.004303280470399408	2.2922504778000424E-6	
25:FE	37	254	1	1.3482150897646745	0.005054186607459874	2.1095289308791457E-6	
83:07	131	7	1	2.0268829552994965	0.008180924990194577	6.401262844451227E-6	
0B:FA	11	250	1	1.3902196444567902	0.00509862118862026	8.53618208210104E-7	
2F:D7	47	215	1	1.3724839797948194	0.004501911353753821	2.6268736283963227E-6	
05:EF	5	239	1	1.0348460779471076	0.003857273526547582	3.0530264002146954E-7	
2E:1F	46	31	1	1.8783035790742855	0.0072203991794899626	4.769947605425469E-6	
0F:F5	15	245	1	1.9780589854645438	0.007468461820932354	2.3171984907088516E-6	
27:1F	39	31	1	1.579271289299322	0.006070883815129408	3.1289800346283636E-6	
0A:7F	10	127	1	1.694480179266695	0.004349345344168732	9.826748407226967E-7	
91:FE	145	254	1	2.013348103896976	0.007547650275192527	6.9323623738882425E-6	
06:FD	6	253	1	1.6249675303850915	0.006058603331703038	1.0831756183871937E-6	
01:B6	1	182	1	1.7448056089633406	0.006086217775520664	6.678571647361861E-7	
04:F6	4	246	1	1.8282826151398845	0.00693749602042042	7.181042027308041E-7	
82:FD	130	253	1	1.7580311957246118	0.006554737458183331	4.805733381555592E-6	
A6:03	166	3	1	1.9928384398952497	0.008145382167972065	8.505177050908132E-6	
2B:0B	43	11	1	1.9783352722566723	0.007201134905209032	4.843589314464261E-6	
08:17	8	23	1	2.007619395515047	0.007240180085627444	9.896042849455027E-7	
02:9B	2	155	1	1.9999724903352347	0.006004245546661173	1.1446087304905802E-6	
23:FA	35	250	1	2.007954096570652	0.007364170686778389	4.670629585522566E-6	
12:3D	18	61	1	1.9029627850159878	0.0069224639692411	3.4316383891059796E-6	
82:43	130	67	1	1.9805828153755598	0.002119871826558594	6.132028409636773E-6	
02:31	2	49	1	2.006915487755072	0.007355169560469078	1.1510424427822687E-6	
22:07	34	7	1	2.006165161512889	0.008097296467133098	4.556724211914156E-6	
0E:13	14	19	1	2.003141179341104	0.007059519858441217	1.895892914155488E-6	
03:36	3	54	1	2.002119636619528	0.0070376833863026195	1.9700307248010647E-6	
01:F0	1	240	1	2.0025856138019154	0.007314742133824736	8.794857350738156E-7	
01:E9	1	233	1	1.9675453680649937	0.0070582383784768155	8.490883611650596E-7	
02:11	2	17	1	2.002036712092918	0.006991529540497575	1.1458488573648594E-6	

