BMLVN	12	x2
metabolism	0.9970000
mutations	0.0000100
catastrofic	0.0010000
minWeight	0.1
start biomas	2.0	_
env.size	25000.0
feedSourceH	0FF
feed port max	350000.0
timeQuant	0.01

key	suscepBits	activeBits	maxsize	popBiomas	currincome	currloss
00B:FF5	11	4085	1	3421.4733593313504	46.00003158610923	37.84571202122558	
067:0FF	103	255	1	2195.2810021337855	32.6687054773756	29.657369068993695	
00A:FFD	10	4093	1	4436.773850059696	59.735712074715586	49.100747394848284	
FFF:000	4095	0	1	11521.96005735268	1398.505126953125	1955.8144884258388	
187:00F	391	15	1	2504.3413697733226	47.08060875868464	42.941223628799904	
555:000	1365	0	1	13528.980696090188	1807.075927734375	1325.1570377797625	
00A:FFF	10	4095	1	3979.5955897691756	53.6112954070895	39.4106868668477	
067:0FA	103	250	1	1992.2890366061881	28.08859896129468	24.412358807929202	
00B:FFF	11	4095	1	3475.699340139913	46.884809363523566	39.06525217100553	
777:000	1911	0	1	14491.675504289162	3213.426025390625	1816.1139279642618	
BFF:FDF	3071	4063	1	1086.5646414075686	14.336231301992989	11.396856440833472	
014:FFE	20	4094	1	2886.760111610552	38.87950798385127	30.67603328084414	
0FF:000	255	0	1	8113.511903042855	267.734130859375	840.1606199606633	
0AF:7BE	175	1982	1	1819.271096770733	27.859816472770056	22.963057899535045	
00F:000	15	0	1	16419.475261305	1732.1663818359375	1341.8698271517067	
0FF:7FF	255	2047	1	1247.5512945810442	20.44906496665023	17.24621225505064	
002:FF5	2	4085	1	5382.461123904009	72.39831197647204	62.08315803289123	
01F:03F	31	63	1	2039.8064673254864	31.210275702180603	26.745644737421564	
0F7:FEF	247	4079	1	978.8913629148055	13.080256318009209	9.839190835909815	
075:FFF	117	4095	1	1376.0127973510232	18.547471703153846	14.413041555489512	
035:FFF	53	4095	1	1633.6065443325103	22.021163789292984	17.22770633274473	
2F7:1FF	759	511	1	2025.685330216966	35.452717727983284	31.313881523278702	
013:01F	19	31	1	4606.151520136882	81.04810041790938	71.12022443145776	
015:01F	21	31	1	4026.671781947326	71.0134587348419	64.1414834880006	
8E7:0FC	2279	252	1	2233.154475563791	31.98706715972018	28.491442300355995	
0F7:0FE	247	254	1	1248.3843693322744	18.29056368730271	16.020146797553743	
0E7:0FE	231	254	1	1383.4661834876117	20.265362433158305	17.790600489221337	
042:FFF	66	4095	1	2942.766021225633	39.655383055034704	30.028672164507654	
04A:FDF	74	4063	1	2620.7921995074294	34.600122281689245	26.33480657320353	
1FF:7FE	511	2046	1	1162.3502492114592	19.01736100503444	16.167197439785443	
107:007	263	7	1	3754.729648809458	67.1952743639557	60.34673319903404	
0AF:0FE	175	254	1	1856.1491956584368	27.17121559584822	23.877349085590474	
067:0FE	103	254	1	1920.489152352403	28.110081893620094	22.637818208038166	
8EE:7FE	2286	2046	1	2476.397072521187	40.55105409331709	35.766559364267614	
067:0FB	103	251	1	2013.0329113012974	28.636560513920553	24.922066071362767	
FFF:FEF	4095	4079	1	799.9760371942017	10.687877438824026	8.526320696913503	
00B:FFD	11	4093	1	3330.1460874359177	44.82272729923271	35.829561307365424	
02A:FFD	42	4093	1	2188.612356689399	29.453185911538558	23.182058653845676	
0ED:7FE	237	2046	1	1414.4996021113413	23.14247468847877	19.506160670909996	
00A:FD5	10	4053	1	4193.55764995391	55.178016306584425	43.83814000930549	
006:FDD	6	4061	1	2645.186277610743	34.85247594578473	27.678415049813847	
00E:FFF	14	4095	1	2434.5829929786228	32.81987318110105	25.785519619575183	
27F:7FD	639	2045	1	2886.911582976677	47.0004200892048	40.35916472392677	
043:FFF	67	4095	1	3024.492589907938	40.77023634291627	31.880916882938205	
0AF:7FC	175	2044	1	1958.0036520527387	31.887758116976986	26.59826494780343	
27F:7FF	639	2047	1	2885.5676542641477	47.19574836684106	40.3142324116941	
002:FDD	2	4061	1	4511.342870521731	59.392086584993166	43.4734166442375	
00B:FD5	11	4053	1	3321.0942606594763	43.71047710990292	35.65463282049412	
1FF:FFF	511	4095	1	892.7451974674337	12.034452164202301	9.532680776910322	
37D:7FD	893	2045	1	1686.2440570595618	27.45797902367543	21.649709182087545	
0E7:7FE	231	2046	1	1483.2247849796693	24.266514501781156	20.455042602995086	
1FF:FFE	511	4094	1	844.8034386088307	11.370827130005534	8.526778969758102	
3FD:7FD	1021	2045	1	1341.3886309586885	21.872595424167567	18.648605424809777	
00E:FDF	14	4063	1	2273.3978898772198	30.008825763443085	22.46492499307131	
036:FFF	54	4095	1	1595.931055795842	21.513236378691396	16.825995068631393	
0AB:5FE	171	1534	1	1617.6496173296166	21.1230063555184	17.52622484133129	
77F:7FF	1919	2047	1	1327.0588677007245	21.726462317589863	18.634616268195398	
077:F7F	119	3967	1	1298.670348037905	17.053141395007074	13.233680464823399	
137:07F	311	127	1	2451.5586356785025	38.42932760028508	32.86622723705097	
B7F:7FE	2943	2046	1	1670.2680389178815	27.328130282017213	23.328996810782183	
067:0FC	103	252	1	2025.2305728420056	28.94949972682409	25.22416755615131	
0F5:FDF	245	4063	1	1015.168174071965	13.405758313721254	10.45742780319358	
036:FF7	54	4087	1	1648.3409312190806	22.19583511144253	17.96250104710234	
EFF:FFF	3839	4095	1	928.0181055896049	12.5006916546374	9.994485280851308	
107:FFF	263	4095	1	2698.525388297915	36.41234497812184	31.16336341181664	
107:003	263	3	1	3937.442455269644	76.20270013827836	66.27024581453342	
7ED:7FF	2029	2047	1	1164.7596033750237	19.07475919155356	16.344141935565013	
7DF:FFF	2015	4095	1	940.2981687065912	12.671816928508559	10.140058319174956	
007:03F	7	63	1	2556.8273427658346	39.18019349607506	33.91170749432347	
0AF:7F6	175	2038	1	1870.1588953239054	30.5034275471209	24.23359147067825	
0AF:7EE	175	2030	1	1943.2030104023156	31.210727283548046	26.204220249633988	
003:FD7	3	4055	1	3307.4715264616657	43.626115466087	34.72834533665186	
005:007	5	7	1	5498.205413436859	96.58269343046555	92.03150095275457	
DFB:FFD	3579	4093	1	969.9248550735325	13.042120690283753	10.42268015877974	
002:F7F	2	3967	1	4906.697315153969	64.45066333976557	51.51887708604507	
103:FFF	259	4095	1	2623.8750559885	35.38975715335241	29.150939867205732	
0AF:7FA	175	2042	1	1961.6360050037279	31.7755061130987	26.70322077469008	
077:07F	119	127	1	1716.1510129339274	26.82762356671882	23.068412220277356	
37D:7FF	893	2047	1	1835.2237551163141	30.050144171312535	25.695717293970397	
F7F:7FF	3967	2047	1	1153.362755364172	18.902043293108473	16.211280796461654	
00A:FF5	10	4085	1	4488.414362299599	60.35272385496799	50.265412421661296	
0EE:7FE	238	2046	1	1402.0299327026453	22.938506239814117	19.335502535560813	
0AF:5FF	175	1535	1	1565.0666714738154	20.479668825849625	17.003167721594526	
3DF:FFB	991	4091	1	1115.4095226900474	14.971674817232037	11.775463908221226	
004:FFE	4	4094	1	4314.427181420896	58.11173283454032	46.155402858138	
017:01F	23	31	1	3082.9612369594665	54.53681270655498	47.65401686067443	
0F7:1FF	247	511	1	1489.8038918925818	26.060234159865047	22.816299117632894	
04A:FFF	74	4095	1	2995.3730221484284	40.41637184255463	34.481379790858746	
1BF:7FE	447	2046	1	1466.0008397458637	23.983052584571823	20.431839529802883	
137:FF7	311	4087	1	1960.3550087242156	26.392396450671527	20.994931490862445	
0B7:07F	183	127	1	1780.9637677096496	27.909137924219674	24.0907503396606	
007:FFE	7	4094	1	1894.429613083316	25.49389611703328	18.573872192121964	
0F7:1EF	247	495	1	1439.063525348375	24.480985790799743	21.28994748492786	
3ED:7FF	1005	2047	1	1430.0136283035483	23.425447811191255	20.007332899034303	
1AF:7FE	431	2046	1	1577.1986505190762	25.790211641235405	21.319784479502808	
0BF:1FE	191	510	1	1798.1352314929359	31.28889133468574	27.399842285639796	
0E7:0FB	231	251	1	1218.0754402378723	17.313638309848486	13.764160766023172	
FEF:FEF	4079	4079	1	806.8934153411365	10.780119084299736	8.59984970518507	
4E7:0FE	1255	254	1	1855.1249369207433	27.2141010995174	24.262545913474977	
014:FFF	20	4095	1	2887.2047305885058	38.92293073728497	30.68477321332984	
00B:FD7	11	4055	1	3247.218658434934	42.83100214131865	34.06743997257639	
006:007	6	7	1	3759.431934347883	66.4708822013301	55.14564767176099	
0A7:7FA	167	2042	1	2112.0345920365207	34.21254553226994	28.801523900601623	
FFF:FEE	4095	4078	1	795.1664204956113	10.61281172887139	8.42328823727744	
006:FBF	6	4031	1	2612.222454383142	34.01963711618019	26.994088073651085	
00C:FFF	12	4095	1	3372.1319487610917	45.46918634064811	36.50496688396192	
EFF:FBF	3839	4031	1	887.2197940221221	11.543899642385474	9.135442113751447	
077:FFB	119	4091	1	1389.266232149854	18.660597528280874	15.157159550591636	
002:F5F	2	3935	1	4768.266208002379	61.513924071569036	48.646788616215204	
BFB:FFD	3067	4093	1	1115.6946406968511	15.000178126916005	11.981287491384338	
003:FF5	3	4085	1	3422.493370079246	46.00496066170129	37.194414189097415	
067:0FD	103	253	1	2046.5348502238996	29.517026925380453	25.7563390308224	
167:0EE	359	238	1	1975.158398679143	28.857073769810935	25.53984888352693	
0C7:0FE	199	254	1	1782.6144170410082	26.08620580625158	22.565599928254837	
043:FDF	67	4063	1	2946.936028649002	38.91446309387893	30.267134677042236	
BF7:FFF	3063	4095	1	1024.4592607376962	13.787150396461888	10.053312877819387	
007:FBF	7	4031	1	1966.9175336238484	25.612197138435132	20.055662791501344	
0E7:0FA	231	250	1	1323.6253157846093	18.660830043013405	16.28684853948832	
17D:FFB	381	4091	1	1365.6379606573832	18.338053889772006	14.509175204003062	
17F:FEB	383	4075	1	1330.4708674966146	17.716166493491965	13.982683758429895	
007:FFF	7	4095	1	2079.8819515415644	28.043608335941716	22.431173090577936	
056:FFF	86	4095	1	2425.1591543327827	32.72232459007805	27.90313152647622	
FFF:6FF	4095	1791	1	846.2876837516552	11.616215545879989	9.552007306787536	
3E5:7FF	997	2047	1	1399.2499022928964	22.909269680692255	18.7471862355935	
00A:FDD	10	4061	1	4203.854268709922	55.390056402206014	44.05435031976756	
04B:FFF	75	4095	1	2756.9135453461927	37.17856556902177	30.210893334439728	
015:FEF	21	4079	1	2641.5495543973725	35.31431098708347	27.846804997226325	
067:0EE	103	238	1	2064.280421730244	30.108474361135638	26.19681681836596	
0D7:1FF	215	511	1	1890.1628842203477	33.049729848945105	28.89425677081366	
022:FFF	34	4095	1	2744.501941678146	36.99715237011519	29.019562429743115	
1BF:FFE	447	4094	1	1010.6403302317545	13.595752279953304	9.685649908442489	
0AF:7FE	175	2046	1	1989.7504797746235	32.56189234411642	27.475759905121002	
006:FFF	6	4095	1	2781.5792675221724	37.513052398659525	30.62068966275294	
006:FEF	6	4079	1	2705.894593889688	36.18034292365522	28.96612456045251	
017:FF7	23	4087	1	2112.590568326687	28.440482841867887	22.514532991380236	
015:FFF	21	4095	1	2667.7954783589266	35.96569356435641	28.402456474073425	
002:FD7	2	4055	1	4856.218770146595	64.04729676831899	50.44767261896817	
0E7:0EE	231	238	1	1371.3707917026522	20.003097628458875	17.47683969054951	
0EF:FFF	239	4095	1	1071.2694235422605	14.441206458836964	11.32731961766895	
2FF:7FF	767	2047	1	1785.818002627471	29.249181874793983	25.021696801417516	
017:03F	23	63	1	2603.8346984602067	39.82266039334208	34.14186593137347	
207:FFF	519	4095	1	2819.9242641372853	37.972595157995	30.08857847656017	
017:FEF	23	4079	1	2093.5056670616646	27.988157591060894	22.109450129463777	
0A7:0EE	167	238	1	1977.4185924619808	28.81479236060969	25.19798141355423	
17F:0FF	383	255	1	1671.1112350139956	24.90066623995344	22.096650428337732	
017:07F	23	127	1	2953.6130841025815	46.294943065612955	44.11572731448576	
0EF:0FC	239	252	1	1266.9203437937024	18.112777971569212	15.847944824710405	
022:FFD	34	4093	1	2727.501816251446	36.70220390331325	28.65874457463239	
02A:FFF	42	4095	1	2178.0411118633106	29.360004595914653	22.955199430327305	
0A7:0FE	167	254	1	1982.222131919319	29.007768925228827	25.324329437804128	
2E7:0FE	743	254	1	1799.291908441344	26.383501132086355	23.396087663091144	
166:0EE	358	238	1	1978.5036268922656	28.905054456345347	25.52735025842912	
0CF:0FC	207	252	1	1619.7968921400384	23.142042298368185	20.255756506550654	
0E7:0FF	231	255	1	1399.6486741319734	20.822194969849708	18.205653402335233	
046:FDF	70	4063	1	2833.537620217132	37.4170455454633	29.10360973631356	
027:0FA	39	250	1	2329.265571023615	32.83898308933479	26.278795814460274	
0E7:0FC	231	252	1	1345.517591533213	19.233613801837965	16.829387566100596	
007:00F	7	15	1	3322.4902670415067	62.193854731855204	57.09864554026635	
006:FF7	6	4087	1	2728.8063818632427	36.74121491870993	29.458576311689487	
17F:F7B	383	3963	1	1354.0919252180202	17.720115208396187	14.495898147423034	
014:FEF	20	4079	1	2796.546752970638	37.377129219792586	28.775217205504788	
1E7:0FE	487	254	1	1215.1518847232123	17.823428332611716	15.801877800124524	
0E7:1F6	231	502	1	1627.7173541210113	28.19667719886597	24.62863880403216	
037:07E	55	126	1	1837.1921662497614	27.99833804612753	24.02562347654404	
013:03F	19	63	1	3860.425741205043	58.913548608021166	50.3460821038975	
1E7:0F6	487	246	1	1198.319121359187	17.379602235983352	15.36640072336832	
00B:FF7	11	4087	1	3230.7101984163473	43.483318855785186	33.699717401753496	
17F:1FB	383	507	1	1879.8672899915393	31.906787424197315	27.872813343036153	
0F7:F7B	247	3963	1	989.9676929253947	12.948261679301197	10.071266268222479	
00A:FF7	10	4087	1	4565.274488179163	61.5041295082006	52.01930212550841	
00A:FDF	10	4063	1	4239.270109545902	55.99628934633532	44.80482425477742	
0E7:4FB	231	1275	1	777.4293211651724	7.44748386443649	5.622423551959144	
0E6:0FA	230	250	1	1365.340381980245	19.24670256519793	16.80463821512779	
097:07F	151	127	1	2318.8123859724574	36.32143870925775	29.333981116604274	
077:03F	119	63	1	1653.5927063648676	25.32218155011873	21.45209283116025	
1DF:5FE	479	1534	1	1049.5929326040803	13.705566140108777	11.453550934072542	
07F:0FB	127	251	1	1394.994213043508	19.858895209585146	17.32507865704763	
036:03F	54	63	1	1820.4944584388868	27.800824400168114	21.79580656461491	
10B:FD5	267	4053	1	2410.598034871732	31.717678365270796	25.160976322263874	
02F:7FE	47	2046	1	2207.020940862444	36.11736568005488	30.46870771484081	
106:007	262	7	1	3402.3679071632637	60.79554113646813	49.34168784991516	
005:FFF	5	4095	1	3312.356853029312	44.6375802261861	33.9322751945495	
3DF:FFD	991	4093	1	1146.5622506348147	15.428122883520826	12.448879447853956	
67F:7FF	1663	2047	1	1668.9726103475653	27.30801781517557	23.429173632372464	
0AE:1FE	174	510	1	2207.25303030713	38.39141484133928	33.617270206702514	
8E7:0DC	2279	220	1	1785.2844351946276	21.117299789429012	18.206876625004888	
01F:07F	31	127	1	2116.658190842045	33.15022654157644	28.84279994582935	
043:FFD	67	4093	1	3010.8437890112523	40.514372009464005	31.592295228190846	
017:00F	23	15	1	3155.3452658099204	59.17622820277724	50.14866215697535	
3FF:7FD	1023	2045	1	1334.7120633584095	21.763940911890337	18.555082864773595	
0AF:1FE	175	510	1	2028.487382373152	35.2492154524332	28.46576232962073	
407:03F	1031	63	1	2567.2093081964645	39.36952458891871	34.10049098227609	
03F:07F	63	127	1	1565.2736666324242	24.509220244401643	21.17068909921751	
00A:FD7	10	4055	1	4195.113004123969	55.331910803250665	43.86816237491157	
EF7:FFF	3831	4095	1	930.2251602592703	12.530381983174147	10.01767299273772	
0E7:1FC	231	508	1	1548.7393726008174	26.451175953404654	22.276375304490188	
037:0FF	55	255	1	1837.7228400866256	27.37226655155847	24.077677736963448	
027:07F	39	127	1	2868.2267799390593	44.86780418728705	39.85208112266821	
37F:7FF	895	2047	1	1827.2493718876815	29.919837614884884	25.583667699176225	
8EF:7FE	2287	2046	1	2378.3142756000643	38.922673470265295	32.96604660963763	
17F:FF9	383	4089	1	1341.9156906583275	17.987963314627965	14.22432032845419	
FFF:FE7	4095	4071	1	798.206593531936	10.644333165009897	8.488702397996622	
177:0EE	375	238	1	1725.4594400299932	25.21143042981542	22.238967619152927	
0D7:0FE	215	254	1	1691.122186530861	24.774207415333365	23.15808545075372	
087:00F	135	15	1	3519.212654231793	66.14297177919583	59.430835512490454	
0BF:1FA	191	506	1	1738.7263947020085	29.388952584370763	25.621136430705473	
106:003	262	3	1	3942.066219027925	76.2921972616784	66.34868957524877	
0A6:0FE	166	254	1	2004.230265399296	29.32995987381631	25.775221855692998	
077:1FF	119	511	1	1946.9657203067447	34.06193172905856	29.75996419180182	
002:FDF	2	4063	1	4912.794002016032	64.88914674563999	51.64066517167282	
09F:5FE	159	1534	1	1890.7817676269478	24.695442094688406	21.126121378423424	
0AF:1FA	175	506	1	2123.7856308025666	35.88406773678897	31.276168151790877	
027:03F	39	63	1	2521.8262284149705	38.474247037437635	30.655130412809157	
002:FF7	2	4087	1	5138.220497462534	69.19594681015313	56.51434546956768	
1E7:0FB	487	251	1	1174.9276299564049	16.73496232926348	14.773404279374944	
0EF:5FE	239	1534	1	1095.0345236338258	14.300363377224198	11.848009532136127	
0B6:FFF	182	4095	1	1406.0420503793807	18.95434580005369	14.885896011689688	
107:03F	263	63	1	3092.3217678979754	47.41989409919178	40.909255155768754	
9FF:EFF	2559	3839	1	1338.4191694485496	17.05541037391126	13.391028994891919	
067:1FD	103	509	1	2443.6060247401765	42.16752430081261	36.723049063567586	
FFD:FFF	4093	4095	1	748.2854080586241	10.07438466838659	7.442482315074592	
1FF:7FF	511	2047	1	1165.0792632624652	19.09678259493673	16.24325899028384	
037:1FF	55	511	1	2080.600600269474	36.39665183186433	30.819845651719035	
015:FFE	21	4094	1	2656.8656264244537	35.78238118503814	28.16847451016876	
17D:1FB	381	507	1	1913.9336607142009	32.48383436991542	28.455812178582654	
0C7:0FF	199	255	1	1839.971899198443	27.349169802948982	24.046851497147397	
467:0FB	1127	251	1	2278.881105157393	32.48418229789107	28.951238514168775	
013:0BF	19	191	1	3154.7204159119965	40.219185435771756	33.820227362422564	
003:03F	3	63	1	4179.665183046654	64.09756937823512	55.53040056306854	
063:0EE	99	238	1	2179.824864816366	31.789236435796955	27.65740697948419	
016:007	22	7	1	3288.596713613322	58.63237078226921	47.7104356395632	
17F:1FF	383	511	1	1932.292937837141	33.745258029587355	29.44086584406151	
087:007	135	7	1	3243.0947819057524	58.00918255363205	50.42738679940234	
017:02F	23	47	1	2256.14754232582	30.547670127850804	25.712355704939934	
012:FDF	18	4063	1	3518.5336520645387	46.47416192338718	37.03707423818878	
083:007	131	7	1	3471.7559881528014	62.148164179901876	56.76871907529594	
0E3:0BE	227	190	1	1202.9906342534855	15.148048675403196	12.756358701736707	
177:1FB	375	507	1	2001.6505909149303	33.967225919474295	29.827399797219666	
086:007	134	7	1	3244.724805549194	58.038370414169854	50.45453483831595	
003:FDF	3	4063	1	3312.526546918338	43.75269487134918	34.834436721907466	
097:06F	151	111	1	2114.6948230921203	29.990295783700294	24.415333315958495	
415:01F	1045	31	1	3022.4656272874363	53.822687004850955	47.87367114471109	
016:FEF	22	4079	1	2384.288870304569	31.875572059853116	25.17453979585933	
1AE:1FE	430	510	1	1795.555312925027	31.204524166605704	27.570282397020286	
3FF:77B	1023	1915	1	1289.8526964974524	20.5535331173944	17.329266595637208	
117:03F	279	63	1	2824.708778985412	43.291134940017265	35.71292962655168	
046:0FE	70	254	1	3648.518611266119	53.35028568476747	48.18415644534631	
00A:7F7	10	2039	1	5614.469207886544	91.83382967744097	78.63408542182434	
106:002	262	2	1	3057.422397024296	48.21959493139503	39.895282003058206	
013:017	19	23	1	3891.6623436900504	61.79080916677566	50.600135309984324	
0F7:FFD	247	4093	1	1026.587265265663	13.814688368888959	10.830108209114012	
003:FF7	3	4087	1	3387.874723099122	45.61322138685414	36.43597166152617	
037:037	55	55	1	1544.6455774412975	20.886560471165428	16.94054947921183	
0BB:1FE	187	510	1	1884.8985152248301	32.795829969658335	28.71515053982623	
0A7:1FE	167	510	1	2360.8208896816673	41.05705681487546	35.946796927839756	
026:03F	38	63	1	2814.9544586913034	42.941089022928715	36.3780488446195	
8C7:0FC	2247	252	1	2383.190582895272	34.16169758445123	32.21797055704018	
007:FEF	7	4079	1	2080.4726945996836	27.82021553511974	22.449158012836946	
097:27F	151	639	1	2602.146146687318	44.77383335632453	36.94076500763162	
006:FDF	6	4063	1	2668.518787775654	35.24791239105665	28.17226986742589	
217:07F	535	127	1	3518.0677852053395	55.16242553470743	48.14118104601132	
FDD:FFF	4061	4095	1	882.8202049388395	11.902007409147856	10.23636332308688	
0B7:1FF	183	511	1	2017.9074410047062	35.28558049717134	30.89326758261725	
0AB:7FE	171	2046	1	2062.3422359429437	33.74987054897045	28.479879183305027	
0AF:5FC	175	1532	1	1549.3663762285369	20.113367297806278	16.663854866227013	
015:017	21	23	1	3382.868011545355	53.83977477450982	45.12634099977545	
379:7FF	889	2047	1	1855.896917022457	30.387863978513764	25.98471987583701	
437:1FF	1079	511	1	2918.9083040107384	51.12275546897002	45.557957067830785	
2E7:1FE	743	510	1	2127.6553613593615	37.046631037251785	32.70490086677368	
04A:FFB	74	4091	1	2575.5689844492103	34.559405822839544	25.41359919103033	
006:FFE	6	4094	1	2606.489492612648	35.093502961841914	26.850317824673255	
026:07F	38	127	1	2922.360774597869	45.69381368092723	39.3319444294492	
025:07F	37	127	1	3247.802458868454	50.75571490945044	43.70422698858653	
005:03F	5	63	1	4366.208881193519	66.97521297379531	59.12801309897927	
167:0FE	359	254	1	1988.0642733411435	29.166268677359056	25.87685342952693	
077:1EF	119	495	1	1881.0408361532066	32.006940488011296	27.783236439817255	
17D:1EB	381	491	1	1890.904258780914	31.40586795993265	27.791055015258987	
0E5:1FC	229	508	1	1670.3165845237017	28.537045649314667	24.8776229938366	
8C7:0F4	2247	244	1	2217.390571935463	31.348300873275143	27.84862531972346	
37F:77B	895	1915	1	1755.7954540147255	27.95778374554544	23.616507601063205	
537:07F	1335	127	1	1851.5457402409538	29.034186654988705	25.492865260598883	
002:BF5	2	3061	1	4510.335440194238	55.772163053279876	43.524739579461816	
003:03E	3	62	1	3897.8005947794964	56.686451236010484	48.28307170666482	
0D5:1FF	213	511	1	1925.2254960571952	33.662488883952115	29.48590206799375	
AF7:1FF	2807	511	1	1995.9355332089951	34.94506694755797	30.429474786292243	
01F:00F	31	15	1	2650.088467576467	49.673364090946144	45.15576582179851	
003:FFF	3	4095	1	3385.8665443300606	45.650886406972695	36.390894223041826	
1EF:0FE	495	254	1	1182.969586896641	17.35136186551499	15.380155249235637	
17F:1FA	383	506	1	1878.0589852449962	31.701520722424362	27.824062921592645	
007:007	7	7	1	3059.661075031718	54.28660363790103	48.14999257811361	
003:FDD	3	4061	1	3206.1709024296874	42.23174835184548	32.61340960979777	
0BF:1FF	191	511	1	1809.0972397440212	31.64163266273575	27.734597081959024	
046:FFF	70	4095	1	2920.9865837792872	39.37684105333482	30.93034324583792	
147:007	327	7	1	2933.8576907335278	52.48736088255417	46.159811872312424	
0BF:FFF	191	4095	1	1249.70889853587	16.846895083021224	13.232295585943614	
187:007	391	7	1	2299.37175214825	41.136017659658386	36.16290506963021	
037:FFF	55	4095	1	1483.391849226201	19.996563194482768	15.666658412850808	
0AF:1FF	175	511	1	2208.980688091557	38.61953024398676	33.83093415333436	
00A:FED	10	4077	1	4273.546302360361	57.039648945123815	45.52737722198522	
027:07D	39	125	1	2281.1982660605986	32.85982585584005	25.146640602102867	
03F:0FF	63	255	1	1517.0231928407914	22.599960338442553	19.9148662590848	
006:01F	6	31	1	4005.8216721802273	71.13633270994585	63.37499224082981	
017:EEF	23	3823	1	1795.0151863812603	22.69925070150808	16.22832216422601	
026:05F	38	95	1	2482.9403495641	36.521953726696836	28.417571814459933	
8AF:1FE	2223	510	1	2784.99405535722	48.52569737564389	43.14563540722716	
0E7:0BE	231	190	1	1140.016348170924	14.356218285231884	12.086457377270994	
127:03F	295	63	1	2759.6739416017035	42.30584652160401	35.64798951807955	
9AF:7FE	2479	2046	1	2005.7586119916668	32.831176182104734	28.151246918458373	
067:0EC	103	236	1	1996.2109143526652	28.27952759197988	24.501243924420404	
8A7:0EE	2215	238	1	2340.042951066904	34.208013086415356	30.42301066932638	
836:03F	2102	63	1	2490.635690385792	38.19278735511347	32.92165997506119	
023:03F	35	63	1	3298.7461993947895	50.25252915742982	42.4500492775761	
4AF:1FE	1199	510	1	2507.868134740611	43.697534996539645	38.88016117165477	
1EF:7FE	495	2046	1	1267.9442910730745	20.744161065450353	17.64757846448104	
107:203	263	515	1	3095.585169567749	49.55552029276355	40.94014967910472	
066:0F6	102	246	1	2074.53128435792	30.044100186567118	26.201526005720584	
077:0FC	119	252	1	1525.772812978578	21.812581895927025	18.263727189847344	
027:0FB	39	251	1	2560.0802864743223	36.44917678870379	31.803897771169673	
065:0FF	101	255	1	2178.639431629439	32.40730147594249	28.331518203978682	
18F:7FE	399	2046	1	1986.0588446966588	32.48244645728083	27.731793422086152	
AE7:1FE	2791	510	1	2107.73975618254	36.72495481081721	32.63752163232135	
FEF:7FF	4079	2047	1	1063.1347036104066	17.424117338971914	14.945309464846586	
017:03B	23	59	1	2134.3233712203564	28.476462636969185	22.948590435675317	
003:FD5	3	4053	1	3296.9435200791236	43.38109116764556	34.5075235305741	
8E7:0F6	2279	246	1	2264.1227984452357	32.86363412470043	29.28627374171497	
07F:FFF	127	4095	1	1186.0115825422392	15.98757739748506	12.51002027673811	
7DF:EFF	2015	3839	1	871.3246059414364	11.112255809782702	8.707223600320939	
00B:FDF	11	4063	1	3139.999386346308	41.45842137079142	31.8314721340278	
8AF:1FF	2223	511	1	2801.666495049169	49.068241249710624	43.6640171448176	
0AF:5DE	175	1502	1	1491.799523346651	18.27949752870727	15.465165824271734	
016:FFF	22	4095	1	2410.7027979674335	32.500651867271884	25.73563169879081	
047:0FF	71	255	1	3424.541941789619	50.83641568558606	42.56009078772435	
1FF:7EE	511	2030	1	1135.2625549576153	18.230362085474493	15.422243545786953	
1AF:FFE	431	4094	1	1247.001138261788	16.792769554984275	13.333944816165712	
097:0FF	151	255	1	2402.4903874394895	35.68143624097725	31.435970510336116	
007:006	7	6	1	2290.9274879017185	32.99093256487948	27.055050697800354	
467:0EE	1127	238	1	2352.2261683479715	34.389943001296544	30.847530385644706	
012:017	18	23	1	4434.135961258409	70.20390623360443	57.71267640493047	
CE7:0FE	3303	254	1	1383.9191108161085	20.30958443264226	17.78197927876423	
2A7:0FE	679	254	1	2420.1169114965037	35.487071929828346	31.56114020751463	
00E:FDD	14	4061	1	2405.9347710599245	31.70035834132469	25.191511032666572	
085:007	133	7	1	3345.112823114561	59.85344213166554	53.12207356203667	
105:003	261	3	1	3961.729396295633	76.67274122583954	66.67940554217483	
375:7FD	885	2045	1	1861.1167750243255	30.33021530435877	25.911578339423972	
3E9:7FF	1001	2047	1	1422.3289088072158	23.29450682747882	19.564830019985862	
023:FFF	35	4095	1	2677.2714338888695	36.088588965361254	28.138372809579586	
DBF:FFF	3519	4095	1	1010.7179356615788	13.613553110742119	10.884747994786494	
0FF:1EF	255	495	1	1335.473031431745	22.720875369069077	19.763849319246926	
097:07B	151	123	1	2178.481962032076	30.77822600930124	25.931790522363023	
02F:7FF	47	2047	1	2212.009558258092	36.26505730385075	30.606687175906398	
3DD:FFF	989	4095	1	1136.5178390441217	15.317313516902747	12.17736901724082	
3FF:7BD	1023	1981	1	1222.95705605218	18.688292364053577	15.576264660085041	
077:FFE	119	4094	1	1301.961168779539	17.527883046242184	13.292535750780637	
002:FD5	2	4053	1	4827.7901470760935	63.51517430107008	49.85587720152556	
027:2FB	39	763	1	3020.872523607101	52.37655035197414	44.25261093510662	
0E7:0DE	231	222	1	1100.8390184981217	13.333118208705374	11.270201093174727	
17D:1FF	381	511	1	1984.0074961039923	34.65005426554592	30.576273145048436	
205:007	517	7	1	4160.162147840627	74.42751534239538	65.52773482370141	
7BF:FFF	1983	4095	1	971.6139443101916	13.093510916687807	10.478496317033311	
37D:7DF	893	2015	1	1722.655050771025	26.92389214987204	22.639298446614436	
0A6:03F	166	63	1	2028.1807624769397	31.077424863552153	26.435753463298433	
0DF:7FF	223	2047	1	1585.9455545846863	25.993967169406726	21.934275657004985	
8F7:1FF	2295	511	1	2486.8894217570737	43.53804817817447	37.7576561437185	
27F:0FB	639	251	1	2610.259675735725	37.207526384930624	33.14166215759521	
17F:0BF	383	191	1	1373.216195784654	17.509517105393552	14.923081151666636	
017:09F	23	159	1	1848.8274503192883	20.988563058853792	17.255931414872045	
183:007	387	7	1	2329.147178096775	41.66859603756877	36.625080802526035	
097:067	151	103	1	2055.4481058446845	27.669269769610448	23.08515481557325	
057:01F	87	31	1	3256.14970656823	57.863562562279775	50.78862238359709	
826:03F	2086	63	1	2514.573800086596	38.56147411136889	33.34454296805713	
067:1FE	103	510	1	2466.8534366541553	42.921983699658426	37.42376837134541	
8E7:0B6	2279	182	1	1851.5357939680891	23.058659208109653	19.57339264364718	
1E7:0BE	487	190	1	1002.413062541678	12.63313964480973	10.752282422009953	
1DE:7FE	478	2046	1	1343.2168176425591	21.97513630741686	18.70796274324786	
1FF:FFA	511	4090	1	887.10938810831	11.89930658335289	9.412724530571644	
405:03F	1029	63	1	2569.8181949924915	39.4095247535658	34.13458135299239	
104:003	260	3	1	3967.0900352748927	76.77672580591405	66.78218460585838	
0E3:09E	227	158	1	1013.1161129818124	11.176248594162876	9.04952173308196	
FBF:FDF	4031	4063	1	843.4767731005704	11.131401905682283	8.855199308341803	
043:F7F	67	3967	1	2925.574436872724	38.41662635483556	29.829884750353237	
0AF:7FF	175	2047	1	1962.6941908066403	32.170610571408226	26.72186306589743	
1EF:07E	495	126	1	1203.6352815869946	18.367415037563326	15.917439319326169	
017:FFF	23	4095	1	2114.625927293022	28.508767546879213	22.557518936765522	
EF7:7FF	3831	2047	1	1212.6796670695126	19.87432326606556	17.046321727692927	
FFF:F77	4095	3959	1	781.1724807347636	10.239926555939965	8.130643787409738	
027:0EF	39	239	1	2641.906990708718	38.921148561844404	33.849948303148146	
57F:1FB	1407	507	1	1856.769592868202	31.57870997852473	27.99344412418713	
017:007	23	7	1	3103.739414569825	55.377498452395855	48.507823999304975	
037:0FB	55	251	1	1777.288965848756	25.316868147835425	22.533432523529672	
005:FFE	5	4094	1	3487.5896208765507	46.97956655395863	37.659585246532316	
8B7:0EE	2231	238	1	2325.719216737548	33.99861727321595	30.236528557289798	
01A:FFF	26	4095	1	2287.7211130256637	30.84188008980429	24.36594054637083	
285:007	645	7	1	3188.633095811045	57.04470924615979	50.131884519350194	
117:01F	279	31	1	3455.400336264487	61.510313487336106	53.479363036482674	
046:007	70	7	1	4268.48419496093	76.3458118201478	66.11541137247865	
406:01F	1030	31	1	3060.817576454254	54.50520343279556	48.45610351203989	
57F:1FA	1407	506	1	1844.7879511950403	31.20073815696075	27.63337138635046	
016:FFE	22	4094	1	2406.45699251924	32.411647290123085	25.64476515352018	
017:7EF	23	2031	1	2676.4632357355813	43.065655632597625	36.153301545394335	
103:003	259	3	1	3975.9440141866535	76.94776293638036	66.91449849401961	
027:87F	39	2175	1	1248.712903886015	10.972725815573991	7.560696705469986	
013:117	19	279	1	3530.7674417173976	51.55723947791875	42.31372057224002	
042:FF7	66	4087	1	2911.513910478194	39.174107541638634	29.388987217608435	
1BF:7FF	447	2047	1	1469.2975112140891	24.080775868221043	20.523828938618703	
867:0FD	2151	253	1	2392.020070003241	34.57616713794456	31.09948870958583	
04B:FDF	75	4063	1	2632.4454426899065	34.76805115778691	27.532388091659918	
3FF:7FE	1023	2046	1	1339.3017947005	21.901555477586477	18.682853810450073	
027:27D	39	637	1	2881.5232065082264	48.939017296848526	40.23753200274159	
1FF:3EE	511	1006	1	1169.9552525013032	21.8122674398603	16.299760722280055	
006:003	6	3	1	4498.174227559405	86.81546313349722	79.90206253202432	
03F:4FF	63	1279	1	861.8634275108534	8.444356128027408	6.425021596610437	
0AE:1EE	174	494	1	2132.367027090123	36.06981107918754	31.372527818689072	
077:1F7	119	503	1	1936.382873488848	33.74252271963528	29.436193799924887	
843:FFF	2115	4095	1	2006.7450158038816	26.990257645787246	21.546593929855547	
387:007	903	7	1	2130.0022710231547	38.10768217018481	33.596182701069786	
0D7:FFF	215	4095	1	1308.4892824523793	17.639223391184448	13.849432236706349	
102:FF5	258	4085	1	2705.174900157825	36.38367052814416	30.972539760404086	
0AF:6FE	175	1790	1	1599.368220871229	21.921374611923053	17.75024744763469	
013:417	19	1047	1	1653.2887658853456	13.853564342469035	9.274893224193697	
803:FFF	2051	4095	1	2067.986217237623	27.81224710029216	22.22968445000414	
0CF:0F4	207	244	1	1594.2445700647258	22.484250294453336	19.62451384748732	
027:4EF	39	1263	1	1473.692498770697	14.076319089967846	10.537506058998629	
203:FD7	515	4055	1	2536.171324684513	33.38754451193797	24.145240451756333	
027:075	39	117	1	2534.6812022179183	36.88128208982567	31.101643011730616	
0BE:1FE	190	510	1	1785.213811091537	31.057162806548636	26.781056073076485	
002:FFF	2	4095	1	5061.344205588095	68.24652329260294	54.81556386222049	
FEF:7F7	4079	2039	1	1059.6370567767215	17.32296203176667	14.847054359514033	
0D5:1FB	213	507	1	1862.3734818911994	31.64513404962262	27.594530436652143	
00A:7F5	10	2037	1	5589.880250577075	91.00523789609844	77.949221397572	
077:16F	119	367	1	1783.0060609994362	29.279893373655824	24.94875884141819	
003:03C	3	60	1	3311.6658940559855	42.080274670727114	34.85181751428702	
037:FFE	55	4094	1	1481.5239467533838	19.95194113818193	15.627222399371547	
177:FFB	375	4091	1	1429.7706245093223	19.199957656841196	15.244734136187924	
009:FF5	9	4085	1	5383.570642871776	72.375157879999	59.2238715011118	
817:03B	2071	59	1	2122.2640534036204	28.367913497652474	23.705851978035806	
9E7:0FB	2535	251	1	1727.5852647440768	24.62514961413327	21.903517021809282	
1EF:0DE	495	222	1	942.4627571739452	11.424982397495336	9.762580068851499	
367:0FE	871	254	1	1827.3877127252974	26.81832078759613	23.525205762240844	
247:0FF	583	255	1	3239.743186017172	48.30126105855507	43.062396150407984	
837:1FF	2103	511	1	2934.2388516803694	51.39009747250773	45.729628176292024	
017:00B	23	11	1	2903.852897617143	48.571482036529204	42.60220302874662	
517:01F	1303	31	1	2129.564113066432	37.903304635246656	32.643673959518004	
175:1FB	373	507	1	2035.288990504777	34.5362257091411	30.377029210129116	
06F:FFF	111	4095	1	1489.890029195652	20.08374277961741	15.703873179404948	
0A6:0EE	166	238	1	1986.6231557589929	28.947628760456404	25.316811919836443	
061:0EE	97	238	1	2237.931656364567	32.63434390330894	28.389662953573062	
16E:1FB	366	507	1	2205.4708734665346	37.41029758419638	33.04103307052785	
016:00F	22	15	1	3852.3031454410443	72.31805925826328	65.76370330900524	
0EF:7FA	239	2042	1	1295.962737380943	20.971492309345063	16.556872294102433	
2AF:0FE	687	254	1	2198.144398016715	32.204832759408305	26.530865941708534	
007:08F	7	143	1	1461.7303675906146	15.080081676409167	11.078350212419377	
037:03F	55	63	1	1854.989517537763	28.35632572656333	24.44938692078903	
0E7:1FE	231	510	1	1636.3837191998955	28.47345502673855	24.892100457153777	
007:02F	7	47	1	2031.1145606281475	27.45719865814782	21.358635525962285	
117:FFF	279	4095	1	2356.200078331993	31.76162824452844	24.835886434306314	
227:07F	551	127	1	3489.7192915946416	54.72104182573101	47.95515021262177	
047:FFF	71	4095	1	2895.7239006762034	39.034476976263846	30.527021568626893	
8E7:0E6	2279	230	1	2250.1895846007487	32.706111907027775	28.902077564625678	
017:01D	23	29	1	2537.2199934643836	37.974409592101644	32.33970788650206	
181:007	385	7	1	2311.0290174267084	41.3347604385639	35.787791553976234	
02F:1FA	47	506	1	2356.4891314559663	39.87159643469897	34.76255550410877	
011:017	17	23	1	4731.936929147053	74.84658835561605	62.55041288207886	
77F:7FE	1919	2046	1	1324.080567471818	21.63832245151378	18.55110032654836	
067:1FF	103	511	1	2481.8377184403444	43.40444273187616	37.87882134267259	
1B7:07F	439	127	1	1503.4693383803603	23.572975469755022	20.505442709032543	
FFF:FFC	4095	4092	1	805.8012833427115	10.826897450419345	8.650886967014712	
27F:0FF	639	255	1	2723.76338140709	40.60669550292216	36.07902998996946	
00E:FF7	14	4087	1	2472.5817648856723	33.290212701248905	26.606625579111665	
1C7:00F	455	15	1	1468.6530227928215	27.517800316658843	20.1747594811127	
2A7:0FF	679	255	1	2245.1992848412433	33.404653337247	27.10155145601839	
77F:FFF	1919	4095	1	1017.7224872974815	13.714265225687623	10.964284252538672	
067:4FB	103	1275	1	1167.5602474624409	11.186254958166929	8.391298915119563	
097:03B	151	59	1	2011.176337472656	26.87814624155928	22.094872255001263	
0CF:2FC	207	764	1	1905.3884160421503	33.110739201988686	28.02453341152686	
307:003	775	3	1	2770.410622725735	53.59168776340744	45.30881949423764	
027:06D	39	109	1	2184.934301833283	29.456168014477004	23.08575699752237	
007:11F	7	287	1	2335.9027879074147	33.62225513138141	28.317522662963544	
2E7:1FF	743	511	1	2175.7094994715508	38.08770623732485	34.216070808160715	
137:13F	311	319	1	2284.690888592663	33.734378692208665	28.353045353127104	
0A7:0EF	167	239	1	1983.8510974792412	29.175064849359355	25.356374630761298	
08F:7FE	143	2046	1	2686.4045988710573	43.962799580945195	37.11385347178033	
003:02F	3	47	1	3565.224232048568	48.26902872929822	40.390818724802024	
013:037	19	55	1	3273.96530458943	44.20598315381849	36.20065779357778	
013:00F	19	15	1	5018.211146883994	94.3326167459679	85.62630773373327	
177:FFF	375	4095	1	1433.1286723009543	19.321391056867554	15.315544410151581	
003:FFD	3	4093	1	3426.351645654904	46.12310917366412	37.277781667912485	
2A7:0FC	679	252	1	2173.368361567379	31.072481702358132	25.40685820775946	
BFE:FFF	3070	4095	1	1115.5917506666235	15.025041614306504	12.006293853878192	
205:087	517	135	1	2120.4747187386265	21.220320421965337	17.029911374142625	
AFF:FFF	2815	4095	1	1398.9854001619512	18.83253414657264	15.041092972974994	
17E:1FB	382	507	1	1905.0588775854371	32.33505283417789	28.402786420931346	
6FF:77F	1791	1919	1	1385.9408158329775	22.22940264056038	18.835203694115624	
823:03F	2083	63	1	2517.9447707876575	38.61316613407631	33.38908054940942	
067:0EF	103	239	1	2084.6635090956065	30.68757414348968	26.714578199483913	
0E7:0B6	231	182	1	1161.0981555560902	14.447134845706904	12.545471752125984	
117:FF7	279	4087	1	2402.317575985602	32.34391241433355	25.82937044924751	
067:0ED	103	237	1	2030.3746137472401	29.188211973404552	25.34525881573867	
117:07F	279	127	1	3059.5441520718987	47.97429450054063	41.95786518657326	
047:01F	71	31	1	4238.990498712221	75.45720263149687	65.49457108775376	
002:FFD	2	4093	1	5109.419922216753	68.7831876161991	55.87609282897734	
057:1FF	87	511	1	3193.239740630927	55.8232525902723	48.85984337572422	
04E:FDF	78	4063	1	2443.5366194465796	32.26750248757554	25.1320169218028	
0F7:1F9	247	505	1	1420.023314935533	23.832917521767552	20.730584299512866	
011:FFF	17	4095	1	3725.825452673189	50.22770282418178	39.535400647364845	
57F:17B	1407	379	1	1719.334260221344	27.64554191731563	23.989132480443704	
067:07D	103	125	1	1972.3915431054686	28.39094187215385	23.854325168080017	
0E7:0F6	231	246	1	1391.3957780024725	20.156387662911598	18.002275676944404	
77B:FFF	1915	4095	1	1021.8179928629247	13.769491925931375	11.01478375540701	
27F:7EF	639	2031	1	2818.54795643612	45.25250917324662	38.468998333039785	
0F3:1FF	243	511	1	1491.950538529772	26.088783944058083	22.304572986451035	
F7F:F7F	3967	3967	1	855.8585924601422	11.231092408891543	8.916135500268068	
004:FFF	4	4095	1	4363.17613640328	58.831986102499165	47.21457508009659	
066:0FE	102	254	1	2103.5284448988823	30.80973974428504	26.94091819754384	
01B:01F	27	31	1	3189.3079684231425	56.33771413910803	49.914245266835	
01B:03F	27	63	1	2649.5918147201623	40.49832166423943	34.62094141486002	
1A7:03F	423	63	1	1584.3558601517254	24.2947581740644	20.900395620121287	
0F6:FFF	246	4095	1	1026.771689527073	13.840473330121295	10.790410767266021	
027:07E	39	126	1	2695.2624007497916	41.04354441963271	35.170710289443015	
025:03F	37	63	1	3118.907233372314	47.52948153316331	40.150343931552186	
217:06F	535	111	1	2992.893181873074	42.44823722267573	34.8021110617201	
106:006	262	6	1	2920.192618659558	42.28819073100435	36.44690629673661	
3FF:77F	1023	1919	1	1301.7331959063386	20.89567450527982	17.649961604348576	
2EF:1FF	751	511	1	2083.261675935774	36.46048677300439	32.21023113307146	
022:03F	34	63	1	3362.8878299866296	51.22677350010602	43.28867322003976	
097:0FD	151	253	1	2247.3566533622943	32.35626292501624	27.495015647349987	
06F:0FE	111	254	1	1812.8965307264734	26.56407954983808	23.26211925869751	
2E5:1FF	741	511	1	2153.936762898232	37.69766898760637	33.31086054808037	
07B:1FB	123	507	1	1783.7524655532534	30.326137875502596	26.379569138719432	
033:03F	51	63	1	2320.64865234277	35.43782131626556	31.45407709820222	
0B7:FFF	183	4095	1	1395.3144372640807	18.809729524255452	14.772232145098135	
013:057	19	87	1	3195.7989316193007	42.05823781458106	34.57063912385105	
08B:FFD	139	4093	1	2143.9692204228845	28.85185042313143	22.66763155884114	
01F:077	31	119	1	1894.5897007231947	28.980806233521104	23.07230224093755	
223:07F	547	127	1	3509.457578168988	55.03013244098899	48.19926053240713	
666:0FE	1638	254	1	1578.4905153783336	23.171296144570167	20.717848081215156	
533:07F	1331	127	1	1860.2603702154672	29.170884264685885	25.615642495121808	
817:07F	2071	127	1	2612.8530861087843	40.971938311748204	35.95223164776759	
37F:75B	895	1883	1	1704.3978024197493	26.462910554579018	22.257433878963777	
0F7:1FE	247	510	1	1480.1769076270614	25.75902584493716	22.522277085341827	
017:07B	23	123	1	2374.180584638532	33.51867111856225	28.446055306041508	
067:0F3	103	243	1	1985.3032197567081	27.93182133779688	24.238555897198275	
08A:FDD	138	4061	1	2087.9880454448603	27.506273092458596	21.48931757693593	
22F:1FA	559	506	1	3764.1460240161773	63.70175909616515	56.29365657701973	
0E7:0BF	231	191	1	1109.9264019161928	14.130971355985041	11.447367521491195	
0AE:1BE	174	446	1	1870.4252642090858	28.46971288621795	24.133924725231967	
517:11F	1303	287	1	1684.087506484652	24.224392251425837	20.407233985182856	
037:2FB	55	763	1	2058.8643984660953	35.6976340297542	30.194921975114838	
0F5:F5F	245	3935	1	985.0834258090177	12.705668932141194	9.846837807813547	
0A2:0EE	162	238	1	2050.482129320461	29.874571981161715	26.129143313479226	
115:03F	277	63	1	2722.002448575863	41.69472741790505	32.93372246298902	
165:0FF	357	255	1	2051.515510533868	30.569366130415855	27.17866786935269	
3FF:7FF	1023	2047	1	1340.8542328617789	21.96658262160253	18.725623460056045	
225:07F	549	127	1	3495.469237243984	54.810843115041926	48.0107213964186	
00F:FFF	15	4095	1	2061.613214423812	27.795122420803462	22.07146784364961	
077:1EB	119	491	1	1830.8594081336844	30.454758782860605	26.321705773817566	
10B:FDF	267	4063	1	2421.9241919450824	31.98846694093928	25.39790464774219	
037:01D	55	29	1	1779.9156292824102	26.733033813465756	22.556914196559436	
026:007	38	7	1	3362.6963107860292	60.0647721214611	52.13503569450632	
10F:003	271	3	1	3847.407229507657	74.459848973722	64.73549189529005	
037:07F	55	127	1	1901.5809261802335	29.764919734212764	25.738590837488044	
007:0FF	7	255	1	2571.4178950513888	38.339945888855745	34.365313500132864	
002:01F	2	31	1	7398.503169442296	131.7509929993743	117.29157356106904	
04B:FBF	75	4031	1	2391.206671114561	31.115228287418656	22.68210924880924	
206:01F	518	31	1	4162.276295170034	74.11550258739281	65.67501596057832	
0ED:7FC	237	2044	1	1340.549483397089	21.816207862981983	17.49735938993524	
02B:FDF	43	4063	1	2068.8210616021793	27.318894777746635	21.247602013594744	
013:197	19	407	1	3516.1240725720663	50.10496372025175	41.98947166030453	
027:0BA	39	186	1	1959.2557057236834	22.561944518328943	18.620708508371468	
017:079	23	121	1	2222.220745688907	29.66731706857444	24.92709202075102	
026:02F	38	47	1	2437.636272938928	32.81270176388742	27.256199604298423	
005:01F	5	31	1	5138.642257534948	91.16387823323454	81.53559402874748	
066:0FD	102	253	1	2066.9471368506947	29.810936346651683	26.015184177857776	
087:027	135	39	1	1729.901574586591	18.53270537408924	14.345584838371284	
02E:07F	46	127	1	2261.204478085852	35.38250896488387	30.522535905041575	
005:003	5	3	1	5452.70989454498	105.53427785338602	92.09363444217914	
4F7:1FF	1271	511	1	2152.4868482064394	37.69717400236501	33.46694068280434	
0D5:1EF	213	495	1	1818.9233296963182	30.92401538487451	26.30731706155366	
837:1FE	2103	510	1	2915.357673007286	50.79675434369363	45.142053218310565	
202:FF7	514	4087	1	2867.454797975804	38.56018699818215	30.883069233913936	
10B:FF7	267	4087	1	2480.9555658378194	33.4023490586559	26.651075769507507	
402:FFF	1026	4095	1	2020.1521549385936	27.194600591638224	20.95596679281784	
01B:117	27	279	1	2449.5693029238696	35.77400649931734	29.68443847551141	
217:03F	535	63	1	3447.7225839477783	52.879385034050465	46.241740165595196	
127:007	295	7	1	3337.764044524793	59.70715981891769	52.16305007075718	
013:03D	19	61	1	3192.2881473836337	42.93927343301896	34.45709876564886	
9EF:7FE	2543	2046	1	1898.569532898966	31.076480358376173	26.635898950007228	
FFB:FED	4091	4077	1	800.0919259655333	10.670698191762016	8.508797550533677	
016:03F	22	63	1	3075.845236032022	47.02359288233442	41.82674250981034	
00B:03F	11	63	1	4101.750027033635	62.70831233395892	54.232329380933145	
861:0EE	2145	238	1	2397.7002838618814	35.05085041269831	31.17061901569396	
067:1F7	103	503	1	2468.3380425237606	42.997137396328036	37.466290051455516	
103:013	259	19	1	2736.356209390026	38.96677523542713	31.685878735352038	
226:007	550	7	1	3944.231252744173	70.54700556888116	61.136232775541565	
117:01B	279	27	1	3088.1507692798623	47.209641268998624	42.79192249815568	
2A7:07E	679	126	1	2459.781873822507	37.5483917348309	32.61681936996054	
187:00B	391	11	1	2157.291637815959	36.08728082615622	31.84437767060425	
107:11F	263	287	1	2824.635382119582	40.32405020627337	33.7878551252949	
8E7:0FE	2279	254	1	2246.2791520736296	32.96433091967195	28.81099773227221	
085:005	133	5	1	2078.449665641538	26.77393518209705	20.46656355337975	
0AE:7FE	174	2046	1	1978.9828809458868	32.381093252540374	27.041916708802013	
005:07F	5	127	1	4452.64220617167	69.82484683705695	61.48281127546338	
4B7:1FF	1207	511	1	2429.4562145671434	42.54908438671271	37.846516939416404	
0B3:1FF	179	511	1	2221.621721175007	38.871332041758826	35.94251660498874	
103:BFF	259	3071	1	2288.629606767654	28.42020984732912	22.161926557858326	
217:27F	535	639	1	3713.0766909258327	63.21687394895639	52.854742203595414	
8E7:2FE	2279	766	1	2647.140646494945	46.40379242544567	39.96488507793581	
0E7:1FF	231	511	1	1647.4243689789266	28.813377216724888	25.229351071628606	
046:005	70	5	1	2890.974115495143	37.2642796099018	30.327840426361618	
837:5FF	2103	1535	1	2083.727408517733	27.281222047021675	23.057032747493558	
017:03D	23	61	1	2228.8585396519225	30.0276568224374	25.033409034776206	
015:09F	21	159	1	2329.7996746869735	26.439657874703926	21.66878638037281	
007:DFF	7	3583	1	1646.873006247911	18.317626869423027	14.066844875895834	
847:0FD	2119	253	1	2392.261301163716	34.575911382588835	30.83955493613	
0E7:7FC	231	2044	1	1474.636965778026	24.013147119695773	20.21885390210455	
046:1FE	70	510	1	4143.659800070747	72.01024881789692	62.15070720147675	
177:07F	375	127	1	1827.4650271617695	28.624066025725494	24.912436045445393	
4EE:7FE	1262	2046	1	1963.7234926809297	32.06721434333514	27.4221530594671	
97F:1FB	2431	507	1	2222.0084895988684	37.79403164719943	33.464783607378	
00A:BF5	10	3061	1	3778.7898605155087	46.71546403153613	35.57796620448849	
8EF:7FF	2287	2047	1	2411.213227089099	39.53951127875146	33.89548271414218	
077:0FF	119	255	1	1661.782751439195	24.735643237761145	21.682083568802888	
537:47F	1335	1151	1	847.4952328207519	7.337929172445893	5.328740492911205	
007:FFD	7	4093	1	2075.3422274945733	27.933517664452204	22.333360246760687	
076:FFF	118	4095	1	1358.6705594692867	18.314838281913165	14.315982763771663	
9BF:7FE	2495	2046	1	2003.683019671793	32.804658045206224	28.585396391607123	
FEF:3FF	4079	1023	1	1262.0253072954401	24.201474788901688	21.05921388709739	
00A:3F5	10	1013	1	6747.503618192028	126.83903915249695	113.66468650517741	
0AE:7BE	174	1982	1	1821.5905501543411	27.894091795984327	22.909820459855066	
006:027	6	39	1	2134.966864659501	22.851850146372964	18.022861016864844	
007:03B	7	59	1	2153.4804038400475	28.78539693226105	24.071249456911783	
4AF:1BE	1199	446	1	2096.134429401829	31.95183883445278	27.141407352985553	
2EF:FFF	751	4095	1	1442.2660102759958	19.43593523078739	15.416715405979259	
00A:7DD	10	2013	1	5422.468255179917	84.61612818048353	73.38899600041043	
1A7:007	423	7	1	1778.6591412749003	31.79086734897342	26.29117457054851	
082:007	130	7	1	3193.176384992089	57.085086331893294	47.87416124298187	
02A:FD7	42	4055	1	2100.901454094837	27.70207642014753	21.35453810101002	
0F7:1EE	247	494	1	1430.530750570199	24.21395897646162	21.038379438921474	
FFD:FFE	4093	4094	1	808.1952977505565	10.878037720183338	8.695486030985695	
113:01F	275	31	1	3551.5387987438353	63.239754434762325	56.00058319804313	
375:7FF	885	2047	1	1871.6331835078183	30.6449759800698	26.20513110638516	
015:00F	21	15	1	4123.2868330621495	77.46486156357334	67.91868258508896	
037:07A	55	122	1	1601.753137556177	21.93023439444269	18.26501245812598	
9FF:FFD	2559	4093	1	1468.392151219684	19.737116032729038	16.120238833505578	
EFB:FFF	3835	4095	1	929.4778632796035	12.520327552313672	10.01001421227454	
417:007	1047	7	1	3014.5045283422937	53.93420499701481	47.65954259835335	
11F:03F	287	63	1	2670.56906657044	40.934152533087484	34.118258228632946	
067:1FA	103	506	1	2384.7241634117186	40.306566401226824	34.9774129607069	
907:FFF	2311	4095	1	1828.096371395627	24.593387819359005	19.652062082879176	
0AF:3FF	175	1023	1	2395.879605858562	45.91925178007484	39.79905934861085	
0C7:0FC	199	252	1	1758.26172119908	25.11229392743881	21.963089087179693	
012:037	18	55	1	3713.6594946419364	50.09454855198922	41.0096905794134	
8DF:7FF	2271	2047	1	2460.9256131835023	40.353446151020655	34.51629636930247	
117:03D	279	61	1	2530.465733228819	34.15708009597638	28.69012908597069	
3DF:FFF	991	4095	1	1054.1886949147165	14.197948283656942	10.505139605309381	
137:077	311	119	1	2416.1743002568764	37.01672821977339	31.93492061500099	
001:03F	1	63	1	13143.820982079867	201.47150197202382	168.22827868431503	
117:06F	279	111	1	2696.164067808139	38.25680990287309	32.57391302728436	
57F:15B	1407	347	1	1585.688332518962	23.989518581171467	20.402042644671738	
1F7:FFF	503	4095	1	949.6159488712865	12.800991998118326	10.145666240637498	
417:07F	1047	127	1	2624.06099986924	41.14797893813922	36.12526905607447	
066:0DD	102	221	1	1559.2873944195178	18.624632510551468	14.806068411325011	
8AF:5FC	2223	1532	1	1969.752361129077	25.583980458683172	21.578606416388144	
02F:1FE	47	510	1	2437.582480080653	42.462709566710444	37.19685469117398	
0A7:0FA	167	250	1	1908.8044811333968	26.88851534372024	23.491973915809258	
137:07B	311	123	1	2200.7906398032046	31.097564553911116	26.495825309335263	
017:FE7	23	4071	1	2088.774664404371	27.872685106774316	22.009686151688452	
037:0FE	55	254	1	1805.1290085992127	26.472131317728895	23.23209378534812	
37D:75B	893	1883	1	1711.8377634423975	26.578214540083778	22.354982406679987	
0B7:03F	183	63	1	1489.0108010683937	22.7757765313675	16.770650469645346	
0E7:3F6	231	1014	1	1734.0614616338883	32.719570675277474	27.937222090190513	
3FE:FFD	1022	4093	1	1030.1033698195674	13.859873792611754	11.030264640520219	
2F7:7FF	759	2047	1	1827.8687794198195	29.934172494001924	25.45672070248488	
03F:0F3	63	243	1	1420.1579506202281	20.009252289165463	17.456202814275027	
017:06F	23	111	1	2406.2398138150265	34.14552480161488	29.253666541419456	
106:082	262	130	1	1816.1061116304845	17.72536486896439	14.096852225921179	
8A7:0EF	2215	239	1	2364.92993964069	34.89448978211537	31.073682415778023	
106:027	262	39	1	1975.2020104565406	21.16367463982106	16.66557645323453	
00D:01F	13	31	1	4059.006943273368	71.81247930696176	62.77186095898582	
402:FDD	1026	4061	1	2038.49837953837	26.82549575879719	21.35512703280795	
BF7:DFF	3063	3583	1	888.5391829172254	9.876253083511243	7.581737067113013	
1FD:FFB	509	4091	1	620.3769192349987	8.30288054597145	4.537612112967854	
106:042	262	66	1	2019.8656209033982	21.94298219230789	17.429272266608532	
09F:5FF	159	1535	1	1841.9667574543746	24.10126387039153	20.036742718857635	
213:00F	531	15	1	4489.431959020871	84.41823181189073	77.99482657200062	
867:0FE	2151	254	1	2413.705218277583	35.431442895694076	31.658994615927362	
227:0FB	551	251	1	3156.787309466267	44.98627189153877	39.25100312572272	
003:23F	3	575	1	4360.326548861689	69.84498325116637	60.42115947788894	
506:003	1286	3	1	2394.183381671537	46.33802059179735	40.43050332933303	
4AF:1DA	1199	474	1	2204.814053286926	34.497008347608535	30.045361375724628	
047:03F	71	63	1	3564.1256544578155	54.642058629322285	46.30151442051315	
0A6:0EF	166	239	1	2006.4040805443083	29.50783334090081	25.822499236509717	
006:FD5	6	4053	1	2633.4227708799704	34.64879557010249	27.431212045089012	
80B:FFD	2059	4093	1	2059.437439228831	27.64918277611733	22.08984647176278	
066:FFF	102	4095	1	1693.275957698379	22.820092337099013	17.449403990239624	
205:027	517	39	1	2233.705932604458	23.933885863037307	18.88653065589868	
037:0EF	55	239	1	1763.8617437804342	26.001154734202633	22.174031813542758	
017:BF7	23	3063	1	1899.125715664185	23.554299339848257	18.19384445606341	
001:003	1	3	1	16639.160368879526	297.26044656143097	244.70170812880775	
0BE:1F6	190	502	1	1798.0859183860407	31.149944092173794	27.180960757800396	
116:003	278	3	1	3718.3957672900146	71.94875060021124	61.810870569390445	
157:1FB	343	507	1	2639.593482873154	44.724010151950615	39.46171306519987	
006:FE7	6	4071	1	2698.65486586074	36.015886490222016	28.81112167686258	
EFF:FF7	3839	4087	1	926.4787647216465	12.46201213850388	9.961434154791311	
077:EFF	119	3839	1	1235.3492042908608	15.755997459888956	11.971706540615312	
8EF:7BE	2287	1982	1	2201.191507653444	33.715314689195566	28.239613979431617	
066:23F	102	575	1	1988.3784396003477	31.794868907532287	24.0261509941019	
00C:FDD	12	4061	1	3260.1990494442175	42.95582599148003	34.11815413697596	
003:FF9	3	4089	1	3926.946891761257	52.738734092932006	49.1290463838837	
237:03F	567	63	1	3125.861335924924	47.90379152143922	39.336846993743215	
27D:7DF	637	2015	1	2360.384792777683	36.81217892075923	26.75683708061851	
4B3:1FF	1203	511	1	2443.672732161332	42.79810377712369	38.06994505621919	
067:03F	103	63	1	1942.4574181284263	29.721603639264103	23.15265997673989	
225:007	549	7	1	4011.6029145234656	71.77013896646679	63.2120791373706	
2AF:1FA	687	506	1	2707.974603837006	45.8254748443738	40.355080925530835	
03B:1FE	59	510	1	2003.4402631837354	34.88525289074332	30.541478674219956	
FBD:FFF	4029	4095	1	865.9588107399945	11.665714098503557	9.328254058365122	
093:0FF	147	255	1	2555.778720355194	37.943543290004285	33.4107786106278	
013:01D	19	29	1	3757.616623642429	56.047420896015566	47.512625032606614	
817:17F	2071	383	1	2757.1400205326454	45.86477229168593	40.01658418944369	
02E:1FE	46	510	1	2548.520469857185	44.39466222083355	38.85535814135183	
067:0CD	103	205	1	1595.6570425285445	18.830601479321334	15.671176294128609	
883:FFF	2179	4095	1	1963.5874930874797	26.410900233780662	21.100250972661158	
04A:7FF	74	2047	1	3601.7561667454793	59.04879307018181	49.79682248472797	
00E:007	14	7	1	3470.618149392114	61.80575097055685	52.166967342074855	
0E5:0FE	229	254	1	1442.053752277071	21.12047031242606	18.539493863356615	
811:017	2065	23	1	2600.366532725032	41.82710381118274	35.49491115072329	
97F:FFD	2431	4093	1	1587.435643777794	21.328203787950788	17.026536209624357	
002:7DF	2	2015	1	6185.995509341041	96.81174730495505	81.92295091765573	
0A6:0CE	166	206	1	1562.1007685477318	18.669101802608417	15.67225817818843	
09F:1FE	159	510	1	2581.5253155903215	44.88501221223071	39.29517353738057	
8E7:0EE	2279	238	1	2275.574338254197	33.26552004929318	29.58095921383979	
067:0EB	103	235	1	1980.695750375853	27.878905908676355	24.122898523323997	
106:00E	262	14	1	3655.252497862749	63.44136979668044	57.13619641153903	
067:0F8	103	248	1	2076.6142152772077	28.51492365115792	26.570336854615846	
247:1FF	583	511	1	3766.611987591382	65.95882227051811	58.154609418274354	
017:22F	23	559	1	2602.817582930352	41.64668014062035	34.17130584396136	
507:007	1287	7	1	2223.5561449892525	39.77880646841464	34.92147279367703	
167:1EA	359	490	1	2212.1997725828087	36.51344180738943	31.90721974294484	
127:027	295	39	1	1762.8330457302252	18.873112913669992	14.532896009584476	
213:01F	531	31	1	4061.356734717566	72.31255317520737	63.74353584502607	
8E7:0EF	2279	239	1	2299.7730185721994	33.93304257047713	30.213549488887676	
001:FFD	1	4093	1	10127.1759323687	136.185079281448	99.65429801862221	
146:003	326	3	1	3145.3205211673053	60.871669990027215	52.8951345456057	
907:007	2311	7	1	2673.051017688049	47.82373032812223	42.18501167430248	
106:005	262	5	1	2486.8318787327466	32.059131973329436	26.41787131249758	
CE3:0FE	3299	254	1	1449.091730962455	21.27856070200149	19.487503410461585	
8EF:7BC	2287	1980	1	2192.5328989271206	33.47234708732329	28.017876298652332	
227:03F	551	63	1	3672.894612049576	56.392929761491835	53.236218902684186	
197:03F	407	63	1	1794.09853902951	27.511252409274487	23.68499242264312	
8EF:5FE	2287	1534	1	1890.3361061496669	24.69703093209402	20.845476510369316	
FBF:FBE	4031	4030	1	826.4056854826015	10.742622884605863	8.500103585796607	
0A7:7FE	167	2046	1	2138.718835638712	34.9997551757519	29.53428425698538	
201:003	513	3	1	4480.531602198205	86.71436533326111	75.46730481693396	
077:1E5	119	485	1	1845.295613709441	30.91950392639961	26.73690144247403	
16E:1DB	366	475	1	1994.4332112823342	31.274938363774524	27.032073119996422	
D7F:FFF	3455	4095	1	1078.625712620632	14.52534903167347	11.533179176671661	
003:237	3	567	1	4208.587309040701	67.72349597271162	56.224821359775085	
246:007	582	7	1	4319.937245791533	77.4380140486717	76.70201072942763	
0DF:1EF	223	495	1	1649.7137581698973	28.0489269170181	23.709893882509714	
277:FFF	631	4095	1	2254.4279254392695	30.367596638978274	24.19587809958824	
237:7FF	567	2047	1	3482.1236351053717	56.911419851296266	48.663294092370414	
004:007	4	7	1	6391.659532069069	111.96931126311014	99.05630564942585	
00B:F77	11	3959	1	3224.088274264225	42.29307100142733	33.58366217141449	
225:807	549	2055	1	1406.285397612066	12.238590037374582	7.751630729244308	
042:BF7	66	3063	1	2727.0142426408916	33.81842570557295	25.804072652376345	
1E5:0F6	485	246	1	1174.8553695223004	17.034237975582464	14.667887257433815	
0F7:1FD	247	509	1	1466.9079176414346	25.31775436973671	22.12098702685512	
8AF:1DE	2223	478	1	2424.974204828959	38.85671507846473	32.671221856494526	
017:07A	23	122	1	2291.1315010875164	31.38642381110326	26.49406997380554	
007:EFF	7	3839	1	1906.0385614443985	24.31469675255578	18.831421274903686	
0F7:FBF	247	4031	1	982.3585728840429	12.790487809947518	9.916658605788896	
197:02F	407	47	1	1556.2879680174642	21.072914360766855	17.82377060153353	
8EF:5FF	2287	1535	1	1895.1729036197733	24.81233395634179	20.952318290789158	
007:003	7	3	1	3257.5480209212888	62.81128941896528	54.81387015666132	
BE5:7FF	3045	2047	1	1481.648878884381	24.288107509688725	20.824637286589656	
EFF:DFF	3839	3583	1	735.6386882056615	8.177199608309117	6.284255365363159	
20A:FDD	522	4061	1	2757.878088484816	36.294670648934314	28.83303994144605	
067:0EA	103	234	1	1959.5353656981565	27.32897949264311	23.611494844342598	
7E5:7FF	2021	2047	1	1181.2626977522125	19.34447975107966	16.5800799448293	
003:03D	3	61	1	3048.7231237750134	41.084486618431065	29.440616788638135	
005:03B	5	59	1	3615.3811716555133	48.32781196557746	40.51127828351348	
022:7FD	34	2045	1	3575.362016092107	58.34353968408654	49.28652651026108	
016:10F	22	271	1	2714.9360348048504	39.19651794908663	32.66744583966703	
113:03F	275	63	1	2888.603171512825	44.27775704841484	37.01013043097851	
9AF:5FE	2479	1534	1	1575.9251436399434	20.589423628209197	17.388972658769482	
014:BEF	20	3055	1	2548.1541566216915	31.170312426558542	23.90119995740965	
0A3:0DE	163	222	1	1639.3098040207751	19.846619547183987	16.800504659821428	
80E:FFF	2062	4095	1	2020.9229563222796	27.176326323364975	21.292302021508714	
00B:DDF	11	3551	1	2482.125594417076	26.77404073661308	19.9023067575592	
11F:037	287	55	1	2347.999333085979	31.84648354086927	26.385897122327513	
0AF:3FE	175	1022	1	2336.3383981794605	44.2238314499439	37.83308202484676	
27F:7FC	639	2044	1	2810.9817630060616	45.67171144386363	38.24117386648802	
003:01F	3	31	1	4983.627930680518	88.74659151753004	78.96122161473549	
217:01F	535	31	1	4056.6973261670305	72.23546943809997	64.00666315054445	
2F3:1FF	755	511	1	2057.5771499864245	36.01081469606786	31.80808000603169	
AFF:7FF	2815	2047	1	1624.6650870166907	26.593279869024585	20.270951317481998	
015:03F	21	63	1	3282.7150461445667	50.14482208868116	42.868922110998824	
0E7:2FF	231	767	1	1603.01732834314	28.15884019930576	23.874620377630308	
002:01D	2	29	1	6053.013324900247	91.02195336753158	78.49136619593314	
1FA:FFF	506	4095	1	910.7982838955268	12.277804651953533	9.728141391519525	
20A:FF7	522	4087	1	2953.56895214658	39.733091018678984	33.09842029644343	
077:1F5	119	501	1	1905.4402719549448	32.74528646199907	28.504042156393844	
8BF:1FE	2239	510	1	2767.793846236735	48.2259449122356	42.875877963750575	
017:0BD	23	189	1	2032.5609199188118	24.971893926347207	20.859973824893917	
436:03F	1078	63	1	2485.8719239959396	38.1221166650891	33.01638494980078	
1FB:F7F	507	3967	1	876.4396617613017	11.510041886607493	9.032116533107223	
106:00F	262	15	1	4109.664337039635	77.2937863515093	72.2988127861023	
A67:1F7	2663	503	1	2209.1661354248677	38.537854165607826	34.227765011475555	
137:FFF	311	4095	1	1963.6063067864252	26.474334931393525	21.064558420609195	
063:4EE	99	1262	1	1049.877122723442	9.99855093791728	6.411914340536382	
016:01F	22	31	1	3538.4767320139194	62.49801468926266	55.019686598533276	
217:00F	535	15	1	4398.4764044309	82.68735805595978	75.29860926776543	
207:00F	519	15	1	4270.974379824649	80.21742004176892	69.15368209647663	
225:03F	549	63	1	3265.0516719661846	50.04825557435516	41.842199060184825	
8BF:1FF	2239	511	1	2761.26192980705	48.35421023744579	42.66281720246667	
126:0FF	294	255	1	2817.9571459008334	42.00842215563246	37.15339252307042	
001:0BF	1	191	1	11202.897759240574	142.8532355469664	122.38432288111979	
077:FFF	119	4095	1	1342.5536711309344	18.097541342456076	14.143022416785936	
037:03D	55	61	1	1562.3980850638818	21.03439401964147	17.34819227630421	
267:1FE	615	510	1	3381.6093451386714	58.918098635642515	52.212258663245336	
DEF:7FF	3567	2047	1	1279.8116391061587	20.976204875163397	17.995270635972453	
115:01F	277	31	1	3534.600522469743	62.936881033614355	55.661100324842494	
012:BF5	18	3061	1	3038.580891081507	37.552144695255606	27.589036490069237	
826:03E	2086	62	1	2359.103146712766	34.31066240241418	29.347045662720348	
00A:7FF	10	2047	1	5575.783331182612	91.41902194984746	77.53256232790862	
043:03F	67	63	1	3367.8265111755295	51.56809409194547	39.47843172194638	
025:003	37	3	1	3946.1755652406723	76.3382660340997	64.65460799777368	
0F7:1ED	247	493	1	1418.6468333843286	23.838894645384407	20.690610323333637	
04A:6FF	74	1791	1	2877.334797194732	39.49926098601615	31.772585307401993	
8E7:0F4	2279	244	1	2198.1942943532745	31.076886944871323	27.60559186105301	
17F:1F9	383	505	1	1861.8697862072438	31.204107975342808	27.34696662131658	
0E7:0EF	231	239	1	1387.9867619317365	20.43396322747661	17.902899301913784	
067:0DF	103	223	1	1712.9349280860447	21.364052024320063	18.060532215363125	
4AF:17E	1199	382	1	2139.6655873058544	35.01895779004531	28.230842216570878	
161:0EE	353	238	1	2031.793146720952	29.684444873743427	26.21808903405382	
2C6:007	710	7	1	2484.8917448557954	44.45356230904098	38.99927403403319	
867:0F5	2151	245	1	2336.3638379951576	33.348322736949854	29.661739269775666	
17F:1F8	383	504	1	1841.131234324806	30.677406316184225	26.73860955011321	
027:2FA	39	762	1	2994.781496462215	51.76311717317525	43.484985589659935	
017:0BF	23	191	1	2064.620054106035	26.29696159698234	21.507549412556248	
4E7:0FF	1255	255	1	1887.5171461775215	28.12361093564075	25.116743109706505	
1EE:1DB	494	475	1	1236.9068473361901	19.417885045141222	16.75470678518441	
217:07E	535	126	1	3422.7675342046746	52.25109674719429	45.57238527822399	
046:1EE	70	494	1	4045.60741792235	68.38285752994834	59.257592786167784	
0F7:1F6	247	502	1	1471.8182969159036	25.49954662859203	22.267979390184625	
17B:1FB	379	507	1	1942.1652093096206	32.95927051269831	28.881270964529154	
213:03D	531	61	1	3032.083845178374	40.94372127529936	35.5520021741636	
021:003	33	3	1	4425.072317213105	85.61673456718191	73.25296105357035	
036:F7F	54	3967	1	1528.6925180048015	20.071768336945308	15.43509525424896	
246:1FF	582	511	1	3799.4151168704957	66.54115637290965	59.12075509489375	
013:11F	19	287	1	3532.0096316558893	50.832185024801376	42.36211709969333	
0BF:7BE	191	1982	1	1488.8289732158614	22.799452794759247	18.787932190255937	
026:03E	38	62	1	2638.939635436408	38.19043174667629	31.97850794391562	
107:005	263	5	1	2503.0576497679644	32.27096671632703	26.799334526207407	
04B:FFB	75	4091	1	2592.471850570422	34.8008068093416	26.682135685203015	
5AF:1FE	1455	510	1	1796.0155185054975	31.27100976602816	27.826346528456416	
187:003	391	3	1	2457.5019946742277	47.55925620287364	41.275323589045534	
00A:F7F	10	3967	1	4186.1672252154685	54.98283485356385	43.68420540513357	
1F7:FFB	503	4091	1	944.7436686672391	12.684649741672805	10.041832271490788	
007:21F	7	543	1	2559.640910559382	40.78625159011939	33.9754602448202	
026:23F	38	575	1	2817.207532784192	45.08848525919217	36.60250781292661	
AFF:7DF	2815	2015	1	1710.9441390628717	26.774904681711217	22.553021689928116	
017:03A	23	58	1	2062.48494695999	26.250143360263227	21.445460389836434	
367:1FD	871	509	1	2174.629881747517	37.528963728327206	33.256967926431635	
437:1DF	1079	479	1	2675.01635121723	43.5797585223122	38.25636503835988	
086:016	134	22	1	2617.889359142256	38.495755957084896	32.855313784576836	
0A9:7FE	169	2046	1	2095.954820704239	34.299936390317505	28.94416103179544	
067:0F7	103	247	1	2059.609111267664	30.090648756121993	26.07675504175485	
00D:003	13	3	1	4365.644347499394	84.48227133510045	73.07832848934667	
137:0EF	311	239	1	2388.289281108607	35.23694838123224	31.228550115004243	
15F:1FF	351	511	1	2492.6332401382597	43.454133060312294	36.85565172628195	
011:00F	17	15	1	5743.3070692231595	107.88985514562216	94.02892341686453	
8A7:0FE	2215	254	1	2359.766711061736	34.63951470469163	30.94113481216388	
8C7:074	2247	116	1	2162.432234723212	30.89945327828181	26.460169257492627	
813:03F	2067	63	1	2523.3949746318817	38.6967697780524	33.46292479713129	
083:FF9	131	4089	1	2173.78038551904	29.127485714534558	22.182671157104878	
006:7DF	6	2015	1	3347.117649111915	52.383160036047144	44.34454433173469	
167:07F	359	127	1	2034.0224784475836	31.849699438903805	27.032130607719434	
27F:0BF	639	191	1	2247.5168725988033	28.659166651523236	24.557311092054046	
8C6:0FC	2246	252	1	2043.3266253667703	29.232959066100882	23.582684022401775	
2FF:FBF	767	4031	1	1301.8938377515494	16.947337185030634	13.299180266438094	
48F:1FE	1167	510	1	2682.672695685164	46.743879980697365	41.62057659364146	
267:17E	615	382	1	2813.527651853893	46.03017411494897	36.02993613229059	
1E7:0DE	487	222	1	907.1995462170737	10.990967656221407	8.79675497962228	
37F:71B	895	1819	1	1614.4049585050323	24.033002227651192	19.972161440953524	
17F:0EF	383	239	1	1645.0421064555076	24.260141606355443	21.412723981256708	
167:0FC	359	252	1	1801.6043935206053	25.77048719581672	21.214884962074432	
127:0FF	295	255	1	2837.9943723587517	42.31216443798369	37.76108621908765	
00B:7F7	11	2039	1	4340.375693696387	70.99590047749204	60.9111660976539	
105:00B	261	11	1	3476.2152710684604	58.15167582282805	51.39705989626749	
0BF:1FD	191	509	1	1781.1532121063353	30.737944960533564	26.885344006098556	
077:0FB	119	251	1	1579.5502108495493	22.481331185180885	19.59271368463894	
214:FEF	532	4079	1	2753.3944311879663	36.77279235202228	29.30831114217291	
27B:7FD	635	2045	1	2899.897799996991	47.20736519323568	40.27940082223513	
2F3:5FF	755	1535	1	1440.2793298538486	18.85237675789314	15.588951379018752	
427:27D	1063	637	1	2703.8884581406714	45.93470032220666	38.510561306968995	
047:007	71	7	1	4251.055630298374	76.03438184195275	65.8623190412857	
804:007	2052	7	1	3020.124518504597	54.033270413771696	47.663832792374436	
063:1FF	99	511	1	2443.4257249468933	42.69140926080837	34.69514179177594	
201:03F	513	63	1	3519.5716110457506	53.97232299480737	46.60596596927226	
2FF:7FD	767	2045	1	1766.143625467311	28.789888842434618	24.470069368466763	
077:1ED	119	493	1	1845.0520397651603	31.009181620506244	26.727243675480924	
011:01F	17	31	1	5349.738458472183	93.86496220624002	80.21578932330674	
013:19F	19	415	1	3454.694447994832	49.08323803142116	40.52131315910179	
37F:0FF	895	255	1	1731.1289503182954	25.80975556723844	23.036709340185823	
27F:75B	639	1883	1	2623.108009400471	40.679058922745554	33.29748304602711	
007:0AF	7	175	1	1772.0138380946614	21.090707267029888	16.281535352421276	
002:7DD	2	2013	1	4321.429978384319	67.14578627002234	39.664647209124546	
0E3:7FC	227	2044	1	1554.1735500552093	25.30744743147937	21.287648929183806	
075:1FF	117	511	1	2006.0142253051224	35.0935597402845	30.65101354479874	
097:03F	151	63	1	2389.9996685831816	36.64380536171763	31.208823922869076	
00A:7DF	10	2015	1	5299.778618865318	82.94029630145116	70.05501250594041	
025:013	37	19	1	2726.7424053392365	38.82002035523895	30.872728271860684	
0AF:5DA	175	1498	1	1179.4671847083575	14.27338325418348	9.627709609189758	
4AE:17E	1198	382	1	2341.311591506259	38.35982787375998	33.41343329656327	
002:7FF	2	2047	1	6584.70482362112	107.98169149989708	92.84374897613158	
063:1FD	99	509	1	2579.359810507573	44.50650417230493	38.742264690501706	
3FF:FDF	1023	4063	1	1001.4559511340674	13.222613575516853	10.445210456726027	
093:0BF	147	191	1	2098.918756898574	26.64626902853477	22.51484678521616	
0F7:1F5	247	501	1	1457.6740240963284	25.046441256239348	21.842318250830182	
013:217	19	535	1	3871.2652971243924	62.1257659264118	50.83821693293304	
17F:FBB	383	4027	1	1292.6634849572565	16.754503167568604	13.20080027397502	
114:003	276	3	1	3785.5987432398924	73.26404299155479	63.716034964745155	
01F:1FE	31	510	1	2384.381527860344	41.540419803446085	36.646388930221654	
215:007	533	7	1	4059.0885301383846	72.61917894572609	63.93139603555753	
104:00B	260	11	1	3315.713086368226	55.42753756240932	46.63980064594581	
007:F7F	7	3967	1	2009.8751392036952	26.3981626284704	20.945965502075282	
0F7:F7F	247	3967	1	993.628712941223	13.047832620142872	10.145595344673042	
CFD:FFF	3325	4095	1	1153.460486663195	15.532358856083434	12.41210164845353	
8ED:7FE	2285	2046	1	2409.092838100962	39.432814984199005	33.79220448142155	
245:007	581	7	1	4042.537689671846	72.38054229066759	66.9430887976426	
40E:FF7	1038	4087	1	2076.4168977962986	27.921130074754835	22.35571297684772	
23D:7FD	573	2045	1	3188.7272998880208	51.8969665109896	44.325160498017404	
113:037	275	55	1	2385.998116296471	32.3406743649654	25.227904767981386	
257:01F	599	31	1	3718.1299431675297	66.20675657415433	58.66347684817527	
077:07A	119	122	1	1314.6169156972776	17.966827070494855	13.516117028065072	
1AD:7FE	429	2046	1	1513.776525168134	24.738535482523595	19.489554941800268	
446:0FE	1094	254	1	2401.315910666183	35.250331473965886	31.548729187671757	
177:1FF	375	511	1	2071.07847629327	36.16395246085695	31.929050794300938	
FFB:FDD	4091	4061	1	786.725029724765	10.358048926727228	8.22691505154728	
02F:1DA	47	474	1	2139.1206058184307	33.461306937831836	28.640262660278818	
0AF:0BF	175	191	1	1550.1620115590404	19.709040853012525	16.641032291886226	
E77:3FF	3703	1023	1	1505.8378500831325	28.880318595808372	25.11723918413363	
2C7:0FE	711	254	1	2058.2217029571	30.180449580941758	26.8036991604207	
37F:0DF	895	223	1	1402.1233565913276	17.505876998529843	15.109177947694052	
817:37F	2071	895	1	2963.7612929728452	54.27203006074687	46.1828573730922	
4AF:1BF	1199	447	1	2139.67351097884	32.76980960285111	28.292061265323056	
0E7:1DF	231	479	1	1508.4578723741522	24.548840541232476	21.156876534703322	
0E7:7F4	231	2036	1	1444.5036158775383	23.45781750573384	19.391687275532597	
213:05F	531	95	1	2985.943610706291	43.923695419786604	34.38064645559263	
402:FFD	1026	4093	1	1499.2508502317985	20.10460073210042	11.485593984544389	
062:0EC	98	236	1	2120.651399953642	30.036043883903517	25.93819570074695	
805:007	2053	7	1	3020.3077080913563	54.03696992048469	47.69075706622715	
0E7:0F9	231	249	1	1296.5299834188231	17.95033971608822	15.627735969935344	
045:007	69	7	1	4342.016566869581	77.66119011483582	67.26481254324631	
37F:7DF	895	2015	1	1677.68662219967	26.215079714631347	21.554294178990297	
8E7:17C	2279	380	1	2459.50439761489	39.76470563014122	34.52076240525154	
FFD:FFB	4093	4091	1	804.3691362518889	10.793904797796294	8.613212920374828	
08C:007	140	7	1	3123.0281231633767	55.861618167941415	48.56420688387775	
106:03F	262	63	1	3095.738870967286	47.47225627160259	40.95193265199024	
006:F7F	6	3967	1	2419.9386308572252	31.756895608997723	23.12570741698691	
02F:37E	47	894	1	2445.3913431634505	44.656951920016404	37.37440666951749	
24F:0FF	591	255	1	2944.0974487537437	43.84706876371883	35.968629282665	
27F:77D	639	1917	1	2776.714593820744	44.3480257511689	37.31669852351608	
037:07C	55	124	1	1690.1996952662305	23.80009585173737	20.344378098401005	
086:005	134	5	1	2199.076973019951	28.347152730058916	23.1746098296938	
007:01F	7	31	1	3048.7940732169272	54.18842939596775	48.16517458080094	
127:03B	295	59	1	2370.8608107767295	31.688695315435723	26.318405999200248	
0A7:1FF	167	511	1	2375.07398453466	41.51698798115636	36.381196658686385	
3FE:FF7	1022	4087	1	1028.3428262810985	13.84014113901382	10.992149100770964	
114:FFE	276	4094	1	2354.874501118075	31.710746059188956	24.631728781818158	
A07:00F	2567	15	1	2539.3597682517766	47.74039593427245	43.620650633463924	
107:02F	263	47	1	2681.8281986536567	36.314052377540094	30.77143122701186	
226:017	550	23	1	3453.5408217348568	55.546019496631494	46.85874948313901	
057:00F	87	15	1	3522.4653156995964	66.2061857921707	59.59868033193555	
0AE:3FE	174	1022	1	2344.2997183895263	44.37308906887647	37.907514946080845	
04E:FFF	78	4095	1	2516.82814810372	33.92869405160031	26.664045857642844	
2E7:17E	743	382	1	1957.979942913164	32.075516398941694	27.704264523747415	
00C:007	12	7	1	4896.579712807114	87.2423222403883	76.68999499541206	
003:03B	3	59	1	3593.1128948944424	48.040492352064696	41.04678869199026	
7FB:FFF	2043	4095	1	846.7064882304298	11.406879326182914	8.777248803670036	
1DF:7FE	479	2046	1	1340.1600102570108	21.925139615281406	18.662521164870316	
013:007	19	7	1	4600.108768099837	82.28819296887079	71.87652103253973	
085:00F	133	15	1	3602.8939538659674	67.73088398082548	61.66542088336484	
024:23F	36	575	1	3116.1243381146132	49.85208614341237	39.187038620698935	
137:1FB	311	507	1	2608.1774167666285	44.18084276550049	36.99374476349395	
002:F7D	2	3965	1	4861.001730336471	63.734837557280066	50.556125632923994	
813:13F	2067	319	1	2389.130788916001	35.47342192223019	29.983271237628465	
093:197	147	407	1	1597.873877271308	22.66115214783679	12.984515065051212	
202:01F	514	31	1	4187.1358322437445	74.55763169854215	66.0368378359406	
034:FFF	52	4095	1	1663.8626557408127	22.428576379904573	17.513508598772347	
144:003	324	3	1	3169.637361322423	61.34228451996724	53.30452316913409	
042:FDF	66	4063	1	2949.8330295160695	38.95134189238562	30.191282113923332	
106:203	262	515	1	2880.81663165106	46.07407130666211	35.348644808336665	
0AE:1B6	174	438	1	1850.9185571652702	27.965746006233065	23.63547268543338	
117:11F	279	287	1	2685.94436327551	38.35512144570408	32.00899634073475	
012:11F	18	287	1	997.2643902220428	14.224353651044733	2.92409258887817	
001:02F	1	47	1	10368.04083899476	140.19813626212394	104.48503343883397	
07F:DFF	127	3583	1	920.0897477552523	10.230227229489188	7.5290006626771175	
0B7:0FE	183	254	1	1695.5094588857557	24.827608611826943	21.805051791035797	
187:00D	391	13	1	1698.0044196896708	22.91175390305709	19.732150904441706	
226:01F	550	31	1	4011.9155120403707	71.43801968560939	63.29759953709945	
013:23D	19	573	1	3794.491723633152	60.54524420374325	48.82489861576961	
179:3EB	377	1003	1	2076.2285876362653	37.94522802130626	32.45287100272195	
017:03E	23	62	1	2433.901218784703	35.31488245643338	29.83866304729812	
7FF:F6F	2047	3951	1	826.669112878318	10.763584065061472	8.411530195178504	
01A:FF5	26	4085	1	2244.911041980033	30.163480996719976	23.45516584651262	
57F:1FF	1407	511	1	1877.2831636922147	32.84599036364689	28.595856660137795	
16F:1FB	367	507	1	2078.383724781595	35.237915641744834	29.387400566271864	
04A:FFD	74	4093	1	2775.662976680585	37.355518546317334	29.55957168692802	
277:1FF	631	511	1	2731.622251437784	47.718848413545935	35.439661283514816	
0AE:1FF	174	511	1	2316.97372255414	40.52929366643404	37.0896021411953	
01F:0BF	31	191	1	1679.1605473718835	21.397334911158215	18.16690860047473	
355:7FF	853	2047	1	2038.537883180058	33.36659613482661	28.280726547771295	
077:F9F	119	3999	1	1235.4902054916345	15.74408019957739	11.974737720486676	
083:7FE	131	2046	1	2937.9251072101497	48.07863316494031	40.57133922184113	
02A:FEC	42	4076	1	2132.76099035752	28.42949110495904	22.007570684848066	
097:16F	151	367	1	2432.092969204913	39.939978873908224	32.260789278754096	
06F:3FE	111	1022	1	2285.665275803406	43.276701142424095	36.95164410817467	
0D7:17F	215	383	1	1762.806778764869	29.317237231791005	25.163431821130235	
244:007	580	7	1	3856.8287514021986	69.0010850029107	60.77067435879672	
137:FF6	311	4086	1	1885.9802268940507	25.35630093086101	19.416694849507284	
413:01F	1043	31	1	3025.297352484284	53.87189024824586	47.848560387407026	
1FB:FEF	507	4079	1	886.116456765496	11.843540470330783	9.229093064116272	
02A:FEF	42	4079	1	1971.1891904608176	26.32587514845242	18.768490371934167	
677:7FF	1655	2047	1	1454.0960983427747	23.76048441871689	17.646348820296367	
237:07F	567	127	1	3399.838997722613	53.3099064632766	46.60626124275653	
047:0FB	71	251	1	3497.008593000644	49.67790545939733	44.47696997926026	
146:007	326	7	1	2786.0834229938864	49.802023642827415	41.46462233443246	
101:03F	257	63	1	3134.5935026503803	48.06657289519407	41.36599363177941	
0E7:076	231	118	1	1368.9770860876172	20.550859286732432	17.424490537460084	
867:0FC	2151	252	1	2343.6387335502473	33.568837631209654	29.84611933135435	
937:FF7	2359	4087	1	1764.1834047571901	23.698826243022893	18.71051185825016	
837:1BF	2103	447	1	2483.959961559817	38.041376284989084	32.75852937931205	
027:007	39	7	1	3200.9336491298914	57.15974093418334	49.62416852024844	
1BF:FFF	447	4095	1	1115.2424591535068	15.0319263393943	11.8174179051921	
8AF:1FD	2223	509	1	1891.996819360636	32.535618991479936	19.720511321668585	
046:FF7	70	4087	1	2871.6619333488247	38.64983299998693	29.884968712075676	
087:107	135	263	1	2546.43210689159	37.50273884309787	31.077819860693104	
127:07F	295	127	1	2923.55207846107	45.84112184585103	40.04178154817322	
625:007	1573	7	1	1698.2175730510783	30.31388050410973	22.86910608522325	
202:FDD	514	4061	1	2208.7858524185094	29.01809297623904	18.250702397698674	
00A:6FF	10	1791	1	4221.963663984413	57.92775342408105	44.38941282715754	
0B7:FFE	183	4094	1	1376.3501429602481	18.533577815721724	14.369623290297	
847:0F5	2119	245	1	2344.1791543925888	33.457719679524395	29.607557091192813	
0A7:0FB	167	251	1	1924.3267550576081	27.350643904240176	23.873095868528655	
F7F:FFE	3967	4094	1	869.5319103571226	11.70045947115916	9.200334381818937	
146:1FE	326	510	1	2180.5572923359623	37.743026057544476	25.153216526642883	
566:0EE	1382	238	1	1648.6457463873612	24.100270608156904	21.397682008017018	
107:103	263	259	1	2600.9016461044516	37.560889668467276	28.585490543555434	
CFF:FFF	3327	4095	1	1135.1298220836	15.283578734089161	12.023062819120133	
24D:007	589	7	1	2292.920402257037	40.76521474054959	21.51862820678752	
0AF:5FE	175	1534	1	1540.7692923081795	20.116805152758776	16.47481128237053	
0E3:0FC	227	252	1	1373.0443411636395	19.618198665803376	16.596377860590305	
40A:FDF	1034	4063	1	2002.7185600299736	26.415682718381806	20.720082907516385	
04E:1EE	78	494	1	1731.6015390752943	29.104794194514497	12.439261361636866	
0A7:7EE	167	2030	1	2083.156818853387	33.45740838163892	28.016511335198025	
107:23F	263	575	1	3095.7589931048674	49.55800314871448	40.94481815222173	
22F:07F	559	127	1	3451.315959679421	54.117282683214604	47.32560364837323	
073:07F	115	127	1	1801.7453712135402	28.15617638524638	23.932663051723903	
067:06E	103	110	1	1896.170759598294	26.38116165761209	22.03639817290976	
00B:7F5	11	2037	1	3003.806147941966	48.695530498021526	28.92558342896471	
08F:1FE	143	510	1	1365.550813407855	23.58190976387546	9.42954629500721	
02F:1D2	47	466	1	1531.7342677839308	23.76702036580714	14.575213253143158	
3ED:7FE	1005	2046	1	1423.6033542651198	23.277418527462103	19.82717873431454	
002:027	2	39	1	4094.1739859127874	43.88235957757808	35.91862340943861	
667:1FE	1639	510	1	1874.899837116753	32.6713140548578	29.22665426384475	
006:7FE	6	2046	1	3547.976319024404	58.07550869951221	49.834271412075175	
007:07F	7	127	1	732.9906556794624	11.380609154794008	2.735503397329006	
137:0DF	311	223	1	1889.3264543559737	23.578458597607344	19.524800809226615	
967:0FC	2407	252	1	1910.7515415518537	27.367402967398867	24.260623296990705	
002:05F	2	95	1	5848.963465159165	86.12505835273828	73.26990251811375	
037:FF7	55	4087	1	1442.8327806486063	19.41647498525109	14.813613089474755	
013:257	19	599	1	3983.826461600212	65.67562526644203	53.83137179072318	
37F:07F	895	127	1	1779.1375370421858	27.883091146338366	24.299294791423247	
167:0FA	359	250	1	1885.0189356208114	26.611314986832454	23.259571400620924	
507:02F	1287	47	1	35.84539195434203	0.48000344600241446	0.00887768494546791	
5FF:FFF	1535	4095	1	1020.7297808262857	13.751986750400103	10.670467994435311	
077:17F	119	383	1	1806.8092484519589	30.017216846575288	25.612172121295618	
08A:FED	138	4077	1	2051.128356176957	27.36184880544817	20.722576821716043	
2FF:FFF	767	4095	1	1318.4483984160097	17.762375563941976	13.629402956448176	
013:20F	19	527	1	3822.2757856742564	61.0091095906692	49.55156706608847	
00B:F7D	11	3965	1	3089.381766296927	40.489215126776884	30.809328669245676	
FEE:FFF	4078	4095	1	780.9925581156508	10.517840014634274	8.046389425528929	
207:00E	519	14	1	4093.9547583815656	71.0495436101888	63.63920356112449	
307:203	775	515	1	70.21754499696844	1.1098889337884632	0.028384609991684018	
0E7:0F3	231	243	1	1304.0967341602684	18.345734763521968	15.804182370240232	
D37:07F	3383	127	1	518.5830814923078	8.061043632400233	2.5438007565670877	
403:03B	1027	59	1	90.97047019707887	1.2031432532615036	0.04176454884243937	
9FF:FE9	2559	4073	1	1341.0524522871235	17.780094713895515	13.427094208141922	
206:005	518	5	1	2761.9711086767625	35.600442089070995	28.89546509350511	
35D:3FF	861	1023	1	2401.0463215571394	45.86994281328446	39.765421750052425	
0FF:FFF	255	4095	1	915.9145532251642	12.341616745547334	9.283555182194359	
015:013	21	19	1	2578.514303904007	36.47342791374403	26.275718090978152	
446:FFF	1094	4095	1	1875.7801313658804	25.249561496409314	19.156983695187638	
89F:1FE	2207	510	1	95.33151007389311	1.636626894489897	0.04897940937604379	
0C5:1FB	197	507	1	2095.8326834691065	35.60167732610439	30.898599153243257	
817:007	2071	7	1	621.0912050671869	10.97463789662825	1.9807992684758577	
014:007	20	7	1	4133.595806932822	73.78450586014927	62.79120326779627	
00D:01B	13	27	1	2486.181573831548	37.78700730312012	23.49586943478007	
04B:7BF	75	1983	1	3114.021980128159	47.75641556491107	38.51030357084389	
0F5:FFF	245	4095	1	987.2848835909698	13.30161430607195	9.879749363521519	
0AB:7FA	171	2042	1	2008.5869842653503	32.53064859254328	27.00397001531147	
137:03F	311	63	1	2355.1876103883246	36.0712114504104	30.289484814006286	
116:03F	278	63	1	2903.3593649889467	44.51169707436584	37.71283700397178	
106:11F	262	287	1	133.98034250163505	1.9064699631994926	0.07490950152773582	
1E7:2F6	487	758	1	1385.4171449711685	24.18897856078426	20.509593777297404	
066:0EF	102	239	1	428.045553996273	6.249520265244519	1.0948583029381678	
027:07B	39	123	1	2249.4724304824927	31.703191253357414	24.46540076155317	
917:03F	2327	63	1	2177.642630468629	33.384353976505075	28.19966501635989	
0C7:0FD	199	253	1	1739.4313208859674	25.062871408937895	21.484051484523942	
015:00B	21	11	1	73.8312044698981	1.21748744330502	0.021175950244496915	
013:053	19	83	1	97.26132352970183	1.1898033751093293	0.03151181807744025	
006:103	6	259	1	3006.4411665334856	43.77187667129604	35.75811085893563	
3FF:F7F	1023	3967	1	903.8448759691966	11.857001730385965	8.492902036952241	
23F:7FD	575	2045	1	2502.34003281846	40.653588416724425	27.533159170515994	
8F7:1FE	2295	510	1	275.2170742716529	4.730140281495642	0.45028320702960134	
133:0FF	307	255	1	2452.3736605629665	36.551409068991305	31.848492038317627	
8E3:2FE	2275	766	1	2620.540949533833	45.92887551646357	39.06207570766724	
005:EFF	5	3839	1	2863.1975584420006	36.487471291725356	25.31980805268583	
4EF:7FE	1263	2046	1	1901.5418645646446	31.0428929388354	25.715349167092985	
083:003	131	3	1	3509.4739264133723	67.89711168237744	57.85709782676157	
906:003	2310	3	1	2837.8065132662477	54.91561881251396	47.47570961106558	
297:07F	663	127	1	2431.501013200556	38.08208537506648	30.4686195275928	
051:00F	81	15	1	889.8423788703725	16.50940543680452	3.3590863412339247	
006:FCF	6	4047	1	2158.3980863844586	28.206456322756498	18.360489430487032	
187:3FE	391	1022	1	2364.6372645052725	44.71150315344238	38.11652330290132	
225:087	549	135	1	4.178921633573069	0.04148838007204493	6.753297102424421E-5	
20A:7DD	522	2013	1	3583.505494558374	55.73453341473435	48.63354984885275	
887:0F4	2183	244	1	18.853079184759896	0.263265367222965	0.0019110424200873193	
0AF:5FA	175	1530	1	1332.7768375342066	17.1859115498078	12.295790367271861	
12F:1FE	303	510	1	167.78290443549412	2.881364599784865	0.14190285748898224	
004:006	4	6	1	85.7185524776487	1.2263071582906664	0.017802250718608376	
24B:7BF	587	1983	1	12.639059172612113	0.1914806241731615	6.424244939773067E-4	
06F:0FD	111	253	1	1491.6898092445006	21.487283049827717	15.689631653068902	
77F:F7F	1919	3967	1	20.481472745804467	0.2662984247155717	0.004354590219202099	
035:07E	53	126	1	1053.9030970081708	15.976902959512708	7.084079600282903	
0C5:0FE	197	254	1	5.7933635849936564	0.08394796565650729	2.307791168815827E-4	
163:0FF	355	255	1	1894.4198134027924	28.19954051555004	22.95068972208773	
235:007	565	7	1	3691.085365550863	65.97510583296256	54.70112412001243	
187:03F	391	63	1	1734.1221443163408	26.555659457062056	20.514319356419964	
40B:FFD	1035	4093	1	1553.0168339307797	20.831208772342286	12.406546342055744	
03B:03F	59	63	1	1542.6114366001582	23.56524256535857	18.008938101422977	
04A:67F	74	1663	1	4.373034093011646	0.05795881910254408	7.184995871688959E-5	
22F:06F	559	111	1	2447.993398713547	34.653159158333345	23.69005679931989	
020:FFD	32	4093	1	1503.2174765031903	20.127019291986645	8.203191864708804	
816:03F	2070	63	1	17.756756359203454	0.26877460059728114	0.001616501489876519	
5DE:7FE	1502	2046	1	1265.4613513839563	20.653197927463157	15.455170173855821	
0A7:1EE	167	494	1	7.658721192934	0.12787418624434405	3.6813440008284505E-4	
1B7:FFE	439	4094	1	827.4620967713462	11.108526665226917	6.161471514832432	
817:00F	2071	15	1	3050.017935216045	57.276655212414106	48.90877900065243	
FBF:FF7	4031	4087	1	594.9943288185264	7.980730103756879	4.378176671273427	
001:0BE	1	190	1	7869.165273469442	98.90684613334079	60.008786302236565	
09B:0BF	155	191	1	13.067946502900362	0.16485189133015887	9.515187956083863E-4	
057:FFF	87	4095	1	1344.9192996433426	18.055364854895117	8.599066604385353	
547:0FC	1351	252	1	1355.1671736488304	19.363775113644273	13.938821587967515	
002:BD5	2	3029	1	2610.33843391642	30.929103095853446	14.47406829369319	
4AF:1DE	1199	478	1	1847.55624244224	29.54287799822915	20.987450923413963	
063:0EA	99	234	1	788.1215434680397	10.926009215190215	3.5673807254265775	
237:FFF	567	4095	1	14.446511472243209	0.1927249844732263	8.225816790148154E-4	
467:0EA	1127	234	1	1669.984152911234	23.266850020942236	15.450022574728688	
006:00E	6	14	1	50.88033566059566	0.8697078375982965	0.009951417571700608	
003:F7F	3	3967	1	1940.9096704169078	25.38387603909499	11.857112975032678	
002:F9F	2	3999	1	2673.7912215453225	33.93733579443217	15.164449936446958	
0EF:1FE	239	510	1	1285.53102140649	22.320683803301005	16.236304111528387	
BE5:3FF	3045	1023	1	1500.5975496015808	28.69731150988644	21.23980218979986	
BEE:FFF	3054	4095	1	552.9337998137472	7.412424740078031	2.8827315127201363	
0AF:9FF	175	2559	1	389.3087345597569	4.021678352066453	1.0411223635562583	
2AE:1FF	686	511	1	2251.492892857447	39.30506307036063	27.67623576395519	
013:047	19	71	1	1183.6748462115293	13.22148808551117	4.712269458084706	
FDF:FEF	4063	4079	1	404.342191926369	5.376357157947411	2.1252105570519837	
186:003	390	3	1	906.4521657774363	17.35754083003847	5.4894136980698365	
437:1BF	1079	447	1	1746.4065235203532	26.642559702115285	16.175614814248497	
022:05F	34	95	1	8.84146274687637	0.12858747309826563	2.942221200481472E-4	
4AF:3DA	1199	986	1	34.456718657029505	0.6032346378087351	0.007115720704124615	
087:00E	135	14	1	696.0969802909859	11.934893831821798	2.269895010681165	
02B:FD5	43	4053	1	1067.084530085554	13.968336858827225	5.597405172291151	
047:EFF	71	3839	1	1220.2396580998957	15.481896182877385	5.362869011924103	
008:7DD	8	2013	1	25.649808166118426	0.3949473156812461	0.0011813118989718895	
056:0FE	86	254	1	1641.0817727967485	23.938046845694522	12.628561371118636	
104:007	260	7	1	2704.1303577152025	48.171002879309164	30.78727592555901	
26F:3FE	623	1022	1	33.451591625494075	0.6237060750266187	0.005047753939877962	
4AF:1F6	1199	502	1	1794.120013845602	30.987035125275973	19.725774389132177	
0AF:5DC	175	1500	1	655.7704333464537	7.960551417908908	2.954173917096254	
DFF:FFF	3583	4095	1	448.30580225411313	6.0084567303832745	2.2072830635266336	
227:06D	551	109	1	4.984887807469538	0.06662418793184774	9.563362287136703E-5	
097:4FD	151	1277	1	1.3543755707052147	0.013019734815215737	9.875809961941899E-6	
0A7:2EE	167	750	1	1380.3720589534994	23.632310043894037	12.152617832777459	
265:1FE	613	510	1	2302.6982947914908	39.92026366966147	23.870845617202896	
001:03E	1	62	1	6341.268773032399	91.65153593247693	38.70257993957252	
077:DFF	119	3583	1	224.04015909743143	2.475158838147849	0.38885107543253455	
04B:EFB	75	3835	1	2.4575568991281522	0.030919415003490294	2.35266490572268E-5	
106:23F	262	575	1	11.320055261136146	0.1788653508608051	5.327433397656414E-4	
8BF:1DE	2239	478	1	8.43102501690383	0.13331052111676167	3.869192164981743E-4	
0FF:7FD	255	2045	1	5.7609834684434595	0.09274022015379868	3.5800939427918586E-4	
427:1FB	1063	507	1	1278.2120985773665	21.572571599056918	8.477577031636663	
002:FB5	2	4021	1	1403.8966505353062	18.094098844819158	4.156264539652475	
02F:1DB	47	475	1	9.666454214767123	0.14994392417497804	5.69519607655302E-4	
8A7:0FC	2215	252	1	773.9231204792497	10.992362535657044	3.2724313855610294	
067:1FB	103	507	1	976.31610491045	16.462868663157927	5.7647456727909585	
1C7:10F	455	271	1	415.4115465500438	5.94842997644035	1.5957876753532014	
506:002	1286	2	1	5.023163025504912	0.07820721209084855	1.733525046027272E-4	
056:FEF	86	4079	1	5.5276667990696495	0.0731314565992455	1.4173201852594019E-4	
00A:6BF	10	1727	1	1.3674686840018666	0.017488356628354535	4.567970945729638E-6	
0F7:1FB	247	507	1	547.1652184560634	9.223285963841008	3.0238394306449483	
2E6:1FE	742	510	1	799.1331066935036	13.788486213115581	4.517988658427707	
8B7:1FF	2231	511	1	1405.5685906373878	24.42725945001407	10.86747529755161	
037:01F	55	31	1	828.2773487456243	14.601391868878919	4.794960486898303	
023:FFD	35	4093	1	634.8551990638957	8.474940115331192	1.5572239091426494	
20E:007	526	7	1	1607.85491332481	28.49098774044172	9.700680288072022	
007:7EF	7	2031	1	106.71669139054274	1.695219314847159	0.057568826469523826	
0A6:0EA	166	234	1	491.27929878872726	6.801883248682182	1.5248044090941324	
1AC:1FE	428	510	1	5.7849413305575235	0.09926824969787172	2.7537178967729757E-4	
215:017	533	23	1	894.7866757999399	14.247612320884079	3.042558960875497	
08F:5FE	143	1534	1	1.9714103079918366	0.025476415746415928	1.957504708622076E-5	
17F:0FB	383	251	1	343.21728425243936	4.84391421910791	0.9143926024939769	
08B:7F7	139	2039	1	4.813096979473161	0.07764370445469726	1.1123891193758549E-4	
073:05F	115	95	1	3.429335218664406	0.04987475647016771	8.490388898459289E-5	
023:1FF	35	511	1	1022.4683928959137	17.702569145483423	4.019036943646498	
156:003	342	3	1	803.421981715741	15.36010929091276	3.57340934654764	
FEF:7FC	4079	2044	1	217.3287844685283	3.501803676567309	0.6112374861435457	
0F7:1FC	247	508	1	5.247920044727086	0.08845411912607276	2.7520800518955743E-4	
017:047	23	71	1	1.541708996928948	0.017152731456084928	1.1792007308737183E-5	
3ED:7EF	1005	2031	1	241.57746277125173	3.84418978341093	0.5587938277007943	
0A6:2EF	166	751	1	1.525146412115164	0.02596903218071442	1.4521954475488892E-5	
0A7:06E	167	110	1	314.285413356152	4.347362997270331	0.6259915342244782	
3DD:FBF	989	4031	1	1.5685288032991747	0.020219329658973557	2.2738469447425687E-5	
105:03B	261	59	1	372.90860629524644	4.93734535692575	0.580010565450017	
306:003	774	3	1	527.3533878015221	10.067920266047132	1.5966830241592016	
FEB:FFB	4075	4091	1	103.62119097759779	1.3786854451854362	0.13899648444341137	
18F:6FE	399	1790	1	265.66819324403843	3.6080577362018436	0.4874117120100999	
217:07B	535	123	1	2.485062373307929	0.03469821863128728	2.345010566302884E-5	
09F:7FE	159	2046	1	1.623362182431855	0.02620548710637979	1.51407553444522E-5	
3FD:FFD	1021	4093	1	148.63429255196544	1.9823124148951947	0.22489715868178006	
027:00F	39	15	1	537.4360724159319	9.958890572685394	1.363635747466456	
BFF:7DF	3071	2015	1	1.4137210118540533	0.021836912298854008	1.883030748402152E-5	
117:003	279	3	1	65.98719208225013	1.25635525270504	0.018868175306883162	
183:003	387	3	1	2.023189066071301	0.038509794998512724	2.6711902967375454E-5	
0A6:0EC	166	236	1	266.3318342472143	3.7402797047856637	0.44682832700982794	
05B:FDF	91	4063	1	215.86310887886265	2.8248788869045005	0.2522021867765736	
845:007	2117	7	1	493.20099655362924	8.709597569264078	1.275148579649807	
2DF:FFF	735	4095	1	120.49625349096607	1.6086827459984927	0.096818090985275	
09F:1FF	159	511	1	1.4746563241474333	0.02543210118976469	1.2465948784741895E-5	
3FE:7FF	1022	2047	1	2.5117799193930193	0.040620360900358365	6.386217258265838E-5	
197:00F	407	15	1	306.26720332417136	5.673285904612088	0.670763177750977	
057:0FF	87	255	1	2.5705582602000883	0.03782361705240099	3.0931198951975045E-5	
002:FCD	2	4045	1	205.5873423527182	2.660617051672856	0.08866743276849184	
817:1FE	2071	510	1	1.3561877477001476	0.023270923650435274	9.393314252510305E-6	
297:06F	663	111	1	1.1319558641393805	0.015870639814261765	6.460355853963753E-6	
002:FE7	2	4071	1	1.6874354986039881	0.022283183685343936	5.965118710145635E-6	
466:0FE	1126	254	1	254.16121191618936	3.6878233893971917	0.351664849773246	
005:103	5	259	1	2.046592459542182	0.02944807239369949	1.2666584048914338E-5	

