BMLVN	12	x2
metabolism	0.9970000
mutations	0.0000100
catastrofic	0.0000100
minWeight	0.1
start biomas	2.0	_
env.size	25000.0
feedSourceH	0FF
0C7
0B5
023
011
feed port max	50000.0
timeQuant	0.01

key	suscepBits	activeBits	maxsize	popBiomas	currincome	currloss
FFF:000	4095	0	1	17242.456256900645	136.46185302734375	197.7744936307713	
0FF:000	255	0	1	8761.672662993558	430.7909240722656	205.3334445440763	
00F:000	15	0	1	25000.0	98.46147918701172	5.499975800895187	
777:000	1911	0	1	16574.261761880483	443.57818603515625	217.78577805198898	
555:000	1365	0	1	15414.1503603942	367.6331787109375	219.43727826798954	
0FF:0FF	255	255	1	885.6969199102112	4.240280522924515	2.1888585165226555	
0FF:1FF	255	511	1	878.6620696437681	4.085911248469324	2.1602989120276583	
0FF:0F7	255	247	1	820.8209012613828	3.7537705728067126	1.8810500026316102	
0DF:0FF	223	255	1	1011.7514989717752	4.841918335970243	2.4873285335923283	
0FF:0FE	255	254	1	875.839428784655	4.170313088776853	2.1405650578797615	
0FF:8FF	255	2303	1	759.0576545688074	3.6900227279512396	1.6137231724427707	
8FF:0FF	2303	255	1	3525.7183743856767	16.83403009576725	6.149955125580957	
0FF:0DF	255	223	1	650.8579317653072	2.584307894110114	1.1845472931217247	
0FF:0EF	255	239	1	753.926490772813	3.2811802211400436	1.5878623949557973	
07F:0FF	127	255	1	1864.420244344865	8.897251828530177	4.499887336339317	
0FB:0FF	251	255	1	896.5976384558194	4.292347571748537	2.211011364371937	
0FE:0FF	254	255	1	886.9712452436735	4.246371148363489	2.1873819885739625	
0FF:4FF	255	1279	1	1882.7999125624756	14.244611689287602	9.920748464570412	
1FF:0FF	511	255	1	1245.7586553911117	5.963770907604979	2.9716603267381205	
0EF:0FF	239	255	1	939.8310289579417	4.498774190306559	2.317811173098868	
0FF:0BF	255	191	1	464.02241555608254	1.5181516324814124	0.6030655397257699	
4FF:0FF	1279	255	1	1792.520188655326	8.58692680899759	4.663680488451477	
0FD:0FF	253	255	1	890.5334113287254	4.263379635071093	2.196179593639155	
0FF:0FB	255	251	1	851.7957288446064	3.9904014173256623	2.0250883727882805	
0FF:07F	255	127	1	825.452734485303	3.9322822736399208	1.9058744307384237	
0BF:0FF	191	255	1	1207.7320911098939	5.776002502091303	2.9664120059856645	
0BF:1FF	191	511	1	1200.177010983863	5.578023667340677	2.9407020875805383	
0FF:1FB	255	507	1	849.4130506919053	3.871446862764084	2.0191961484328207	
0FF:0FD	255	253	1	867.642176213535	4.107740091805319	2.100842361498563	
2FF:1FF	767	511	1	2116.4248937437205	9.826591900200224	4.5483213265304725	
0FF:3FF	255	1023	1	1064.0239301328847	6.0171645939502865	3.167978208836002	
07F:1FF	127	511	1	1853.196705381556	8.603405920029406	4.472793840542901	
2FF:0FF	767	255	1	2120.3115085364575	10.123676606798396	4.538287484705088	
0FF:5FF	255	1535	1	2450.1134976941453	22.43807644938162	16.79672400883166	
0FF:2FF	255	767	1	916.8016721834596	4.9362237701361655	2.3507600330610443	
0F7:1FF	247	511	1	903.3894763403977	4.2007575079358945	2.219568533051727	
07F:0FE	127	254	1	1846.4532793218764	8.764508759710184	4.414683843948127	
0FF:1F7	255	503	1	831.4092013911066	3.7360559390924246	1.9347660555953197	
4FF:1FF	1279	511	1	1781.538719930545	8.29652088896262	4.626093865433214	
0FF:1FD	255	509	1	866.1945950925377	3.993432050913602	2.0995857296843043	
0FF:1DF	255	479	1	709.3853653468176	2.90731585849201	1.4095368828059514	
0DF:4FF	223	1279	1	2157.3728502357776	16.318192425361573	11.34778662890504	
1FF:1FF	511	511	1	1238.4847218860832	5.73587160387128	2.9226507180679473	
0DF:1FF	223	511	1	1004.8840173021312	4.6719315233606515	2.4615279770794842	
8FF:1FF	2303	511	1	3534.1179696980776	16.444666812557454	6.259158473651211	
0FF:1EF	255	495	1	755.6383265048011	3.220753900666751	1.598737831021829	
2DF:0FF	735	255	1	2539.9110785286457	12.117948531078246	5.357869947260535	
1FF:0FB	511	251	1	1194.6336964469106	5.596248799378402	2.7335839193932436	
0FE:1FF	254	511	1	880.9181401252006	4.096386023398503	2.163723154108523	
0FF:17F	255	383	1	519.5316081369336	1.6750916785819596	0.7574255532709633	
0DE:0FF	222	255	1	1009.4924627394205	4.831162899669524	2.4663235130792764	
0FF:9FF	255	2559	1	762.5929106019377	3.680280502974398	1.6297237612505293	
0DD:0FF	221	255	1	1017.2318418360821	4.868082315238258	2.492964627074832	
0FB:1FF	251	511	1	890.2367855878941	4.1396654884369175	2.1859616289560466	
1FE:0FF	510	255	1	1248.6007361941276	5.977373424406549	2.9733833676982706	
0EF:1FF	239	511	1	933.1807204974	4.339091838894401	2.2919100593032145	
0FF:0FC	255	252	1	859.0351099643962	4.044709882780116	2.0595176026670643	
0EF:8FF	239	2303	1	805.752506086176	3.916963476146207	1.7105256257986459	
0FF:0D7	255	215	1	568.4222110240485	2.136075366668324	0.9039227075241842	
0DF:2FF	223	767	1	1047.501878144092	5.63921190795183	2.673730495817368	
0B7:0FF	183	255	1	1247.943861532954	5.96773600813918	3.0482015698833758	
1FD:0FF	509	255	1	1249.4044961680206	5.981241691960526	2.964553429511549	
0DF:8FF	223	2303	1	866.609202629361	4.21370576553159	1.8339879893249615	
0FD:1FF	253	511	1	880.8529894026171	4.096064629951162	2.1547635850012843	
07E:0FF	126	255	1	1839.4248311242586	8.779292474353213	4.349931124244528	
CFF:0FF	3327	255	1	3469.657599414637	16.64755377066142	7.131712248597232	
07F:4FF	127	1279	1	4006.0708908166666	30.352902780652546	21.01555425520222	
0FE:0F7	254	247	1	820.3242587515343	3.7515100260187597	1.8721206254307607	
0FF:0E7	255	231	1	683.676407858163	2.829282559366669	1.3064407036435879	
17F:0FF	383	255	1	2458.8714781688063	11.762482693790727	5.868322523244535	
07F:0FD	127	253	1	1803.6385736982868	8.514345101842475	4.213737039536092	
4FF:0EF	1279	239	1	1165.5398978854696	5.075677745305481	1.9729401309135042	
0BF:0FD	191	253	1	1177.1917459859067	5.567903152849637	2.8189987830994743	
09F:0FF	159	255	1	1428.1527167543497	6.825874574258144	3.4633867007038948	
0DF:0FE	223	254	1	996.1856311041113	4.741653488077534	2.4116120351797665	
0FE:4FF	254	1279	1	1888.0200776963393	14.284013510355106	9.94050667336581	
1FB:0FF	507	255	1	1253.3523855508386	6.000164069812382	2.960493968931912	
03F:0FF	63	255	1	3807.8950195160396	18.05578982820509	8.432827882708812	
4FF:0F7	1279	247	1	1633.4619087977173	7.4743079610286545	3.8744204254753556	
8FF:8FF	2303	2303	1	2566.010745809748	12.196487730819882	3.025234456814928	
8FF:0F7	2303	247	1	2802.8178781728802	12.79790551260358	3.8967251574194677	
0FF:0F3	255	243	1	735.2322088332371	3.288267785792498	1.509624143739024	
0FB:07F	251	127	1	549.7210942873559	2.6184046799293887	0.8326202786149233	
0FE:8FF	254	2303	1	753.7022835562645	3.6639201781622615	1.585353732522449	
1FF:0F7	511	247	1	1132.0552933456863	5.177075039173729	2.455473584645739	
1FF:0DF	511	223	1	836.7093902750134	3.3224142901266203	1.3435197540312083	
0EF:0F7	239	247	1	855.1051793008262	3.910265828416838	1.9199849457328793	
0FE:0FD	254	253	1	863.7158961442492	4.089206325834737	2.0744963859145735	
0FE:0FB	254	251	1	838.6444444608192	3.9289470437076868	1.9560862234539562	
0FF:0BB	255	187	1	18.58584248516946	0.059170628722575176	9.671073704172402E-4	
2FF:4FF	767	1279	1	4980.20853128589	37.727656611048964	25.324648425339035	
8F7:0FF	2295	255	1	3193.8798253534487	15.261818951046253	4.78385492150236	
077:0FF	119	255	1	1934.3832407634593	9.23020990763256	4.572374058003874	
4FF:0DF	1279	223	1	1073.3001552604694	4.263471650548891	1.6744242830327745	
8BF:0FF	2239	255	1	5511.240728460999	26.427399073254552	8.028676114390509	
07F:0DF	127	223	1	1242.736998741157	4.931036306315126	2.0125000141908522	
0DF:0FD	223	253	1	956.9976190717338	4.5296527245673195	2.225867096717274	
8FF:0EF	2303	239	1	1210.6238810034934	5.268260525019476	0.7302554636293748	
0BF:0DF	191	223	1	829.9067327979391	3.294320182610178	1.405402677743723	
0F7:3FF	247	1023	1	1076.7069867177902	6.088631124083381	3.1528481774975736	
0DF:0F7	223	247	1	928.9102684257253	4.246884978042531	2.0981987171743066	
0FE:0DF	254	223	1	568.3930414610173	2.257153146249583	0.9001579919509913	
0FF:0F9	255	249	1	759.6361584877264	3.5192497534476836	1.6108230452559895	
0FF:077	255	119	1	223.46426131053178	0.744908918078709	0.13985226095607997	
0FF:8FE	255	2302	1	748.7773617412192	3.6359702807016414	1.5702504631554426	
07F:0FB	127	251	1	1752.3510736962514	8.18758277778515	3.979605771757694	
0FF:CFF	255	3327	1	1665.751630135512	12.299825274381412	7.775446788380428	
8FF:0DF	2303	223	1	1115.9858605076208	4.4321880734307735	0.6234621762221437	
0BF:0FE	191	254	1	1172.3428184230934	5.576949674153124	2.795567649521498	
07F:0EF	127	239	1	1456.4788980647922	6.329803587669578	2.757091877796538	
0FB:8FF	251	2303	1	756.5910498646709	3.6779126559156214	1.5803289529329798	
0FF:6FF	255	1791	1	2352.122334923952	21.33344343750279	15.4806907821963	
4FF:0FE	1279	254	1	1724.8160677322874	8.217972537843242	4.318121240040498	
0EF:0FE	239	254	1	920.1347103386602	4.380717850301063	2.2218681285626922	
4FF:8FF	1279	2303	1	1430.3750080932086	6.95466067305713	2.9778217799782842	
0FD:0FB	253	251	1	839.557331055306	3.933214887831843	1.9525214745517165	
0BF:8FF	191	2303	1	978.6246882093131	4.757818026293615	1.959503000902833	
0FF:2DF	255	735	1	650.7040430117431	3.1073650980008423	1.1847756845594462	
0EB:0FF	235	255	1	924.0252240947916	4.423377454387793	2.2065684078556926	
07F:0F7	127	247	1	1454.816828173169	6.643474131421569	2.7473483981780062	
0FF:4BF	255	1215	1	1402.5589256917042	9.663159833514381	5.504539148085583	
0FF:0DE	255	222	1	536.0126709744923	2.1160304836109156	0.8033909980325292	
0ED:0FF	237	255	1	924.0863871232857	4.423646790605864	2.222934000256996	
0EF:4FF	239	1279	1	1952.2702034855943	14.768115412386791	10.030755223669075	
0FE:0BF	254	191	1	172.10481485659486	0.5630025206191276	0.08263644867555982	
0D9:0FF	217	255	1	659.686670037809	3.1597657244303585	1.031435848051452	
0FF:1DB	255	475	1	515.2629735205328	2.067764418274215	0.7433314651198334	
0E7:0FF	231	255	1	942.4038981944701	4.511126180224892	2.257735120447524	
17F:1FF	383	511	1	2280.8291374166292	10.475258705906995	4.940282146609787	
27F:0FF	639	255	1	7038.411765629351	33.740348328133535	8.135039929268835	
0EF:0EF	239	239	1	700.5846264303445	3.048693511036578	1.2888787630667218	
07F:8FF	127	2303	1	1403.1067969981589	6.820402464825169	2.574431233689199	
0BF:4FF	191	1279	1	2554.234446820261	19.312561186983917	13.322415920673734	
07D:0FF	125	255	1	1851.2641707245705	8.835522468996347	4.370125325289329	
2FF:8FF	767	2303	1	1154.7038989118998	5.609254770277079	1.358172708585294	
8FF:07F	2303	127	1	1849.2879947637662	8.807485804645777	1.7105376443838045	
0FE:0FE	254	254	1	804.0814084581054	3.8293552913494824	1.7977390470664987	
4FF:0FB	1279	251	1	1286.374055963482	6.0312048415880515	2.401539929903979	
0FB:0FB	251	251	1	793.1896772908214	3.7162066980306583	1.7306870567770642	
0FD:8FF	253	2303	1	682.5426487963956	3.317438964550459	1.2944865166145236	
0FB:4FF	251	1279	1	1883.4388082467215	14.248721392026201	9.784827525669607	
05F:4FF	95	1279	1	4239.147079984649	32.08422394669206	17.62950589761578	
0FB:2FF	251	767	1	512.8532244665314	2.7597079434558816	0.7240302434980153	
0DF:0EF	223	239	1	778.9869936616274	3.3900970811205	1.4766383688238744	
0FF:07E	255	126	1	562.8065518228651	2.5830320339619712	0.8856706947272128	
8FD:0FF	2301	255	1	2837.946284539518	13.567956211074625	3.9558681801957656	
0F9:0FF	249	255	1	846.3378309865973	4.052349746285911	1.9550789818770613	
8FB:0FF	2299	255	1	2129.5426748471577	10.190828010433846	2.2170825317596483	
0FF:47F	255	1151	1	1345.9767393444802	10.02645047289627	5.066854811869539	
1BF:0FF	447	255	1	1590.4819850466627	7.611883307161795	3.5246224040623835	
0FB:0FE	251	254	1	796.9021228125843	3.7953049487796844	1.7468126153500543	
2FB:1FF	763	511	1	1829.2784553211275	8.496487756487642	3.326327057492005	
0DF:07F	223	127	1	843.8556913748644	4.020458289964984	1.7360151912541135	
07F:0BF	127	191	1	98.84891600682575	0.3232813334383364	0.012771964802512586	
0BF:0EF	191	239	1	725.5909391500019	3.1579736504513236	1.0730701142538206	
0BD:1FF	189	511	1	758.9436947831473	3.528043809704197	1.1635390120815399	
0FF:4FD	255	1277	1	1711.7325702094229	12.927078146450096	8.19404517788757	
2FF:3FF	767	1023	1	1612.8693089080296	9.065891806523107	2.5978707156250853	
0FF:87F	255	2175	1	311.4763373595479	1.3467140964700948	0.2714661371347398	
0EF:1FB	239	507	1	727.7121283964074	3.316516970074643	1.393391807762409	
0AF:0FF	175	255	1	570.3602109469385	2.7318833899586243	0.6059085924512773	
07E:1FF	126	511	1	1375.6771660584686	6.391013856008118	2.4480941269617005	
0FD:0EF	253	239	1	475.1089644319078	2.0685606237799674	0.6258121261064974	
1FF:3FF	511	1023	1	1324.5108222574722	7.47441665715323	3.353379322206559	
0FD:0F7	253	247	1	348.19278145035855	1.5932279797985556	0.33594362763487917	
87F:1FF	2175	511	1	1041.200477811827	4.83757788633951	0.27839165376129377	
1FD:1FF	509	511	1	466.3477880006042	2.1664509815488984	0.41244013263073454	
4DF:8FF	1247	2303	1	425.83515905550126	2.067346658495869	0.2422454546792139	
2FF:0FB	767	251	1	679.4691314345888	3.183860604583039	0.46834234460513924	
0BF:0FB	191	251	1	941.8167366825768	4.41111956517447	1.8054536087412836	
8FE:1FF	2302	511	1	1209.4662992627186	5.62123769674171	0.7273721226335719	
2FF:0EF	767	239	1	803.0754958818378	3.4948487771818453	0.6545533938935707	
0DF:1FB	223	507	1	229.07733398323361	1.0433996824448226	0.12774695508842487	
1FF:8FF	511	2303	1	723.1988904861036	3.5138589366756485	1.0045545748408309	
3FF:0FF	1023	255	1	558.0121528777557	2.672841593799257	0.3435438454082813	
06F:0EF	111	239	1	506.08097410322847	2.202522724734724	0.2933326232716418	
0F7:0BF	247	191	1	5.437373712128062	0.0177808166926167	8.044176471239074E-5	
05F:0FF	95	255	1	1551.2326466642287	7.416693990836718	2.3390919913772503	
17F:0FE	383	254	1	910.1001848246216	4.335849727844095	0.8049662811095243	
0FF:0FA	255	250	1	188.372445804465	0.8779904147672808	0.09904866627015696	
2FF:5FF	767	1535	1	5634.0178893423545	51.628467098275344	32.350122108403255	
1DF:0FF	479	255	1	1019.9758599853556	4.885285492826043	1.735975634202436	
07F:5FF	127	1535	1	5071.214186970436	46.51238276187568	33.6628795183762	
0FE:1FB	254	507	1	394.58916543830225	1.7979064511998435	0.43364994686696634	
0FF:1DD	255	477	1	371.0313812230963	1.506890572450611	0.38520302350599883	
2EF:1FF	751	511	1	519.0895351842886	2.411956701906485	0.2504607684554771	
8DF:0FF	2271	255	1	382.7115450505889	1.8326966980113026	0.03916558969359891	
0DB:4FF	219	1279	1	2068.183508234697	15.641493086483917	10.252794499315582	
0BE:0FF	190	255	1	688.7007022474004	3.2983714924244505	0.9609490577575377	
1FF:4FB	511	1275	1	1666.5764233121815	12.531262316590361	5.325570476571576	
0FD:2FF	253	767	1	525.0864888158106	2.8256183127925243	0.7642199873644887	
4F7:1FF	1271	511	1	175.35006932893958	0.8146888969185101	0.04374254966792022	
4FE:0FF	1278	255	1	924.0961454461639	4.428196548098288	1.2356503575410815	
0F5:0FF	245	255	1	332.6943840389014	1.593876454125607	0.2978995318037892	
0FE:07F	254	127	1	53.089742883051144	0.2526501898969714	0.007839329217643368	
07F:0F6	127	246	1	573.5636678199405	2.608826045734359	0.4281832085078714	
4FF:1FB	1279	507	1	693.9232494833783	3.162341362401546	0.6997681069516641	
0F7:1BF	247	447	1	20.82177467097999	0.067560623911001	0.0011797524244677121	
2DD:0FF	733	255	1	200.39255071381186	0.9596502587889882	0.03321670627550216	
9FF:0FF	2559	255	1	256.0320712818756	1.226056288284673	0.02443081159537165	
09F:2FF	159	767	1	25.032433027796	0.13455218156006507	0.0010665564201613694	
0BB:0FF	187	255	1	944.4307378140481	4.520807636794304	1.7802990919246449	
1F7:0FF	503	255	1	547.417821147233	2.622575122410636	0.5559398488300584	
0FF:8FD	255	2301	1	256.28143641839034	1.2419998384982232	0.18350211945051914	
4FF:5FF	1279	1535	1	2455.473682197704	22.25657410513819	8.530368734513688	
1FF:5FF	511	1535	1	3411.2710815356404	31.073637207022486	22.1775371713424	
2F7:1FF	759	511	1	47.33799778190739	0.21989086491630347	0.002183247833577627	
07B:0FF	123	255	1	1028.859908028117	4.924435596337488	1.3351937091150343	
CFF:1FF	3327	511	1	627.4553410146513	2.9155540723094764	0.2325163998165894	
4FF:0FD	1279	253	1	103.99636157646468	0.49247868275921153	0.01568081546976715	
2DF:1FF	735	511	1	465.09075528335666	2.1609352071095547	0.18119392559444028	
8DF:4FF	2271	1279	1	2754.13669494099	20.773945028216325	2.019683655111551	
1FF:1FD	511	509	1	282.3420263273437	1.3005567296426765	0.1525717735166333	
0BF:9FF	191	2559	1	98.81400994435258	0.4759590093409985	0.019907854333281558	
0F3:1FF	243	511	1	412.55529789980545	1.917863309449786	0.4555353237179549	
0FD:0DF	253	223	1	53.285980010469544	0.21153895176280837	0.007877536218404533	
0FA:1FF	250	511	1	350.74972728002354	1.6304310242588356	0.337632278766339	
0FF:4F7	255	1271	1	1563.1921380398578	11.796551702410452	6.829648582829134	
2FE:1FF	766	511	1	241.229939324219	1.1207285852262336	0.0588423097528295	
0EF:1DF	239	479	1	218.78479127194916	0.8960521279217458	0.1259175290114185	
0FF:3FD	255	1021	1	472.3725074823949	2.6549244224598025	0.6228855360631372	
47F:0FF	1151	255	1	158.06552922417904	0.7569642103595764	0.02316498330439367	
4FD:0FF	1277	255	1	217.47461228948202	1.0416114305910222	0.06822314706320813	
8FF:2FF	2303	767	1	351.5581363607116	1.8899158861912964	0.06164989469514643	
0FC:1FF	252	511	1	426.78898151403376	1.9841205635509194	0.5034236323656945	
0FF:1ED	255	493	1	72.18364587857451	0.30473079935857683	0.014560278740723086	
2FF:2FF	767	767	1	32.38432271349651	0.17406726531982375	0.001064188638720663	
1DF:1FF	479	511	1	52.6833496856899	0.24472901595266466	0.004633977334054524	
CEF:0FF	3311	255	1	309.1249855314186	1.4804254970253896	0.055493056695207744	
07F:2FF	127	767	1	485.4621803138624	2.61064900672706	0.30682390446512864	
87F:0FE	2175	254	1	335.1315555819276	1.596064505266167	0.028824325529914277	
4FB:0FF	1275	255	1	378.9639691597618	1.8153825592145385	0.2062031196605333	
07F:0FC	127	252	1	73.05202917527512	0.34401824141591747	0.006953409505326659	
079:0FF	121	255	1	284.5835676151873	1.3629587271280823	0.10084660186310904	
0DF:0FC	223	252	1	154.80747077943232	0.7291828572378735	0.0582873960512698	
8FF:1FD	2303	509	1	332.93689653189944	1.5334606491096572	0.055376311207359946	
05F:0FE	95	254	1	396.5539575121623	1.8887940188028194	0.15361037929496044	
0BF:0EE	191	238	1	25.807728538659948	0.11165621511059975	0.0013587064515090572	
1F7:1FF	503	511	1	51.76318809248722	0.2404565171893744	0.004972112478263511	
06F:8FF	111	2303	1	71.69639033044785	0.3479032078156059	0.005894780714748028	
0DF:3FF	223	1023	1	513.6136865248199	2.9013849651040395	0.6416045018836615	
0FF:4FB	255	1275	1	1432.2826007193778	10.769159928171456	5.73029311025511	
07F:1FE	127	510	1	35.58456325073576	0.1644666509663999	0.00165055510553798	
8FF:8F7	2303	2295	1	39.296258457470415	0.18881440789394674	7.699442116279617E-4	
0FF:9DF	255	2527	1	14.61410780501204	0.06927814659940021	5.961085398688584E-4	
27F:1FF	639	511	1	33.006889090114974	0.15331505095521303	1.7854536423794694E-4	
4FB:1FF	1275	511	1	215.89942987380053	1.0031448309817985	0.06696966340586048	
0FF:7FF	255	2047	1	1956.9551783233906	20.487555827177015	10.667469372890018	
07F:1FB	127	507	1	7.798451495928268	0.03550370255931957	7.928458206734504E-5	
07F:1F7	127	503	1	171.660833270406	0.7706502347902694	0.038420501376435025	
1FB:1FF	507	511	1	119.41998792531557	0.5547934922346969	0.02688148630850565	
2FF:CFF	767	3327	1	122.77112874182237	0.9024481581261256	0.015244724468823296	
CFF:0FE	3327	254	1	33.451984833035546	0.15930459947523493	6.602767790400679E-4	
0FF:1EB	255	491	1	10.395498155081786	0.043367572687658736	3.019565517418377E-4	
0FF:1FC	255	508	1	37.347549624021156	0.17114119322927662	0.0038945059330927068	
1FE:0FD	510	253	1	52.47278801355055	0.24847496713035974	0.005254072569248204	
47F:4FF	1151	1279	1	1148.1002692800205	8.641167802980656	1.1960593675550968	
2FB:8FF	763	2303	1	9.479067588957268	0.04599337151213595	8.938120543708822E-5	
2DF:4FF	735	1279	1	248.39473759372328	1.8726132984758057	0.05142604427793087	
2FF:9FF	767	2559	1	32.58177808838604	0.15691083120704288	0.0010789605998819825	
0F6:1FF	246	511	1	69.24018673860908	0.3216723441443335	0.012963444199948581	
8FF:1FB	2303	507	1	16.596207495230544	0.07555676165481949	1.375709357508238E-4	
6FF:1FF	1791	511	1	31.491870559971904	0.14628229935084117	0.001124794737140362	
0FF:8F3	255	2291	1	19.123715622866793	0.09157692775818635	0.0010206798506966007	
0DB:0FE	219	254	1	22.68491259591097	0.10803335155473963	0.001231066520617913	
0F7:2FF	247	767	1	11.453895196868997	0.06156529812483625	3.554622788844722E-4	
077:0FB	119	251	1	17.681181375319625	0.08283783622399674	3.8475794149494955E-4	
47F:1FF	1151	511	1	29.333772197344427	0.13625659981178564	7.978381946904523E-4	
0BF:1DF	191	479	1	28.9811613935992	0.11864194279531971	0.0017143393815573648	
5FF:1FF	1535	511	1	34.26043522603483	0.15914501242070925	0.0018104401332281969	
0DF:17F	223	383	1	3.9814701654354168	0.012821521893083809	3.8675159758225297E-5	
0FF:8E7	255	2279	1	4.235135235883613	0.019174591223978275	5.008127735712065E-5	
13F:0FF	319	255	1	58.57604655662684	0.2804835882120595	0.0017144540950662938	
07E:0FB	126	251	1	9.390135106434023	0.04399317340583497	1.1412051294359023E-4	
06F:0FF	111	255	1	9.09369636515125	0.0435431293368492	9.482513801273198E-5	
0DE:2FF	222	767	1	5.7103924663167085	0.03069314043623094	7.889837478595915E-5	
9BF:0FF	2495	255	1	7.5002273111055455	0.035912881131677815	1.9005715038802933E-5	
0BF:0F7	191	247	1	18.89849066239873	0.08642904506558152	7.282259137410904E-4	
0FF:2FD	255	765	1	3.5047419345022117	0.01871788447997645	3.4240537327349584E-5	
0EF:1F7	239	503	1	5.964347245347244	0.026771265811528163	9.344547913933643E-5	
2FF:07F	767	127	1	10.747571259954755	0.051140164088021155	1.1740738192867558E-4	
0FB:6FF	251	1791	1	466.5134334604363	4.2145598591509215	0.5949167693019436	
1FB:07F	507	127	1	7.2877222834150395	0.03467726424437222	1.0014505112267835E-4	
03F:4FF	63	1279	1	885.8765828713762	6.680608941356526	0.46404059939387887	
0EF:3FF	239	1023	1	11.2360314031759	0.06340505898620795	3.308762587784492E-4	
8BF:2FF	2239	767	1	24.378240218979695	0.13103114300927493	1.5645310227774622E-4	
0FD:1F7	253	503	1	19.762672313925712	0.08870913187294972	0.0010824696106229207	
09B:0FF	155	255	1	27.658734102463953	0.1324421783783088	0.0012749851869962316	
1BF:0FE	447	254	1	30.326768308033888	0.14442484502707822	0.0012832916008856054	
1FE:8FF	510	2303	1	4.737771586784747	0.022988126401820786	4.2824147548876026E-5	
1DE:0FF	478	255	1	11.229381969875215	0.053769820750518484	2.0961029960961516E-4	
0FF:2DD	255	733	1	4.722739751599642	0.022391079859700968	6.225025549041314E-5	
0DF:4FD	223	1277	1	139.92489393428755	1.0533221840077724	0.04738108286172191	
0EF:0FC	239	252	1	8.808202635994604	0.04147715206168007	2.0370765404819304E-4	
16F:0FF	367	255	1	8.799870364360993	0.04213609555742043	6.718017737007654E-5	
87F:0FF	2175	255	1	12.251359475855045	0.05866247323960068	3.85125768915452E-5	
0EF:9FF	239	2559	1	9.248092637768197	0.04453756678585152	2.2452592591869135E-4	
0EB:07F	235	127	1	10.82307470797027	0.05150030375646435	3.0290166742757903E-4	
0BE:0F7	190	247	1	10.92820612060758	0.04997751347399362	2.4235900090128053E-4	
07F:8DF	127	2271	1	2.887796319235072	0.013030818489356114	1.087287275541088E-5	
07A:0FF	122	255	1	10.187504380067177	0.04878069755259462	1.3044591360924785E-4	
0FF:0BE	255	190	1	2.9635920233172066	0.009625940823362267	2.4585632915061915E-5	
2BF:0FF	703	255	1	55.29801127383001	0.2647884075936562	0.001995420338983618	
4FF:1DF	1279	479	1	6.55902577610051	0.026849778268947463	6.245175345413158E-5	
09F:0EF	159	239	1	4.03994554969223	0.017579907833526292	2.7835599450609025E-5	
17F:1EF	383	495	1	7.095901607929919	0.030210595833523698	4.901330506270398E-5	
07F:8FB	127	2299	1	4.564489016415081	0.02206432724196792	2.7146739401917803E-5	
06F:0F7	111	247	1	10.686658407209366	0.04887237684046422	1.3101290437673343E-4	
0D7:8FF	215	2303	1	9.091225705090872	0.04411205102504413	1.9458473178467542E-4	
CFF:2FF	3327	767	1	20.695472976811775	0.11123719665739142	2.524021545708198E-4	
07F:1DF	127	479	1	6.9800988124366325	0.028573454250658423	6.357666267024802E-5	
0FF:3F7	255	1015	1	8.816511896878716	0.048999043936298094	2.165926912165049E-4	
03F:0FB	63	251	1	6.800636363952399	0.03186100978269543	2.7474286345500762E-5	
076:0FF	118	255	1	12.208293686915464	0.05845693635857912	1.8204962294085338E-4	
03F:0EF	63	239	1	7.439610474058333	0.03237354152543061	3.290204278638808E-5	
2EF:5FF	751	1535	1	665.7012874411952	6.0692798414741365	0.40889132118598803	
07B:1FF	123	511	1	7.889358042405361	0.03664576778759745	7.881873083018171E-5	
0BF:09F	191	159	1	3.6851710653305303	0.009450906648845162	2.780232150601041E-5	
87E:1FF	2174	511	1	6.132315934500226	0.02848413649807463	9.647709112055864E-6	
03F:0F7	63	247	1	7.798186310153472	0.03566250839822677	3.6133672895742945E-5	
0DD:2FF	221	767	1	11.532251692213737	0.06198626796485339	3.203440518814065E-4	
07F:CFF	127	3327	1	71.88162251431216	0.5283606651912462	0.006699657990497153	
0FA:1FB	250	507	1	8.941016246364764	0.04070599098465443	2.1923647635597394E-4	
1DF:0F7	479	247	1	32.39383965867066	0.14814995700196606	0.0017527388266254714	
4BB:0FF	1211	255	1	17.350011240889643	0.08307750289936744	3.605440190599937E-4	
0AF:0FB	175	251	1	4.139297211504632	0.019392695816090322	3.1958056308148785E-5	
0DF:87F	223	2175	1	3.054196420725309	0.013193904052911523	2.2708188211095848E-5	
0FB:5FF	251	1535	1	536.2452958043617	4.892768677150725	0.7861164914150501	
0EC:0FF	236	255	1	7.58298464239709	0.03630975710064636	1.4918931623783156E-4	
0FE:17F	254	383	1	2.8233438446928827	0.00909199294470956	2.223643382711691E-5	
0FF:2EF	255	751	1	5.842876952687362	0.02965029974704465	9.521773239071232E-5	
07A:1FF	122	511	1	8.459070640383436	0.0392920861013101	8.996605419915596E-5	
0DF:8F7	223	2295	1	4.098338692813393	0.019691999260190933	4.084929649196421E-5	
03F:0FD	63	253	1	6.813144737813437	0.03225941369778905	2.7572622113578066E-5	
03F:0FE	63	254	1	8.960639325180521	0.04267162197531262	4.769048084381609E-5	
0FD:8F7	253	2295	1	3.9295849478911813	0.018881176004878767	4.2768769791927726E-5	
2FF:0BF	767	191	1	1.997799412845352	0.006532943784234619	4.068866480650332E-6	
8FF:0FD	2303	253	1	5.008082743786954	0.023712628241338216	1.2522204297503763E-5	
0DE:1FF	222	511	1	7.532124221473903	0.03498671727140714	1.3746926850495672E-4	
07F:0DB	127	219	1	6.4756242722566055	0.02498262370503519	5.474411095733833E-5	
4FF:17F	1279	383	1	2.5276997500986202	0.008139898456939455	9.291179750550696E-6	
0CF:0FF	207	255	1	9.280000688193997	0.044435671591811145	1.9536617770216688E-4	
07F:0DE	127	222	1	5.7600243326193326	0.022728196620000352	4.330581137218169E-5	
0DF:CFF	223	3327	1	35.79755065986573	0.26312558163592215	0.003101163092942158	
2BF:1FF	703	511	1	9.657737996384236	0.04485966137622775	6.089391603023489E-5	
09E:0FF	158	255	1	8.155279227934331	0.03904986037092978	1.1271034226613274E-4	
0DD:8FF	221	2303	1	6.650299105365622	0.032268120162106124	1.0664125138973354E-4	
1EE:0FF	494	255	1	11.341969703871685	0.05430901020995701	2.295443878272637E-4	
23F:0FF	575	255	1	12.733663466188979	0.060971773515689894	2.161233110154145E-5	
0BF:0BF	191	191	1	7.004261170216613	0.022904698934301537	1.0029289907311113E-4	
27F:4FF	639	1279	1	151.83038384514862	1.1444201076909948	0.0037562409635132628	
87F:8FF	2175	2303	1	3.4756444245301976	0.016864025611152793	3.098551923917514E-6	
8BF:07F	2239	127	1	5.879401977977403	0.027975696426642743	9.11125660613446E-6	
0ED:07F	237	127	1	4.591694823491889	0.021848683003425986	5.4913391549380735E-5	
27F:2FF	639	767	1	9.466182260978304	0.05087973438636502	1.4652705529592554E-5	
1EF:0FF	495	255	1	10.67189400726462	0.05110041579576584	2.0407282685039292E-4	
0FF:0B7	255	183	1	2.7774800956171775	0.008575666945733048	2.1601602782433216E-5	
09F:0FE	159	254	1	7.55707360629165	0.03598794555017561	9.73183465067356E-5	
0F7:0FB	247	251	1	9.178340916349686	0.04300144974017178	2.285586916057928E-4	
3FF:4FF	1023	1279	1	132.63762902039525	0.9998754516311844	0.01932400654005858	
09F:0DF	159	223	1	5.0148741618786605	0.019905879621665363	4.292375492390434E-5	
0CD:0FF	205	255	1	5.597422727947699	0.02680206426749295	7.043552142520386E-5	
4DF:2FF	1247	767	1	11.352808765904836	0.06102099339618709	1.7180855110575879E-4	
0FE:0DB	254	219	1	5.757183936252106	0.02221108455289815	9.234207613137737E-5	
07E:0FE	126	254	1	22.756376434508244	0.10837107102879398	6.700966473896921E-4	
1FD:0DF	509	223	1	2.8030562252840086	0.011126325775033046	1.4952673330195992E-5	
4EF:0FF	1263	255	1	4.76527355383061	0.022817361741340473	3.1605526208214385E-5	
0EF:8FD	239	2301	1	4.093432309476109	0.019824257190360593	4.398462984090727E-5	
0AF:1FF	175	511	1	3.2994633547497423	0.015325823663026983	2.0307351470644225E-5	
07F:4F7	127	1271	1	69.64984417475753	0.5238829328869061	0.00628789458369571	
0F7:1FD	247	509	1	10.169840511142548	0.04683437341367885	2.8065927394992427E-4	
27F:0FE	639	254	1	8.464366628137997	0.04030815725799809	1.1738777973873758E-5	
8FF:CFF	2303	3327	1	67.72431857067119	0.4977697472346715	0.002274760142771021	
8ED:0FF	2285	255	1	12.145533744803028	0.05815577115129069	4.176510591069958E-5	
0DB:2FF	219	767	1	9.143268548868436	0.04914510906858704	1.9975482202634357E-4	
1FB:0F7	507	247	1	6.867342546906398	0.031405851843204255	8.895657233495552E-5	
0FF:5EF	255	1519	1	508.1287212132176	4.548009616235343	0.7162548187764027	
0EF:0F9	239	249	1	9.716261853249842	0.04500689692418813	2.47912359099329E-4	
1B7:0FF	439	255	1	7.465962687559184	0.03574907705137667	7.44503137668186E-5	
07F:4FB	127	1275	1	306.06619517023444	2.2949613463040417	0.12150206095543967	
27E:0FF	638	255	1	9.551612027225554	0.04573535711577273	1.4908436314239369E-5	
0EE:1FF	238	511	1	10.230935028212533	0.04752309309462298	2.738431362585515E-4	
0FE:0FC	254	252	1	6.161725393768207	0.029014923337451842	1.0559468762941388E-4	
07F:2FE	127	766	1	8.69544530448803	0.04659052451718159	9.841424116215791E-5	
07F:4FD	127	1277	1	116.9123639435229	0.8799312636067437	0.017718834574504117	
0DF:07E	223	126	1	3.262409482463749	0.014957792737261668	2.5895991478976897E-5	
0BF:1EF	191	495	1	8.105404410189896	0.034508858014153224	1.34045866751183E-4	
0FF:2BF	255	703	1	4.269921262026575	0.018476580496339906	5.092754869803143E-5	
8DF:1FF	2271	511	1	9.079575049583854	0.042173964654874135	2.204604880734212E-5	
09F:0BF	159	191	1	2.3881575942753988	0.007809458115317961	9.747963711281585E-6	
0DF:0BF	223	191	1	3.390856756395056	0.011088407328568922	2.8048848088765552E-5	
0FF:BFF	255	3071	1	15.855150328176789	0.09787631775684644	6.996437716401439E-4	
0EE:0DF	238	223	1	5.695247313435888	0.02260667347860864	8.497168682968928E-5	
0BF:0F5	191	245	1	5.533761026094885	0.025015929079811226	6.24463731006978E-5	
0E7:1FF	231	511	1	8.13679526977937	0.0377955060226892	1.6845601207316537E-4	
4BF:8FF	1215	2303	1	5.726941699469438	0.02778761695045036	3.9651541300461665E-5	
07F:8EF	127	2287	1	4.605074947698064	0.02099833885259424	2.7646824959427314E-5	
07D:1FF	125	511	1	10.7023599388732	0.04971223819053912	1.4706171181036272E-4	
1FF:0BF	511	191	1	1.7053798724281752	0.005576718331114446	5.588230662000128E-6	
2F7:0FF	759	255	1	10.403896049028596	0.049816712919257856	1.0542630789373221E-4	
06F:0DF	111	223	1	5.552437585193085	0.022039619477091054	3.541066802237708E-5	
0F9:0FB	249	251	1	5.158371378986287	0.02416723218182395	7.265833134327818E-5	
8FE:8FF	2302	2303	1	5.697640908195362	0.027645331161488106	1.6113190749966755E-5	
0CF:1FF	207	511	1	10.459044946120114	0.04858252647949205	2.482415514187399E-4	
8EF:0FE	2287	254	1	10.076032332019366	0.04798314081059321	2.890441315806812E-5	
4BF:0DF	1215	223	1	2.875229078424915	0.011412784543034286	1.0012079038199972E-5	
0DF:0DE	223	222	1	3.9544940665582735	0.015603876159909345	3.8096616124846254E-5	
077:2FF	119	767	1	5.622144004440224	0.03021860066794103	3.885033163222144E-5	
0DF:6FF	223	1791	1	33.22396603852025	0.29980939516227273	0.0026622112282704046	
0FF:1F3	255	499	1	4.190562469714565	0.018442578234203557	4.904453291914236E-5	
0FF:5DF	255	1503	1	27.440991910518875	0.2445304830535912	0.0020843275815220067	
17F:0FC	383	252	1	2.6611468741754893	0.012530883336057426	6.8876801120918395E-6	
8FF:3FD	2303	1021	1	2.233365096896098	0.012537887014925954	2.4859848827944496E-6	
0DC:0FF	220	255	1	2.003555087204213	0.009593522343146981	9.64133315624652E-6	

