BMLVN	8	x2
metabolism	0.9970000
mutations	0.0010000
catastrofic	0.0010000
minWeight	0.1
start biomas	2.0	_
env.size	25000.0
feedSourceH	FF
C7
B5
23
11
feed port max	75000.0
timeQuant	0.01

key	suscepBits	activeBits	maxsize	popBiomas	currincome	currloss
FF:00	255	0	1	7397.7124548167985	464.90643310546875	330.2200464494851	
C7:00	199	0	1	8139.009429792463	713.5554809570312	296.56419823487863	
B5:00	181	0	1	9527.87797910184	684.0521850585938	382.9679979435425	
23:00	35	0	1	18448.664242833915	33.64142608642578	328.6833151266165	
11:00	17	0	1	25000.0	356.8528137207031	29.5733341092989	
FF:FF	255	255	1	2210.0952311970136	33.15863760616564	30.321438723617767	
F7:FF	247	255	1	2274.2263760307274	34.11622457808243	31.196322498586326	
FF:EF	255	239	1	2031.5157410770823	28.253331336944033	25.639522915808556	
DF:FF	223	255	1	2529.468366561909	37.92090535925416	34.64289346710901	
FF:FE	255	254	1	2192.9565650114578	32.62029159958467	29.856374320748902	
FB:FF	251	255	1	2240.3083881882067	33.61002454772084	30.740726718753457	
7F:FF	127	255	1	4411.186707105135	65.84773687900034	60.63399552640383	
FF:BF	255	191	1	1675.7369147491954	19.513210027997943	17.477212743578026	
BF:FF	191	255	1	2930.627478317868	43.89511417369565	40.073791418423546	
FF:FB	255	251	1	2157.604497051114	31.692895405378117	28.90420807474313	
FE:FF	254	255	1	2219.6142203770164	33.30119060493927	30.489065068931918	
EF:FF	239	255	1	2333.2174012230357	34.99824747942443	32.04004840442067	
FB:FB	251	251	1	2186.5186478957703	32.11060586291904	29.282988470917157	
FF:FD	255	253	1	2172.4470532372134	32.07643876070468	29.301739185584626	
FF:DF	255	223	1	1737.3164280107353	20.885679341156198	18.772432298452745	
FD:FF	253	255	1	2225.2108653445166	33.38433290880486	30.522394720409626	
CF:FF	207	255	1	2686.5572137316076	40.26457184881043	36.78557851597843	
F7:EF	247	239	1	2081.796423671275	28.949430031945642	26.159878739062265	
FF:EB	255	235	1	1980.9276690488166	26.951055029000088	24.382967990544838	
FF:7F	255	127	1	1921.0895701773618	26.187004753392696	22.966286353371718	
FF:EE	255	238	1	2010.5053888360085	27.703268705941593	25.113648902405483	
F5:FF	245	255	1	2293.516648661862	34.404583490679755	31.500909114831984	
FB:EF	251	239	1	2057.6921521550134	28.616191908028295	25.953886709292156	
FE:EF	254	239	1	2035.0624524594427	28.302294484803515	25.64865597939597	
FF:F7	255	247	1	2125.1678288062653	30.789026275578912	28.046521599922297	
FF:BE	255	190	1	1556.5772754364102	17.92068219250006	15.065112454963396	
6F:FF	111	255	1	4935.917258963494	73.60814470762254	67.78154388946325	
EE:FF	238	255	1	2328.189852564401	34.921855628757015	31.794693382585777	
F7:F7	247	247	1	2182.0599316508724	31.59877639473237	28.718536325922692	
FF:ED	255	237	1	1991.5929717225035	27.223347463710077	24.64468708486195	
FB:BF	251	191	1	1676.9742234761054	19.526453452589102	17.266802669606612	
7F:FE	127	254	1	4368.757874018942	64.6666760891583	59.48714163107065	
7B:FF	123	255	1	4525.6819804301185	67.54207092874584	62.11920999798525	
FF:CF	255	207	1	1563.5284238744262	17.29928439717402	15.210788706324532	
FF:F6	255	246	1	2105.5951032060148	30.23589201071451	27.534642658163012	
E7:FF	231	255	1	2401.046980966827	36.01036659660978	32.91984600195899	
FE:FB	254	251	1	2162.347778557217	31.76213029098861	28.94078488901783	
DD:FF	221	255	1	2545.511087699483	38.15974529618922	34.80462666877842	
F7:FD	247	253	1	2232.190680236222	32.95417916279494	30.057634263421846	
BE:FF	190	255	1	2939.166181666034	44.022166433284184	40.14442478491014	
F7:BF	247	191	1	1704.5617650739741	19.84759031114108	17.56970035857706	
FF:F3	255	243	1	2073.867506040175	29.406813970213854	26.714076720250137	
DF:FD	223	253	1	2484.4083808857026	36.65535709213361	33.42544152225949	
FF:B7	255	183	1	1574.8090691928587	17.683293271194035	15.43376120695507	
FE:7F	254	127	1	1890.4994949944155	25.766539740324006	22.163149518648954	
FB:F3	251	243	1	2101.0976546425427	29.786879911157023	27.049990337731806	
FA:FF	250	255	1	2243.868007071543	33.66285504094963	30.74054908586039	
FB:FE	251	254	1	2218.303476746598	32.99527357348077	30.141886636677746	
FD:EF	253	239	1	1949.6007663721227	27.10849887785952	23.42584967526232	
FF:E7	255	231	1	1946.85097980638	26.123388683781222	23.553971822221158	
DF:FE	223	254	1	2505.602229450102	37.24250481733701	33.995474799591435	
F7:FE	247	254	1	2250.601556393093	33.47307961917578	30.553340222412018	
FD:FE	253	254	1	2201.430206342927	32.744973118615555	29.874972611962825	
BF:FD	191	253	1	2872.57057313618	42.34592716313397	38.50883205719743	
FC:FF	252	255	1	2225.994362408649	33.39538761155005	30.44663150005924	
DB:FF	219	255	1	2567.6054119644423	38.48979232895923	35.155527645967	
EF:FB	239	251	1	2271.4747125563613	33.358664512522175	30.371866562904074	
FE:F7	254	247	1	2129.9176182969445	30.857444659608824	28.084122781853065	
F6:FF	246	255	1	2275.7115827914718	34.137821761148864	31.135924970518158	
9F:FF	159	255	1	3509.391887791375	52.49037932344378	47.69881704612109	
7F:F7	127	247	1	4228.215576530686	61.009534459191	55.78519564465596	
DF:F7	223	247	1	2426.3042100254183	35.12820774302825	31.888865970111322	
FF:FA	255	250	1	2134.827597527043	31.084536761137006	28.298726486978154	
F3:FF	243	255	1	2299.520041704037	34.493325329202214	31.45595242836319	
5F:FF	95	255	1	5951.394381485456	88.50057009805202	81.25722070755029	
FB:7F	251	127	1	1712.2060592751948	23.318094961289297	17.95521611188512	
EF:FE	239	254	1	2304.1209333588668	34.26610526187008	31.246410428401	
FF:FC	255	252	1	2143.551964938184	31.3791807771758	28.52716806274459	
DE:FF	222	255	1	2534.0770407465193	37.98931294867786	34.64590755073598	
FB:DF	251	223	1	1742.5496987183142	20.947305573969796	18.631086901401723	
7F:7F	127	127	1	3218.477784718892	43.35274710462495	31.95800312762986	
FB:7B	251	123	1	1759.297329691175	23.492372793726645	18.97539124220735	
BF:EF	191	239	1	2635.831828077749	36.61361369879472	32.44692729413272	
3F:FF	63	255	1	9105.975698320059	134.3316580472443	122.43903156908246	
BF:F7	191	247	1	2812.683589652399	40.6916833895712	36.93608955252577	
FE:FE	254	254	1	2187.236679146629	32.532890227307554	29.603623092164845	
BF:FB	191	251	1	2854.1610809310664	41.85998860983735	38.021588035397926	
7E:FF	126	255	1	4429.41219479491	66.11769056354103	60.754183723831424	
7F:DF	127	223	1	3350.0121636097138	40.211018813639534	35.15110834428925	
7D:FF	125	255	1	4460.533549427286	66.57732933510853	61.12828094626332	
7F:BF	127	191	1	3108.7161441332537	36.20150743554326	30.333698662131628	
DF:7F	223	127	1	2049.032113659035	27.924325262947875	22.782849191031836	
F7:DF	247	223	1	1708.5560985344414	20.53526573814162	17.628809749576085	
77:FF	119	255	1	4666.432942531214	69.62062255508947	63.97184584163652	
BD:FF	189	255	1	2943.2790485905466	44.08207405986196	40.032855485234826	
BB:FB	187	251	1	2892.2147938398793	42.40204448701365	38.334895724299024	
FF:BB	255	187	1	1518.561637042992	17.196036643053073	14.338601791157245	
EF:BF	239	191	1	1605.1225083435138	18.68266773224949	15.181807000954983	
FF:6F	255	111	1	1013.1996582150709	11.20399995096856	6.357194758422821	
7F:FD	127	253	1	4310.713774027976	63.347538028695546	57.92470018967968	
BF:FE	191	254	1	2841.3462400383773	42.19547826381381	37.6578233872236	
D7:FF	215	255	1	2591.867880406343	38.84920383434409	35.198840468384255	
B7:FF	183	255	1	3024.8399033849128	45.29609277126243	41.10356988022756	
FE:FD	254	253	1	2117.5874743147297	31.262995121548908	27.73709741942229	
FB:FD	251	253	1	2187.623046268305	32.298069498055625	29.31229308839851	
DF:DF	223	223	1	1914.8933330022412	22.979431445168366	19.85816334050601	
FF:BD	255	189	1	1411.013015535077	16.012218653779446	12.364317389753957	
BF:BF	191	191	1	1940.3225135874295	22.51229850682726	17.537951616092595	
EF:EF	239	239	1	2103.1554452877003	29.22412391087624	26.02592536451261	
FD:FB	253	251	1	2134.4649687606775	31.350160689411556	28.078988021903857	
FF:F9	255	249	1	2096.4761091931077	30.29482818007082	27.287298036339212	
EF:EE	239	238	1	2053.328198111045	28.268104717182993	24.803053115644065	
7F:FB	127	251	1	4253.018831811428	62.194191254372086	56.395343745217794	
FB:CF	251	207	1	1391.6089961464509	15.388848932563237	11.86597986349888	
DF:EF	223	239	1	2054.8303708515227	28.550844672840945	22.83189892111343	
FE:DF	254	223	1	1593.4061017282327	19.148835328206662	15.718259575519204	
FB:F7	251	247	1	2129.57617281825	30.850185733903594	27.780991202047236	
FF:AF	255	175	1	1186.4522682503496	12.203859969403755	8.741361953220997	
FD:7F	253	127	1	1624.287623460306	22.11300764581768	16.24761368043217	
BF:7F	191	127	1	2239.4970530733435	30.519001412310544	23.46208948106334	
FF:3F	255	63	1	266.144002700499	3.167434271127412	0.43425142878589734	
BB:FF	187	255	1	2946.2034463595946	44.12410105196961	39.77304603581626	
AF:FF	175	255	1	3111.9244001557627	46.5890307833135	41.79135915806991	
FF:DE	255	222	1	1561.4336001945162	18.644319838001977	15.139052417191904	
FF:DD	255	221	1	1583.401654760257	18.81224942486166	15.573716668354717	
CF:FD	207	253	1	2496.240547426935	36.81685064349404	31.729205009617896	
7F:EF	127	239	1	3386.5365566782525	46.96118669167625	35.73652062775962	
F4:FF	244	255	1	2238.772170837406	33.580143608573806	29.901216766157095	
FD:BF	253	191	1	1143.6522632019257	13.293339791382767	8.037743156523783	
FD:DF	253	223	1	1505.0392411813475	18.082279252916013	13.955155933619906	
FF:7D	255	125	1	1069.3804190702374	14.178870867248243	7.053608826366205	
7B:EF	123	239	1	3698.770379152677	51.28553946985638	41.53719755360754	
ED:FF	237	255	1	2308.401438402364	34.62302204259809	31.119522443314512	
CF:BF	207	191	1	1462.203312368767	16.999801675454226	10.882874861919069	
FF:7E	255	126	1	1340.5443437295548	17.802738129132955	11.117676883166517	
6F:EF	111	239	1	3659.8602140065204	50.64157495956354	37.176799059483784	
EF:DF	239	223	1	779.1190801343835	9.335165969415025	3.54389419542385	
6B:FF	107	255	1	3491.354747303647	52.14283558019508	32.40537406431457	
E7:7F	231	127	1	751.5273195526861	10.185853239858126	3.1907132399154174	
FD:FD	253	253	1	2104.729444852188	31.069147263794527	27.286220407667543	
FD:F7	253	247	1	1956.9361168520552	28.34141893640855	23.572471834913195	
7F:EB	127	235	1	2998.1891638369207	40.6806606118687	27.991311340995804	
F5:FD	245	253	1	626.5880595859485	9.204907767532506	2.3156452267013625	
FF:7B	255	123	1	156.25913876587944	2.0700174535768796	0.14907876836107486	
F7:FB	247	251	1	2099.839725665603	30.834777066130655	26.570334387444685	
FB:EB	251	235	1	1767.7060044042385	24.03420420620559	19.10918209003723	
BE:FE	190	254	1	2253.6035850810968	33.453422600189995	23.496636255737897	
EF:EB	239	235	1	1663.164076450857	22.59480038884279	16.221299407731575	
FF:F5	255	245	1	1878.5036151405773	26.759740145883693	21.870869736774704	
FB:FA	251	250	1	720.5848676886235	10.445121189456623	3.136539847697553	
FF:F1	255	241	1	1611.875253248152	22.45297428717874	16.07104704962404	
6F:BF	111	191	1	189.4938069180726	2.1912664688036	0.09914909727483769	
FF:DB	255	219	1	781.8172134868784	9.147424942294254	3.767060565469247	
FE:BF	254	191	1	695.2875843739668	8.066310466973144	2.9686173999476475	
CB:FF	203	255	1	1915.3908934686606	28.679291417065677	18.287932037322474	
7F:FC	127	252	1	2413.4316062396388	35.19450287135592	18.032448427293343	
4F:FF	79	255	1	5124.70543119656	76.35781295928379	51.94949155928423	
FF:E6	255	230	1	1282.922770648566	16.85208832904701	10.164917164319231	
EB:FF	235	255	1	2016.4776164117252	30.229352374446403	23.521804261163762	
FD:F6	253	246	1	680.4480961830377	9.72620456864762	2.8151887622426037	
7B:FB	123	251	1	3168.2158130084104	46.3473688896321	30.31061218117273	
F7:AF	247	175	1	633.0878436865933	6.496024810746642	2.4040111965800874	
FB:EE	251	238	1	1438.1183440724794	19.786444042173166	12.603092738826897	
F7:F5	247	245	1	1673.7572209949706	23.822069618838828	16.824374505187848	
CF:FE	207	254	1	2419.6070221871064	35.94848970293613	29.785458879149523	
77:FE	119	254	1	2556.757075896677	37.87471237133081	19.074085708848646	
DE:FE	222	254	1	833.1551660579005	12.336168406175647	3.6939870870428995	
FD:BE	253	190	1	378.9263024806626	4.340952073198865	0.8756435775476207	
D6:FF	214	255	1	1726.079787209933	25.8408613733868	15.446622168386188	
F5:F7	245	247	1	1428.520972443711	20.653732679954068	12.132003100428918	
FF:9B	255	155	1	101.95723340575826	0.9385942744839816	0.0639479042522131	
5F:FE	95	254	1	2920.1955838591452	43.219475550713604	19.450434271935343	
FF:9F	255	159	1	49.77052824377595	0.46526464702744375	0.01522523404937687	
EE:7F	238	127	1	614.2455357850506	8.320038585893222	2.1865839150723234	
77:F7	119	247	1	1536.4474363734705	22.147242861817496	6.868610957063009	
7B:FD	123	253	1	2072.254525860759	30.466488825591657	12.918378845552503	
FF:EA	255	234	1	798.7002069340379	10.724210541682666	3.9179740851988583	
F7:7F	247	127	1	64.06361200376615	0.8651558576573867	0.024313129232696757	
DD:FE	221	254	1	1472.9318276903334	21.853805018647513	11.554272545497671	
A7:FF	167	255	1	981.0799520342754	14.644697180095521	3.9463006065960102	
D7:FE	215	254	1	1370.5676488603929	20.32668644703354	9.749970566562444	
FD:EB	253	235	1	986.4975505933791	13.381110648159103	5.944492199936083	
CE:FF	206	255	1	922.2968608914316	13.774589964940297	4.261277832164659	
5B:FF	91	255	1	1201.8561298240697	17.917736315243676	3.1705969962729257	
CF:DF	207	223	1	87.43592288640998	1.0440113198520051	0.03842725487986128	
F5:FE	245	254	1	709.177523741343	10.499268825332821	2.96799637891039	
F7:EB	247	235	1	743.9886578739255	10.080367007899119	3.3002104084578843	
F3:F3	243	243	1	272.92503061475253	3.844231336729845	0.43553808747992245	
7F:BE	127	190	1	98.53823742018382	1.126752697527766	0.029992338554689517	
FA:F7	250	247	1	708.9436581760341	10.224320209665649	3.026794924687151	
F7:6F	247	111	1	119.36274680258693	1.3134670213459076	0.08488236823170017	
BE:FB	190	251	1	928.0929276372932	13.567966401592018	3.951537964042147	
3B:FF	59	255	1	1005.6448872833342	14.978414838803918	1.4070097589396957	
BF:F6	191	246	1	517.7290444981022	7.3894453806807405	1.2321117343166141	
F7:ED	247	237	1	303.9287326259357	4.1283981397442275	0.548358210741223	
FB:BB	251	187	1	245.3720145410847	2.7630953124408633	0.3644629735479583	
FA:FB	250	251	1	328.59045770797377	4.795437873539785	0.6475834277977226	
7F:EE	127	238	1	526.2332671856809	7.203744538728449	0.8529187336478159	
6E:FF	110	255	1	564.2962418770877	8.406817097028702	0.8681169894807562	
DD:BF	221	191	1	135.9124034013982	1.5719569976968355	0.09796296279008933	
FF:5F	255	95	1	59.96372724376452	0.594779787276195	0.022078110209520063	
EF:FD	239	253	1	674.7651603008392	9.914348336347707	2.6403126147957083	
DB:FE	219	254	1	827.5114863106161	12.251890048238742	3.601442606834132	
FF:76	255	118	1	25.792125771525036	0.3269566001269789	0.004060423723811657	
EF:7E	239	126	1	100.00902681490174	1.3193883383554594	0.057877240961451214	
5E:FF	94	255	1	2596.218069570564	38.750499332318704	15.236616732655195	
3F:FE	63	254	1	604.9235672978347	8.930171721614569	0.5389556385068789	
FF:C7	255	199	1	39.44429455449356	0.41665404037614046	0.009538274164146507	
5F:F7	95	247	1	515.8176707521199	7.419304563172294	0.6044507653062923	
FB:E7	251	231	1	301.5953439396523	4.021799026577058	0.5485720815917388	
FB:BE	251	190	1	222.01194996841818	2.5411451530982747	0.2981908116837272	
CF:EF	207	239	1	434.79671131430814	6.010102047029363	0.9491000472451859	
B7:FB	183	251	1	172.97412998876868	2.5215753587083403	0.13205939238447723	
F3:EF	243	239	1	717.8623444928969	9.939677374162898	3.027639011902614	
7A:FF	122	255	1	345.8399205332962	5.150081610952841	0.3551633872825229	
CF:F7	207	247	1	602.1946176187433	8.675881129914766	1.821029062031314	
5D:FF	93	255	1	969.7621783055561	14.453333665912835	2.0980037313818296	
FC:FD	252	253	1	123.1912420715961	1.8051248279612595	0.09141635776749664	
EC:FF	236	255	1	706.363117866697	10.546106875246235	2.862046876110039	
F9:FF	249	255	1	224.77164604462453	3.3482639030340215	0.30134256064385384	
7B:DF	123	223	1	151.49448418411782	1.808918563211676	0.06895773465081104	
6F:FD	111	253	1	80.28540851296941	1.1758278847217343	0.017675364071046765	
B7:FE	183	254	1	185.8709834013567	2.7439024906135407	0.15244032207353733	
DF:7D	223	125	1	50.828078341834164	0.6701466846835098	0.013754799896783673	
FE:FC	254	252	1	287.6610720424605	4.183238197833757	0.5028865917869716	
7F:F6	127	246	1	691.8009862946157	9.871223188350951	1.4731153202694045	
FB:DE	251	222	1	75.10517739404723	0.8911075852034884	0.03404433763128226	
9F:7F	159	127	1	75.67029125134425	1.0218095858761373	0.021851723467664494	
DF:F9	223	249	1	212.27909710844378	3.0457645225887675	0.239654563735139	
D7:EF	215	239	1	148.56460898428224	2.0510155755731656	0.11369455471877576	
7B:FE	123	254	1	1337.3026339432984	19.787519744933828	5.364455107747572	
3F:7F	63	127	1	82.25355112313682	1.1105167525595452	0.009985501984089857	
6F:7F	111	127	1	375.4247775297617	5.072572728460571	0.3873704549527821	
E7:FE	231	254	1	142.81695479484299	2.108291973569018	0.11419651534705431	
DD:FD	221	253	1	517.6773425347831	7.598871620122655	1.416524671957825	
F6:DF	246	223	1	142.4021842400891	1.700989175411573	0.12021090446165072	
BD:FD	189	253	1	274.3509156849567	4.021917987750682	0.3418569485967765	
B7:FD	183	253	1	418.1855712626716	6.1337432455150775	0.7729490020038117	
6F:FE	111	254	1	354.7866949522681	5.238145276325156	0.34538010596462126	
6D:FF	109	255	1	465.3576518947755	6.931133373509636	0.5792064818901768	
DD:F7	221	247	1	43.291609950496	0.6221588519612379	0.009874491920475317	
FD:DD	253	221	1	74.12143901587947	0.8749946073588432	0.033374262948412996	
D7:F7	215	247	1	169.74869287226034	2.441026155758353	0.14827536166264024	
ED:FB	237	251	1	126.20553614653515	1.8397320784761642	0.09124785896730161	
F5:EF	245	239	1	88.30772584130371	1.218851021259494	0.04584648240136412	
FF:AE	255	174	1	9.651188146123879	0.09761048756896899	5.713774460820048E-4	
FE:F6	254	246	1	454.3741440693815	6.48761552119653	1.2574412131600061	
FB:BD	251	189	1	33.94929262319713	0.3827854678426252	0.006961614210139364	
1F:FE	31	254	1	252.81856915664432	3.7297677643854943	0.036752575020216983	
F3:BF	243	191	1	110.80666162267062	1.2814990326533897	0.07205721691984483	
F6:FE	246	254	1	186.32334184332578	2.751317866219395	0.20470313046117403	
3F:EF	63	239	1	377.03884079989433	5.2041225153534425	0.20983784739333033	
DB:FD	219	253	1	314.51063672109825	4.612359735954708	0.5182282708509955	
C7:FF	199	255	1	234.17010710690542	3.4875643722637646	0.2650485048107964	
FF:A7	255	167	1	66.728495643033	0.6649400405984758	0.027338823092443437	
7C:FF	124	255	1	218.64959136022136	3.254939450553983	0.14374762766851226	
E7:FB	231	251	1	78.46153826531364	1.1434424289224985	0.03446094911884505	
D7:FD	215	253	1	343.8957481736027	5.043840500401934	0.6090651023903968	
7E:FB	126	251	1	115.88399812247326	1.6886648296998181	0.040960846070080555	
F7:F9	247	249	1	280.7810386210063	4.030614936473414	0.4671595419947067	
BA:FF	186	255	1	513.3857926685887	7.653766364764953	1.1835885755428739	
FE:ED	254	237	1	115.31037490488877	1.5647167570479357	0.0808309313216943	
7D:EF	125	239	1	263.15062624748754	3.633014776198765	0.21004332590725183	
FB:DB	251	219	1	162.07315411029538	1.8903340517901959	0.15873669283964903	
D5:FF	213	255	1	476.89546520647707	7.110702726956736	1.1623691457881213	
E5:FF	229	255	1	214.86062965613868	3.200185845448045	0.25659952387098706	
FC:F7	252	247	1	457.89850312666994	6.595884004183725	1.2677832456995324	
BF:DF	191	223	1	64.36330973211994	0.7684123131458849	0.019073133699256298	
FE:FA	254	250	1	256.11526738405826	3.7039568907975498	0.3985820936901264	
BD:F7	189	247	1	83.65760395459266	1.2024500633655277	0.03176508093651168	
EE:F7	238	247	1	150.18576617146692	2.1596982112176804	0.1298305112763368	
75:FF	117	255	1	795.2384712844581	11.85415762119456	1.8069421064128808	
7F:DD	127	221	1	71.35324340688287	0.8421268230454795	0.015711539241526542	
BB:FD	187	253	1	182.23395319163248	2.6704628156193704	0.1494930232578478	
E7:DF	231	223	1	9.247281126447401	0.1103736934440706	4.8094031206816917E-4	
5F:EF	95	239	1	61.77411812453225	0.8523095756582205	0.008670294900941428	
F3:FE	243	254	1	336.8739305336212	4.978328072051062	0.6630395675836769	
BF:F3	191	243	1	115.57512473300652	1.626298948590222	0.06125586914857299	
7B:7F	123	127	1	203.01876230877747	2.7422001067603197	0.12339070290844109	
FE:CF	254	207	1	36.40240972056964	0.40012260936144534	0.00809145033605439	
7F:BB	127	187	1	27.659133350421268	0.31105019541658807	0.002363072710715845	
BB:F7	187	247	1	104.53805129126582	1.5027064237740173	0.04919691925185574	
7D:7F	125	127	1	9.713270529863278	0.1311286945705437	2.86046205136834E-4	
EB:FB	235	251	1	96.04753328182579	1.3998730969057003	0.05248385469740264	
77:FB	119	251	1	67.73756774856992	0.9869233140918906	0.013282137120838656	
BB:EF	187	239	1	44.361348310131625	0.6120983339506848	0.00886609080305167	
3F:F7	63	247	1	117.70968304028106	1.6915528472168797	0.020419690683009285	
F7:FC	247	252	1	36.8629027972198	0.5352984665241086	0.00803073566961838	
97:FF	151	255	1	90.19595992192978	1.3422933598956213	0.02968644840326802	
7F:FA	127	250	1	63.41647345969524	0.9159511193454646	0.01234352410437335	
DB:F7	219	247	1	29.35432912646855	0.42183034449089474	0.004506658938843753	
F5:DF	245	223	1	45.638516644565996	0.5448489737324782	0.012286667068633248	
EF:B7	239	183	1	61.835440536006075	0.6895991982552587	0.022207550404694944	
F1:FF	241	255	1	64.83986922305242	0.9649898416179347	0.024318930491248416	
F6:EF	246	239	1	86.12138625871134	1.1886620482743717	0.0437781711696369	
BF:F9	191	249	1	65.65615877576036	0.9412879448257265	0.01975074761035989	
BA:FB	186	251	1	103.02710336655566	1.5014733694693398	0.04757073234763327	
B3:FF	179	255	1	221.2106979721171	3.294016373539082	0.21206825331188486	
FE:BE	254	190	1	11.168892441151865	0.12768283044195497	7.608326177104267E-4	
7F:BD	127	189	1	95.97051213759306	1.0821856404564003	0.0284583714807132	
9F:DF	159	223	1	63.449858199724	0.7574661241047991	0.015408081913239167	
DF:EE	223	238	1	89.28632056521184	1.221012870953837	0.04241262355289232	
EF:7F	239	127	1	17.835232044633464	0.24079245070298916	0.0018379665516384976	
AE:FF	174	255	1	208.52581464874405	3.104901053323706	0.18362796664253023	
6F:F7	111	247	1	60.453785659163785	0.8687487133631472	0.010026792211559053	
FC:FB	252	251	1	46.360326151256196	0.6755168777507945	0.012939254943769308	
7F:E7	127	231	1	71.18149726235852	0.9477862436766236	0.015587982683126821	
FF:BA	255	186	1	50.62410203920725	0.5631319638896404	0.01569561296806833	
ED:FE	237	254	1	22.588942205550232	0.33324588459413135	0.002919393977536332	
BF:FC	191	252	1	12.360905470549655	0.17946818866134237	6.995429776621724E-4	
DA:FF	218	255	1	110.14130016116013	1.6395096185123972	0.06319690559198254	
76:FF	118	255	1	212.44054881137308	3.162369085983528	0.12977088019080774	
FC:FE	252	254	1	27.3042886926925	0.40282352095192153	0.004485772348457094	
F7:B7	247	183	1	9.959301769622146	0.11103496992831832	5.900441849222599E-4	
BB:F9	187	249	1	126.30997050673982	1.8113260247322431	0.07183736201796476	
67:FF	103	255	1	45.213935957942944	0.6727315059522562	0.005201637102096115	
79:FF	121	255	1	34.47432669026926	0.512931624021793	0.0034974097182341765	
FA:BF	250	191	1	15.435257362867384	0.17841436988369774	0.0014334529318962002	
BE:FD	190	253	1	168.7968091099673	2.4734391214361717	0.1300284178636054	
F9:FB	249	251	1	38.559791637558554	0.5618279095064436	0.008858536092762596	
B9:FB	185	251	1	26.31601475844074	0.3833897567128773	0.0030862536783437104	
7E:FD	126	253	1	95.80348232192273	1.403197571494961	0.027988751435162648	
DB:FB	219	251	1	88.35187841298165	1.2876047720415216	0.040828782689627335	
EF:F7	239	247	1	9.705949941979643	0.1394638851791048	5.433139851691511E-4	
7D:BF	125	191	1	25.144924381159186	0.2906425962051066	0.00192469520890141	
BF:BD	191	189	1	6.09762692875694	0.06873998311286177	1.7134137589238862E-4	
BD:FB	189	251	1	2.93678704202923	0.04278071685289597	3.910891800841309E-5	
DF:FB	223	251	1	31.83692801987036	0.4638459455440259	0.005380091259123677	
F5:BF	245	191	1	5.504371469127816	0.06362058128356085	1.7879330418468334E-4	
7D:FE	125	254	1	61.29279457391881	0.9042781393889943	0.011363589812083389	
77:BF	119	191	1	8.113869312301851	0.09378083146946534	1.917002835318668E-4	
BF:ED	191	237	1	6.074254339446632	0.08237112395049379	1.6924801832526496E-4	
DC:FF	220	255	1	14.997740043025958	0.22314121531770809	0.0011794521184358632	
BF:EE	191	238	1	22.01385520595877	0.3009348251991931	0.002222707138656555	
9E:FF	158	255	1	36.81980224700257	0.5478497414271168	0.0051342916091041595	
FE:EE	254	238	1	35.13231966387001	0.4803208292923602	0.007495813910021368	
DE:FD	222	253	1	39.784213704726646	0.5826588021379643	0.008371219933956623	
FD:FA	253	250	1	80.51516846745655	1.1632477655142417	0.039172253695760606	
E7:BF	231	191	1	40.90675311337112	0.4729006981488027	0.009421402814804018	
BF:77	191	119	1	2.585961123852506	0.033621715665511864	3.0708854414425636E-5	
BF:F5	191	245	1	89.82617420738113	1.270181096530119	0.036990071426501216	
7F:D7	127	215	1	10.114528111939652	0.11622168630517178	3.1581453685970614E-4	
FA:FE	250	254	1	27.08145829421662	0.39953513613902986	0.004384706192714394	
F9:CF	249	207	1	4.278176079511374	0.04701507547100032	1.0980213304256833E-4	
BC:FE	188	254	1	24.46011389679469	0.36084380242727265	0.002701443010458532	
F6:F7	246	247	1	51.27876970341832	0.7369987360462659	0.01549741942487438	
BE:EF	190	239	1	51.59882230818828	0.7119861248000396	0.012161935691754371	
CB:FE	203	254	1	6.073528382107523	0.08959156770735764	1.8134199374033992E-4	
FF:9E	255	158	1	12.145265391256478	0.10017264438377783	9.082780324863834E-4	
77:FD	119	253	1	50.33839681626775	0.7371824464937583	0.007333546810730295	
7F:F3	127	243	1	131.99588057662316	1.8571344846901285	0.05353162499269227	
7D:FB	125	251	1	65.48793515829696	0.9541486123718107	0.012977464824521074	
EF:ED	239	237	1	10.901157116144278	0.1478324500561986	6.8648818926441E-4	
3E:FF	62	255	1	84.46027788024857	1.25668082999348	0.010386885564817858	
FF:EC	255	236	1	34.305585358587884	0.4610353722541666	0.007172677324042068	
7F:F5	127	245	1	55.683994540962416	0.7872105521184399	0.009522598780996592	
5F:7F	95	127	1	29.574030523753937	0.399262800073746	0.0019880295847526123	
3D:FF	61	255	1	22.448215199471235	0.3339763017790771	7.195701454835701E-4	
5F:DF	95	223	1	12.058131687227908	0.14391992566465336	3.315506313601887E-4	
FB:ED	251	237	1	21.19843326221265	0.2874939465074891	0.002701400368733199	
57:FF	87	255	1	80.4260677320749	1.1967103581121818	0.013595135478325436	
2F:FF	47	255	1	43.77738001225859	0.6513155904521917	0.002209775676637585	
DE:DF	222	223	1	21.66480273284596	0.2586028967918825	0.002495664427883094	
FD:7B	253	123	1	6.930310272368088	0.09172599706219274	2.9072725127416457E-4	
7D:F7	125	247	1	36.95220939551467	0.5309921170115596	0.0041331344638284116	
5F:FB	95	251	1	8.262365937996657	0.12036005251630134	1.5484180181880622E-4	
BF:D7	191	215	1	3.1664954482148926	0.03638423298343808	4.618516960926556E-5	
F6:FD	246	253	1	21.150551093242893	0.30973370713420484	0.002634315860052888	
F3:F7	243	247	1	14.030924240722097	0.20161420228754195	0.0011477123658880748	
EF:BB	239	187	1	2.342830953597965	0.026345219676686925	3.185429961116775E-5	
FE:DB	254	219	1	1.822893085125625	0.02124138335448177	2.025609348451492E-5	
FF:3E	255	62	1	3.4589498540230075	0.039420997967438164	7.319814882586813E-5	
FC:BF	252	191	1	11.985170672856988	0.13853242259149262	8.697744074230436E-4	
EE:FE	238	254	1	10.55203417184634	0.15565946823340499	6.395960855058785E-4	
DF:FC	223	252	1	20.523558233024126	0.2979973496499505	0.002235813977819004	
3F:DF	63	223	1	5.930019943795556	0.0707764848185985	5.207551853995097E-5	
5F:BF	95	191	1	13.092081915145382	0.15132040546171785	3.911606922322203E-4	
EF:F9	239	249	1	14.337781305474412	0.20551139078990924	0.0011857365545567189	
EE:EF	238	239	1	4.00700332617031	0.05527900661084923	9.240309611404221E-5	
FE:F9	254	249	1	22.473023158332015	0.3221354367486613	0.003062604855027685	
9F:FD	159	253	1	5.442391542553878	0.07969146158597167	1.1271265509073009E-4	
73:FF	115	255	1	36.439690516984555	0.542174124441444	0.003733796143509711	
F8:FF	248	255	1	4.7436713813822085	0.07057433288513981	1.33518954337431E-4	
AD:FF	173	255	1	9.90993884644446	0.14743783970271615	4.120994352704549E-4	
B7:EF	183	239	1	5.095337868749273	0.07029319305258298	1.1464840599344263E-4	
AF:DF	175	223	1	1.900368395078091	0.02268142498900129	1.53846697495494E-5	
FD:D7	253	215	1	1.1378025565212764	0.013073682714025285	7.863505141333203E-6	
7F:7D	127	125	1	5.763836468597962	0.07597465580443423	1.0220302566549353E-4	
EF:CE	239	206	1	1.3702446250550004	0.01495661103029092	1.090351653490777E-5	
7F:7E	127	126	1	16.963768909545976	0.22368134228846218	8.85292804804318E-4	
8F:FF	143	255	1	10.30474241857806	0.1533108233450784	3.7349252198470883E-4	
BF:BE	191	190	1	1.2562189712005465	0.01436021047723603	7.269763768253865E-6	
9B:FF	155	255	1	7.484059958323912	0.11134464580589112	2.0891118300252217E-4	
DD:DF	221	223	1	25.152798994260092	0.3002428358176384	0.003349242556547558	
FD:E7	253	231	1	12.293951362987247	0.16367148666971928	9.147765512364795E-4	
BF:FA	191	250	1	1.6755076197094019	0.02419560757371534	1.2854167240002003E-5	
C9:FF	201	255	1	9.935717649551925	0.14782237688441613	4.8110604373075564E-4	
B6:FF	182	255	1	23.245065436722353	0.34585557398168915	0.002371320322260741	
FF:B6	255	182	1	6.171347141562286	0.0680331580797969	2.3318928127275438E-4	
BB:FA	187	250	1	4.054238741008447	0.05854691475664417	7.393602085537035E-5	
CF:FB	207	251	1	6.690195124790585	0.09745925386545964	2.2365473135226024E-4	
7F:AF	127	175	1	13.034595204519697	0.13329969198004907	5.258436163952727E-4	
CF:EE	207	238	1	9.915720200843225	0.13554343844777678	4.922067731602342E-4	
DF:6F	223	111	1	3.7212380038723656	0.040920599820657017	7.401819883410021E-5	
BE:BF	190	191	1	1.9674804506740102	0.022739985167725452	1.7756521260255416E-5	
FB:73	251	115	1	4.954189305010271	0.06318018582192099	1.4776448926940758E-4	
DF:D7	223	215	1	2.1621283849777253	0.024843599444517316	2.496234096199667E-5	
FB:C7	251	199	1	3.1765678825455055	0.0335470192840082	6.1017202135254195E-5	
FD:FC	253	252	1	1.9195472398678721	0.027868690494604317	2.2244688336961258E-5	
B3:EF	179	239	1	2.4663202828986104	0.03402394396859815	2.6383372100294832E-5	
69:FF	105	255	1	4.596565983355754	0.06838465544114203	5.477322320774612E-5	
FC:BE	252	190	1	3.3571850342180767	0.03837753086161034	6.825609913844296E-5	
97:FE	151	254	1	5.966321537694632	0.08800943373612383	1.2987755623421657E-4	
EA:FF	234	255	1	6.671666579409112	0.09925917977683348	2.520475507960469E-4	
BC:FF	188	255	1	16.960780658674874	0.25234743812890553	0.0012984893088909166	
7F:DB	127	219	1	4.536578335792862	0.05286293383293327	6.351025300573044E-5	
FE:DD	254	221	1	3.2285916644899872	0.03809701726821865	6.35238186962217E-5	
77:EB	119	235	1	3.2007232537696217	0.04320059724777789	2.9713234247677525E-5	
F7:EC	247	236	1	4.609008875093776	0.06192967228739438	1.2578008432881238E-4	
F7:77	247	119	1	2.783139312869589	0.036185520457791887	4.5903104002598245E-5	
1F:FF	31	255	1	5.370056549687462	0.07989143158645537	1.6585271065836296E-5	
FE:7E	254	126	1	6.599114958331066	0.08701377458458556	2.646573451203746E-4	
FD:EE	253	238	1	1.5699157927638523	0.021459186366790554	1.490479856166607E-5	
3F:FD	63	253	1	9.988096489961938	0.14625210921725804	1.4692826747520475E-4	
BB:DF	187	223	1	1.7085927754822836	0.020392522125917443	1.3197968039351596E-5	
B7:F7	183	247	1	4.051201905870135	0.0582091334916153	7.239074931572036E-5	
BE:F7	190	247	1	3.8639914830825908	0.05551921301860101	6.810047609020013E-5	
BF:F1	191	241	1	1.022253353915338	0.01413872160383171	4.790733375786002E-6	
BB:7F	187	127	1	2.7033849556862433	0.03649494513565744	3.29365682725619E-5	
DF:CF	223	207	1	3.09534298215207	0.03401600566927469	5.1213209638698124E-5	
DF:BF	223	191	1	4.375512380685653	0.0505725522140097	1.0221874511014221E-4	
FB:AB	251	171	1	3.076937393787531	0.030749370061961854	5.731515986850804E-5	
5D:F7	93	247	1	1.9275970563974596	0.027696036886091947	8.282280258461298E-6	
3D:EF	61	239	1	2.4351581291025814	0.0335938072575424	8.486198644802335E-6	
BD:DF	189	223	1	1.8366134771179845	0.021920498371794588	1.5377059710905076E-5	
9B:FB	155	251	1	4.287639158388917	0.06245899488464517	6.861030214233076E-5	
FB:F9	251	249	1	1.5990646813128333	0.022918617209989788	1.5344520563665234E-5	
EF:FA	239	250	1	3.564187183780105	0.051470240969982865	7.325002785472068E-5	
75:FD	117	253	1	1.2147723896312035	0.01778727673227538	4.207644627812537E-6	
CE:FE	206	254	1	2.66638265965676	0.039331578384491056	3.538113027534074E-5	
EF:BD	239	189	1	2.0711262296546193	0.023347920078480824	2.4892789051271975E-5	
DF:BE	223	190	1	2.9224551656377002	0.03340777598626775	4.561143272096502E-5	
F9:7F	249	127	1	1.0505850600364108	0.014182522562537539	6.587817946352116E-6	
6F:ED	111	237	1	4.290802688733501	0.05818534470233209	5.0584865942239046E-5	
3B:FB	59	251	1	2.0645352410095734	0.03007415151030829	5.932472764030325E-6	
6B:FB	107	251	1	2.229365365794278	0.03247533431092232	1.3091182017770436E-5	
7B:DB	123	219	1	2.2238986292333958	0.025914012798131818	1.4858680349047603E-5	
6B:EF	107	239	1	1.1776840270933802	0.01624653234730696	3.658899535575696E-6	
FF:E4	255	228	1	2.5228461364559656	0.03238753874599491	3.882607170440375E-5	
87:FF	135	255	1	3.883116138791709	0.057770488010610445	5.068137032791744E-5	
DF:ED	223	237	1	5.784050257826038	0.07843598041099473	1.7790353595709528E-4	
AB:FF	171	255	1	1.1711035511690022	0.017422778495084678	5.704578424155311E-6	
BF:7D	191	125	1	1.49837980595359	0.0197503282924769	1.0306275394090473E-5	
F3:7B	243	123	1	2.85798731070823	0.037825888231119084	4.7723706445249904E-5	
FD:BB	253	187	1	2.709915569179793	0.03047318678169048	4.462887283763646E-5	
79:EF	121	239	1	2.901471909320405	0.04002696148677498	2.4825411059265182E-5	
F5:D7	245	215	1	2.8898783312415066	0.03320587914948018	4.928812875032201E-5	
CF:FC	207	252	1	2.5751515867248	0.03738704238594788	3.3138706652462945E-5	
F4:FB	244	251	1	1.3425665101818862	0.01955730670334406	1.0538071867309199E-5	
4F:FE	79	254	1	5.81462712233912	0.08577089945296767	6.638493348302961E-5	
6F:FB	111	251	1	5.078479769468258	0.07397919313529042	7.071772844217154E-5	
7F:6E	127	110	1	2.9522179593015068	0.031943144087738094	2.6940525608457138E-5	
FA:FD	250	253	1	4.873960804882361	0.07136868404881996	1.4202515271982813E-4	
EF:F6	239	246	1	3.0592406068783813	0.04357020895238086	5.3986694637450196E-5	
35:FF	53	255	1	3.474935911759736	0.051697398638591054	1.511655002358739E-5	
FD:ED	253	237	1	1.8601087499535456	0.02522395440908494	2.092890777196388E-5	
FF:B9	255	185	1	2.219432239134837	0.02446369501218394	3.0158911675288794E-5	
4E:FF	78	255	1	3.2805885178225056	0.04880614781230892	2.093572306840537E-5	
EF:E7	239	231	1	1.698863846053689	0.022615813340979566	1.6679670606450755E-5	
FF:7A	255	122	1	3.0178798339935535	0.038976005845788066	5.5549674362415545E-5	
CF:BB	207	187	1	2.601008760699563	0.02924842361841028	3.403190810179047E-5	
77:DF	119	223	1	2.5119085540791786	0.0299803032353566	1.8358214511224836E-5	
5D:FE	93	254	1	2.6852436487205824	0.03960950749722267	1.6060127210172865E-5	
BD:EF	189	239	1	5.108791117461645	0.07047883781246005	1.1853640101742752E-4	
FF:B5	255	181	1	2.716015718006659	0.029678008523002203	4.51733541093087E-5	
6D:F7	109	247	1	2.605376460079369	0.0374345842930494	1.8149862501653145E-5	
7B:F3	123	243	1	3.0899089356430176	0.04345708677713354	2.8544783618762493E-5	
7B:BB	123	187	1	2.2642474690470316	0.025461373300134614	1.5415440348218918E-5	
F6:FB	246	251	1	2.9200645082238594	0.042537281024323935	5.0211429894073E-5	
FB:F2	251	242	1	1.7250894120001556	0.024044564493588	1.787275291754128E-5	
3F:EB	63	235	1	3.2070908932971274	0.043286345941315925	1.518338536944378E-5	
7F:EC	127	236	1	1.133149171666095	0.015225375931673947	3.948114357303754E-6	
FB:EC	251	236	1	3.206099433910025	0.04307891527262676	6.179723126032341E-5	
DF:BB	223	187	1	0.0	0.009974042094424021	4.203021964998841E-6	
E8:FF	232	255	1	2.868134741377802	0.042670382419231254	4.623407519683562E-5	
FD:5F	253	95	1	1.6721691973048534	0.016580351304314126	1.70382317406841E-5	
FE:F3	254	243	1	2.0584399209168467	0.02895039753696652	2.570365560307162E-5	
FD:E6	253	230	1	2.190366443033165	0.02859748241003914	2.9050103479874173E-5	
FF:6B	255	107	1	2.0133931326299015	0.021372604906672185	2.4839642762516064E-5	
EB:FE	235	254	1	1.1173034230353454	0.016481131847108504	7.093677050173551E-6	
FA:EE	250	238	1	1.9062066133402857	0.02605599714349315	2.176628413433733E-5	
F4:F7	244	247	1	1.9785957326900447	0.028429000533551393	2.289711967565389E-5	
5F:7E	95	126	1	2.689707608669054	0.03546440503093371	1.6454876404782722E-5	
F7:CF	247	207	1	2.386001937665184	0.026220702010707215	3.3874651821909003E-5	
FF:E9	255	233	1	2.383428473254107	0.03161018132225976	3.462364605982697E-5	
DF:B7	223	183	1	1.9482279388861643	0.02171948648534397	2.0281576689478328E-5	
AF:7F	175	127	1	2.7110467167643217	0.036598352354081556	3.121181339799311E-5	
8B:FF	139	255	1	2.9319302268351644	0.04361923145134987	2.9603405516249402E-5	
AF:EF	175	239	1	2.799568189693206	0.038621286993615105	3.326323975139029E-5	
F7:D7	247	215	1	2.4094132482007273	0.02768506427334987	3.450777144417751E-5	
FF:E3	255	227	1	2.1815433771839596	0.028162339873220255	2.9027209001657603E-5	
7A:FB	122	251	1	1.911791668294892	0.027849208685693908	1.0847243752283324E-5	
7D:DF	125	223	1	2.0573693578626693	0.02455523013150287	1.2873647196235437E-5	
BF:BB	191	187	1	1.881467006813993	0.02115706133800467	1.6313519246738642E-5	
DF:DD	223	221	1	2.2992602177917694	0.02713081089961913	2.821160963971885E-5	
FB:6E	251	110	1	1.8323227155722561	0.01982586094460981	2.0291200302304575E-5	
5B:EF	91	239	1	2.301485129738513	0.03174979384355168	1.1626135024989625E-5	
7B:BF	123	191	1	2.4159202134284157	0.02792296783821674	1.753878779838634E-5	
7D:EB	125	235	1	2.2540769158155287	0.03042350858998321	1.5404396414828975E-5	
1F:EF	31	239	1	1.5885218345735208	0.021914125021763518	1.4544789327071792E-6	
D7:FB	215	251	1	2.3238683314578794	0.033852170823180636	2.774272089337087E-5	
FD:6F	253	111	1	2.3119834128243184	0.025423581582949023	3.2500536545039264E-5	
DB:FA	219	250	1	1.7436562021191002	0.02517976130860021	1.589543374392115E-5	
FF:8F	255	143	1	1.8762819779209774	0.01449469204458099	2.1697477024807844E-5	
7F:B7	127	183	1	4.49533821890789	0.05011568413505014	6.242449099697521E-5	
77:F9	119	249	1	1.9112586934909228	0.02739303140755868	1.0576853311360424E-5	
7F:7B	127	123	1	2.310719149124218	0.030582420031712076	1.6424259853213766E-5	
7B:FA	123	250	1	1.7894666181992174	0.025841202494915113	9.566422039874514E-6	
FC:EF	252	239	1	1.9404926779719776	0.026769953735797773	2.2695246994357928E-5	
DB:7F	219	127	1	1.813867274444807	0.02448663832276132	1.7234144982472132E-5	
EF:E6	239	230	1	1.12979283753127	0.014750506350967222	7.380583419321847E-6	
ED:DF	237	223	1	1.8749823620606287	0.022378495644334	2.022490783375088E-5	
FB:DA	251	218	1	1.1246273143883896	0.013020169578400813	7.632272791013903E-6	
6F:DF	111	223	1	1.6616112134174865	0.01983172219055131	7.6107118821367445E-6	
F7:5F	247	95	1	0.0	0.009342888905567734	5.294276664455703E-6	
EF:AF	239	175	1	2.1687174756837533	0.022178009619867423	2.7351610539978918E-5	
FF:D1	255	209	1	2.116026939686789	0.023443747536676496	2.741094370178893E-5	
4F:EF	79	239	1	2.1139943290571703	0.029163266586147568	8.79164421745829E-6	
7D:FD	125	253	1	1.5962461743904386	0.02337302962379211	7.70724797567351E-6	
FE:AF	254	175	1	1.0216780673506738	0.010447945637178734	6.381266764575226E-6	
9F:FB	159	251	1	2.1467502360421733	0.03127194507931736	1.7539418304688352E-5	
5E:BF	94	191	1	2.0714872627137146	0.023941984415627657	9.715516641916004E-6	
5B:FE	91	254	1	2.1231702724684305	0.03131843081131347	9.875259777460705E-6	
E4:FF	228	255	1	2.0985982619390504	0.03122154140331988	2.4353153168865546E-5	
CF:AF	207	175	1	2.0291875028191684	0.020751081505263478	2.0755656278673672E-5	
7E:F7	126	247	1	2.022966691558079	0.02906637802770417	1.2482210929737101E-5	
DE:F7	222	247	1	2.0229575516059044	0.02906637797806901	2.1649616026095348E-5	
ED:F7	237	247	1	2.0229557788080097	0.029066377970305184	2.3427740590844755E-5	
E7:7D	231	125	1	2.020530200328063	0.026632975080234277	2.2902012998154787E-5	

