BMLVN	8	x2
metabolism	0.9970000
mutations	0.0100000
catastrofic	0.0001000
minWeight	0.05
start biomas	2.0	_
env.size	1.0
feedSourceH	AA
feed port max	15000.0
timeQuant	0.01

key	suscepBits	activeBits	maxsize	popBiomas	currincome	currloss
AA:00	170	0	1	-30.613214539630377	36.2630729675293	105.63584830649498	
3B:4F	59	79	1	4.182371022106726	8.151086960932373	8.293916906356753	
37:74	55	116	1	21.2385625396267	38.188048221248124	37.530084217813304	
2C:67	44	103	1	16.75400891096847	26.737648844776793	26.82783055300953	
3E:6F	62	111	1	12.70482997716996	33.125418052570986	40.69565656933139	
2D:7F	45	127	1	31.560027336354363	50.643355764931634	50.44772429835049	
37:70	55	112	1	18.631597965150128	33.66758460952768	33.2834100186301	
1D:FD	29	253	1	21.39928959007704	23.139445202401415	22.892551925313725	
3E:3D	62	61	1	25.792807820438682	97.50449024768679	143.486883347546	
0E:F1	14	241	1	30.235447329679584	14.466982424737871	14.371074939972084	
3E:6E	62	110	1	15.591351017667035	31.746397688410458	32.16213179866655	
2D:FC	45	252	1	14.102019546698852	22.371417648776152	21.81582068662585	
39:F5	57	245	1	9.714933787770125	18.241627424676118	17.982495858900492	
37:54	55	84	1	8.45103438717244	15.281612859282879	15.09103983293471	
36:70	54	112	1	18.86670921200571	33.66514529171377	33.352682265163764	
2F:F1	47	241	1	9.01727387946653	14.458667503819449	14.062847113375062	
3E:2E	62	46	1	38.17990708489907	78.86410801771233	81.1770012930726	
3D:3D	61	61	1	44.29101631809461	97.65627258662445	106.44881058078747	
3A:D7	58	215	1	3.0304938217887467	5.9587788834856	6.195683900000443	
3D:77	61	119	1	40.33159028939723	43.46663344516604	6.008157105172583	
1B:B1	27	177	1	23.247089445739288	22.340362064053416	22.118833256324145	
25:7F	37	127	1	35.32586350569154	50.65154587262544	50.669571574927346	
37:78	55	120	1	22.451398079400775	40.284567412284865	39.466230655643436	
37:7C	55	124	1	25.771200301341867	46.081464731092375	44.96120976534128	
25:3F	37	63	1	73.220272710043	104.76270779235524	104.78648176095652	
3D:57	61	87	1	15.701679720749683	20.655865770034204	9.767923162427934	
36:F1	54	241	1	8.122453461404065	14.452924065016083	14.246806551331181	
17:70	23	112	1	37.08376423927772	33.699008274148845	33.77126228443933	
2D:5F	45	95	1	17.682863309356463	28.43594421692114	28.323646942580467	
3C:3D	60	61	1	56.52160583800533	97.77518028361212	83.0983239959143	
39:D7	57	215	1	3.007579225381837	5.9587788834856	6.219945269976621	
3D:5F	61	95	1	15.653902403414435	28.417650767989713	25.32194096643512	
33:7C	51	124	1	27.14686871348669	46.082145037750514	45.57782896511221	
13:7C	19	124	1	56.03624928510418	46.118470550471116	46.0875822584902	
13:6C	19	108	1	34.18095104272377	28.161792752947697	28.180776571639317	
3E:1D	62	29	1	25.67133266441837	80.94503368577735	110.27646678920364	
3B:FE	59	254	1	13.274247630242005	24.38003728086729	23.229173190000296	
2D:3F	45	63	1	65.37196249375232	104.72797085710532	104.42650958353006	
2C:6F	44	111	1	20.817521750146547	33.10529839433101	33.05698599312764	
37:D5	55	213	1	2.7477957160883135	5.055346707229402	5.095921491333306	
13:5C	19	92	1	27.006742464586104	22.226845451760084	22.155152945571228	
38:D5	56	213	1	2.605928726358949	5.055346707229402	5.228325982241276	
36:78	54	120	1	22.707648947782427	40.28176735601085	39.59936780151046	
26:6F	38	111	1	23.188595845557604	33.10804059032124	33.16974903534846	
1A:D7	26	215	1	6.406509486369435	5.955142943826297	5.802474217804614	
25:7E	37	126	1	34.23233931140869	49.06360184015601	49.02380357782626	
37:F7	55	247	1	11.211741498178508	20.177946878543203	19.82661807762796	
06:6F	6	111	1	211.22091243412467	33.073670584113	32.4955364742604	
17:6F	23	111	1	36.47733397777048	33.18787509627828	33.22107195753776	
1F:77	31	119	1	39.39945826498733	43.42141743241714	43.51563916312113	
28:67	40	103	1	17.72970358938369	26.741440275417908	26.871322779683933	
23:7C	35	124	1	33.85570342018584	46.099300832148984	46.13598448775523	
30:D5	48	213	1	3.084955160840789	5.055346707229402	4.836940166522699	
1F:E5	31	229	1	9.782833713603347	10.769913724262375	10.536528619501349	
33:3C	51	60	1	56.43257080420787	95.58346374797385	94.54132457777924	
1B:3F	27	63	1	109.44072756662355	104.7236990879192	104.72908627313062	
36:F7	54	247	1	11.376375964751471	20.178055811880068	19.813513741848183	
3A:B9	58	185	1	14.69533858253807	27.4008830321356	26.919367567201544	
13:6D	19	109	1	36.0434067956688	29.69268004815021	29.732846434763488	
17:6C	23	108	1	30.9538339946244	28.161792752947697	28.197303981408442	
39:95	57	149	1	3.969753595968002	7.990327926762744	8.47457009569483	
3E:3F	62	63	1	49.98707525531508	104.65582307390649	109.2208412609847	
37:58	55	88	1	9.90924060912837	17.87733213609945	17.599885685011966	
2C:ED	44	237	1	8.370633570321974	13.051587366906396	12.56088711062524	
37:7A	55	122	1	24.25801901715016	43.42995288459768	42.434908810230645	
2F:F7	47	247	1	12.553581057727191	20.18630107794714	19.73366088430632	
23:78	35	120	1	29.57801029647457	40.28780717649164	40.36332601028952	
36:B1	54	177	1	12.520182699659063	22.324658081131854	22.075427109448146	
2C:B9	44	185	1	17.435815578638998	27.409436897289734	26.76961074708612	
3E:37	62	55	1	41.3638200396868	99.44766667302802	116.03938553513501	
16:6F	22	111	1	37.77871403122392	33.18787509627828	33.21417197974715	
2F:F6	47	246	1	11.93262916608696	19.14789312765043	18.65273177697125	
2D:B9	45	185	1	17.265142553954874	27.40887840251239	26.769443578367966	
29:95	41	149	1	5.394320900889764	7.990327926762744	7.567377082926627	
38:F5	56	245	1	9.817420589862863	18.241813650085238	17.9949089539747	
18:D7	24	215	1	6.482927929083238	5.9587788834856	5.809048811292383	
27:EC	39	236	1	8.879902212679875	12.599959293053775	12.113846144032621	
36:B7	54	183	1	15.526227383565567	27.53412790772763	27.045547849391536	
3C:2D	60	45	1	39.621788012905796	75.92361784606669	73.08484041766764	
30:DD	48	221	1	5.241227692208386	8.511527918224429	8.027072684619071	
1D:D5	29	213	1	4.680714974774894	5.052134286176151	4.856909710054431	
2D:ED	45	237	1	8.288995829647169	13.051401080718355	12.565025590373187	
31:F5	49	245	1	10.863853469427937	18.236913572979883	17.85109809960054	
1D:77	29	119	1	40.12543109129472	43.42667674364422	43.51600891937492	
2F:77	47	119	1	26.6696449644643	43.405664577403144	43.3361521283213	
06:7F	6	127	1	322.8007064706713	50.75482594102896	49.82979509485974	
27:F1	39	241	1	10.132627642144023	14.45564975314085	14.073596156908776	
3E:7F	62	127	1	24.191822579353026	50.62633557014596	52.681520996822954	
32:DD	50	221	1	5.216448842257224	8.511527918224429	8.030531225369563	
36:58	54	88	1	10.02703160738283	17.877145763350953	17.651842632975015	
35:54	53	84	1	8.503599809589385	15.281276360708523	15.111197536935588	
2C:2D	44	45	1	47.73182052078282	75.71965206012318	75.76598045586115	
2F:F9	47	249	1	12.373686313373677	19.87699709131283	19.40123540709074	
16:78	22	120	1	45.94117312163625	40.31562294418018	40.33241981724186	
2D:BC	45	188	1	19.371143111242304	30.732351339516136	29.990411932288257	
27:7C	39	124	1	31.972519376450037	46.09356811810176	46.0933319301001	
15:FD	21	253	1	25.339994879264594	23.14282565342771	22.953316437686073	
32:D3	50	211	1	2.790401481223138	4.575084823541075	4.349760115846232	
16:F1	22	241	1	16.446580050451573	14.466982424737871	14.325470311265349	
1A:D5	26	213	1	5.433709352908066	5.055346707229402	4.907295635414673	
23:FF	35	255	1	18.622375049006	25.21806506131092	24.798852189409555	
25:3B	37	59	1	68.3061359814111	97.83902728484583	97.97072833573768	
2D:6D	45	109	1	18.421309314721725	29.616412106902125	29.613462811102952	
06:7D	6	125	1	302.1293941002269	47.4875398294045	46.64194277906859	
3A:AD	58	173	1	9.864692554193445	18.496975848619115	18.27560520772743	
13:FC	19	252	1	27.1384272733012	22.38016054138895	22.198103641012516	
37:68	55	104	1	13.380875519261862	24.16648591990248	23.8435313664352	
3B:DF	59	223	1	5.648568592373761	10.27157756852619	9.659444561762518	
17:77	23	119	1	47.78729235532101	43.385503350795254	43.42577332129875	
26:F1	38	241	1	10.2281841369432	14.455931980944168	14.079779975981314	
36:FF	54	255	1	14.26704045588132	25.214037022889663	24.640860893164042	
2E:2E	46	46	1	49.22071128883879	78.67484233046854	78.3608755172877	
33:70	51	112	1	19.727506087940462	33.656699845754915	33.54067123127687	
1D:55	29	85	1	15.01147981623056	16.23677846482278	16.244289865115988	
3A:97	58	151	1	5.554864643979378	9.965606179318069	9.325950928197589	
35:FD	53	253	1	12.988498806284072	23.13750640691499	22.64461087037998	
2D:D3	45	211	1	2.954615464780037	4.575084823541075	4.26601243237877	
25:FD	37	253	1	16.256849183420805	23.140560845277154	22.70130972206522	
34:58	52	88	1	10.08517061325406	17.876897408129807	17.673070841043074	
17:74	23	116	1	42.06996560762356	38.21221392666066	38.257274698252964	
2D:FD	45	253	1	14.563415418327299	23.138697407021336	22.62492819056343	
3E:15	62	21	1	28.4023746975576	71.62594309290469	86.12993880584978	
18:F7	24	247	1	22.010436373476058	20.202205105337992	20.028896799173197	
0C:6B	12	107	1	58.038456726499376	26.678037492373196	26.620396884971765	
36:9E	54	158	1	8.40284261483291	14.760325798230877	14.293866137442901	
24:6F	36	111	1	23.294612721792298	33.11189077139897	33.17568413218445	
2F:57	47	87	1	12.670218480310313	20.659905140667135	20.633685213825558	
24:2F	36	47	1	60.646795169969856	85.9300320319176	86.08065641461266	
2E:F9	46	249	1	12.519427146731072	19.877267280633575	19.399326580619626	
26:58	38	88	1	12.50329845232593	17.882442409857912	17.886427427563575	
25:6F	37	111	1	23.084711823660903	33.110495925814455	33.17007274987394	
2D:5D	45	93	1	14.586171113253823	23.469141974022136	23.397941974174444	
17:F0	23	240	1	14.965298339891808	13.632124846027995	13.46939242933135	
27:58	39	88	1	12.38003544289693	17.882442409857912	17.885392110673276	
17:F4	23	244	1	19.465372808811537	17.713614092539054	17.544008023508038	
27:F7	39	247	1	14.110919456354923	20.18049978996628	19.773819939663504	
0D:77	13	119	1	89.08654943230854	43.478221096756506	43.34901779662864	
36:9A	54	154	1	6.292175687461029	11.02742086460222	10.642048514794972	
2A:D5	42	213	1	3.445770016487513	5.055346707229402	4.737114913646623	
39:53	57	83	1	7.943191389490291	15.039840602588367	14.957733773066805	
14:F9	20	249	1	22.13998157575305	19.88281410219474	19.70970962574893	
16:6D	22	109	1	33.804140723821895	29.69268004815021	29.74529659293723	
3E:0D	62	13	1	21.973884390511067	44.93198820418825	45.67715288779611	
06:67	6	103	1	170.61084614548435	26.686535229190362	26.244502961626264	
11:6C	17	108	1	33.56296597735011	28.161792752947697	28.183809615141204	
36:F5	54	245	1	10.26746690392393	18.23749523725516	17.93981500180349	
27:FF	39	255	1	17.620457720806698	25.216816299823307	24.746295251637353	
36:B5	54	181	1	14.4663570231383	25.707190262553283	25.31505418986574	
23:BF	35	191	1	24.98545947826307	33.82497990920842	33.26647997200262	
32:70	50	112	1	19.933062961334773	33.65412579001225	33.57185761866203	
1B:91	27	145	1	6.152717783579752	5.919324295662355	5.686200920229361	
35:55	53	85	1	9.009215531166651	16.254979816105827	16.15626456547854	
37:79	55	121	1	23.072470552162244	41.551955875064166	40.9010789176401	
37:1D	55	29	1	44.97262914150753	81.06387818776672	79.83701607233058	
2D:4D	45	77	1	2.4780010220999844	4.009875901366957	4.035290218017844	
2D:EF	45	239	1	9.079251666779022	14.30248423194619	13.780731204059446	
14:65	20	101	1	26.59395142741833	23.86413464393722	23.962754228735264	
1F:70	31	112	1	30.56701590091218	33.71335065245655	33.83275644261342	
1F:1D	31	29	1	73.58887836638988	80.49511827559789	80.45265641831631	
36:98	54	152	1	5.51914800267291	9.694266176107417	9.383407255789527	
2F:73	47	115	1	22.800250286933583	37.17192881003426	37.19812168899365	
16:B1	22	177	1	25.416999392782	22.337694670556477	22.145966220629074	
3B:9F	59	159	1	8.372975843203493	15.578269835162454	15.059589350665293	
16:65	22	101	1	27.17586802141737	23.86413464393722	23.95836239464815	
39:73	57	115	1	19.880725605060853	37.153290458826596	36.46772110345697	
26:EC	38	236	1	8.961480293635958	12.599518352239606	12.120791322496975	
16:70	22	112	1	38.407961645368836	33.69595355037165	33.75986662624275	
03:BF	3	191	1	856.0440340810529	33.86987912128037	31.685421738685946	
29:D3	41	211	1	3.122225496258119	4.575084823541075	4.234182572514274	
16:6C	22	108	1	32.05841735804663	28.161792752947697	28.19145477479165	
36:7A	54	122	1	24.526443702392818	43.42670509680676	42.59399535598072	
1E:BD	30	189	1	29.672647994905915	31.64761098869734	31.32535877634543	
3C:77	60	119	1	22.85778536599879	43.3994179302058	41.281085439381044	
1E:6C	30	108	1	26.34916161312355	28.161792752947697	28.222950646160896	
25:EF	37	239	1	10.112448079207653	14.303691796920043	13.821788684681795	
37:F8	55	248	1	10.482246892089005	18.781296796071846	18.34405729247767	
3E:55	62	85	1	2.740862553869738	16.253537163170723	26.932109177211597	
37:98	55	152	1	5.4240931369178575	9.694266176107417	9.427850613811017	
2D:A9	45	169	1	9.948627292337479	15.63270381910065	15.001113374080573	
29:91	41	145	1	4.0553886334846005	5.9237077266733875	5.444633761803438	
19:D7	25	215	1	6.327773079268879	5.955450158636159	5.799604140422476	
17:F7	23	247	1	22.1850190055756	20.181644495888197	20.010176862594125	
1F:78	31	120	1	36.57578218736053	40.303412506729764	40.37181275793184	
2F:B9	47	185	1	17.060983914616788	27.410701437737988	26.774300907827207	
19:D6	25	214	1	5.799354302816487	5.462063421685026	5.305041689683736	
1F:55	31	85	1	14.740320370076162	16.238968793667528	16.24862932959672	
33:58	51	88	1	10.4764212738783	17.87651051023364	17.767926941143035	
1C:D5	28	213	1	4.8271058611407724	5.052222731168516	4.8684402867717935	
37:DD	55	221	1	4.859414345763787	8.511527918224429	8.0618055642882	
25:39	37	57	1	62.182499357410414	89.10468781339418	89.33663719070411	
3B:97	59	151	1	5.564789089323593	9.965606179318069	9.191083944834547	
36:A9	54	169	1	8.798581110145115	15.643737665184185	15.39800274622317	
18:D6	24	214	1	5.941258099946968	5.462063421685026	5.311289011903257	
25:FE	37	254	1	17.13979862453662	24.384318769059526	23.887652850168955	
29:15	41	21	1	47.10967193026525	71.75802245869177	71.88635793167083	
36:F6	54	246	1	10.831077243218562	19.139334805092997	18.702255904500934	
3B:FF	59	255	1	13.624504777121171	25.213755026806442	24.242792532099454	
2F:79	47	121	1	25.538589261898203	41.5575860239967	41.48908075528526	
35:1D	53	29	1	45.24290629131852	81.05815844534095	79.95800927064516	
2E:77	46	119	1	26.982108327945042	43.406933021720526	43.36793696291784	
1F:3F	31	63	1	95.33925598423744	104.72323670826064	104.80192371611025	
18:97	24	151	1	10.838309099967429	9.95813333292424	9.665959651311374	
2B:F9	43	249	1	13.1656154024394	19.87413931469431	19.408546333212392	
38:D6	56	214	1	2.8179427179783683	5.462063421685026	5.643891004271054	
34:B9	52	185	1	15.560663671094554	27.40638189782393	26.902109673413346	
3B:70	59	112	1	17.966927801907765	33.67596498132068	32.88608600939098	
2F:4D	47	77	1	2.4473795140206804	4.009875901366957	4.035447234422186	
1B:A7	27	167	1	16.385144188877486	15.760100084487181	15.503283878929887	
2E:BD	46	189	1	19.913092931303304	31.645368518159355	30.959560281978415	
0D:D1	13	209	1	6.194443183087346	3.0555551508503744	2.9835760791286443	
1F:19	31	25	1	63.19354701962924	69.21397694920789	69.26501995085276	
07:F7	7	247	1	112.47976259605072	20.202205105337992	19.8904357033642	
1B:7F	27	127	1	52.8039303911931	50.64221283697156	50.649261522692335	
0E:F3	14	243	1	34.91021037051015	16.705681833466503	16.5912664654766	
3A:2D	58	45	1	40.9928274725225	75.94690001192838	74.19613332138718	
27:FE	39	254	1	17.051377513831497	24.38314212968957	23.881184328138556	
13:6F	19	111	1	40.27941346642714	33.18787509627828	33.20161688069883	
1F:6C	31	108	1	25.519481350100047	28.161792752947697	28.227321404751844	
12:78	18	120	1	50.02742627321018	40.30085575059083	40.29779466377127	
35:58	53	88	1	9.96830029952224	17.877090914494385	17.628551352361196	
26:FC	38	252	1	15.79832730746193	22.37380170376634	21.908102380322173	
17:E4	23	228	1	11.468177727921313	10.450591401814503	10.282271116297695	
21:7E	33	126	1	36.06081166862249	49.069871656427296	49.067500462117735	
37:75	55	117	1	21.754184704331944	39.25767317845903	38.761278383924235	
27:E8	39	232	1	7.784791432035014	11.026745836656463	10.551895947855224	
25:38	37	56	1	61.018037909834796	87.40164039624042	87.51683089068892	
1A:AD	26	173	1	19.92030971370981	18.512400213829167	18.249153964331416	
16:2D	22	45	1	86.73627838943955	76.18822052868144	76.31255295825156	
29:D5	41	213	1	3.4298893721352166	5.055346707229402	4.737756872222894	
34:9E	52	158	1	8.462176382575814	14.764842262119611	14.28779808067092	
16:F4	22	244	1	20.154802380400238	17.712465876000124	17.55076933893111	
38:95	56	149	1	4.079383144992489	7.990327926762744	8.348505661686904	
27:1D	39	29	1	56.20447475197448	81.18520458943692	81.19904160844705	
13:F4	19	244	1	21.481353688275828	17.715594048937685	17.56584797904602	
2A:2E	42	46	1	52.305924545989114	78.68701252536155	78.61751342614478	
2F:1D	47	29	1	49.82899625611433	81.12349221126395	80.91613995620295	
38:F6	56	246	1	10.407089682891263	19.145569403195356	18.664292905733475	
2E:F3	46	243	1	10.524111697707841	16.695211087554192	16.264172351705543	
2D:D5	45	213	1	3.244340180363248	5.055346707229402	4.768075904415029	
3B:0F	59	15	1	43.17831971158613	80.56555899149338	78.17023992599297	
03:6C	3	108	1	713.3672019093377	28.161792752947697	26.40683363954516	
35:ED	53	237	1	7.316987080181139	13.058544468459543	12.802028613145435	
06:2F	6	47	1	549.8599818955984	85.69497376201882	84.18887097781705	
3B:3D	59	61	1	53.2026584925951	97.74473790159581	93.53209679095418	
2E:E7	46	231	1	7.227862797029165	11.384394176600512	10.957242965210572	
0E:BD	14	189	1	66.22651880993244	31.65228237212791	31.44141751625453	
19:57	25	87	1	21.973105341938354	20.630664224747797	20.59801291126769	
32:7A	50	122	1	25.826390031362152	43.41231850401361	43.02552138916777	
2C:E7	44	231	1	7.3013171522576945	11.384880755819388	10.951055059034728	
39:FD	57	253	1	12.484348545448597	23.13705393736255	22.471031547398393	
27:FC	39	252	1	15.649555033963557	22.37454404463316	21.89986402925229	
24:ED	36	237	1	9.311605954566305	13.052762589878805	12.601263589270713	
21:7F	33	127	1	37.218020327123945	50.65770029335997	50.706348330405525	
26:FE	38	254	1	17.21366930528911	24.382247355817633	23.889935430091086	
37:F5	55	245	1	10.112868079301311	18.237360208646184	17.96396946038002	
33:F8	51	248	1	11.171813784657761	18.77881277879222	18.28071353347551	
3A:55	58	85	1	8.68085809571342	16.259324602309004	16.034159443153428	
27:F5	39	245	1	12.75790440120992	18.240151277742292	17.856110437857197	
26:B1	38	177	1	15.779132022112979	22.330988267599988	21.835139158903743	
36:D8	54	216	1	3.174945155702385	5.703625816630156	5.684245316768188	
3B:73	59	115	1	19.787839010292803	37.15078064145124	36.35617166639442	
21:5F	33	95	1	20.867888858045927	28.43594421692114	28.402136860950495	
2F:53	47	83	1	9.203364947589257	15.044657260598708	15.085838505284322	
1D:95	29	149	1	7.394645727521843	7.983024190810813	7.7224640700442695	
22:D3	34	211	1	3.4634315427533724	4.575084823541075	4.262065318888722	
0F:FD	15	253	1	46.56588814529892	23.163764840055077	23.01078958466016	
2F:F5	47	245	1	11.34906171432251	18.244899329835437	17.826338599885315	
39:75	57	117	1	21.102300936101066	39.27781406073027	38.37154280965148	
36:68	54	104	1	13.546430785316335	24.16564422912185	23.900102231555927	
1A:DD	26	221	1	9.14988821675527	8.502561474993499	8.2697907961251	
14:75	20	117	1	43.84080725590634	39.27547306315751	39.34163872727842	
3B:BF	59	191	1	18.27343108288986	33.81724008012582	32.5295980832911	
2D:55	45	85	1	10.082478218456487	16.263728951903385	16.282087921895517	
1F:A7	31	167	1	14.315501776025796	15.760100084487181	15.420338960017714	
32:D7	50	215	1	3.598667659412435	5.9587788834856	5.752908537800537	
17:7C	23	124	1	50.751306827890396	46.10812302222149	46.101940242711784	
13:6B	19	107	1	32.38574175050151	26.678037492373196	26.722228677245685	
2C:D5	44	213	1	3.2780779126398327	5.055346707229402	4.758888045026204	
37:D7	55	215	1	3.237174164179739	5.9587788834856	6.010328922360784	
36:DD	54	221	1	4.919781947917607	8.511527918224429	8.071135612765897	
1F:05	31	5	1	42.298532360227114	46.59765896897413	46.58529231045749	
25:ED	37	237	1	9.233426816939497	13.052520011036469	12.59459735681713	
1F:18	31	24	1	61.710458466918446	67.60385490118122	67.59165368760448	
17:7F	23	127	1	55.77944722816387	50.653518802713585	50.64538876308964	
1A:D3	26	211	1	4.915466147374723	4.572267172387206	4.412885019526167	
17:65	23	101	1	26.237367671987517	23.86413464393722	23.96553029169982	
32:9E	50	158	1	8.945413287137999	14.764842262119611	14.18466629611467	
36:D5	54	213	1	2.8143459107043	5.055346707229402	5.037562911110281	
3A:73	58	115	1	19.93117768591865	37.151321552305504	36.50238492799767	
12:7A	18	122	1	53.93361960135235	43.43712806515086	43.40725492527235	
16:72	22	114	1	41.1693057177238	36.11155619559794	36.15222917715509	
23:7A	35	122	1	31.902557867992265	43.430164353559064	43.46890009011292	
1F:A3	31	163	1	12.578759650609456	13.844023572944625	13.504699591456442	
1F:3D	31	61	1	88.9830317903118	97.79084725275789	97.93952856858576	
1D:A7	29	167	1	14.57133859686665	15.760100084487181	15.433289265666208	
26:4F	38	79	1	5.688335431579982	8.151086960932373	8.189366751498486	
18:B7	24	183	1	30.047518113464545	27.561207769610256	27.328991509173612	
06:EF	6	239	1	90.99262727113314	14.318648115874032	14.0441411025363	
12:D7	18	215	1	7.356027872309176	5.952705743527947	5.828571673767439	
0E:FD	14	253	1	48.40953743976304	23.163764840055077	23.008515120854636	
2F:1C	47	28	1	48.6576728984999	79.11713508627363	78.74453441352763	
37:B5	55	181	1	14.24822745541786	25.706932638558236	25.34883139300232	
20:5F	32	95	1	21.02401045053651	28.43594421692114	28.402458878409572	
3E:2D	62	45	1	21.80361754026273	75.81372201018364	107.91406709661578	
21:5E	33	94	1	19.712631159437205	26.848587444111416	26.780101098110777	
37:7E	55	126	1	27.485160454344292	49.048438197359744	47.741998156068775	
39:F6	57	246	1	10.325376468721194	19.146102729209115	18.600012307185445	
36:0E	54	14	1	39.33286676640624	69.88157145765177	68.6640923162425	
3B:50	59	80	1	6.377487619566146	12.147282901567895	12.059733273813418	
2E:F7	46	247	1	12.701546548694237	20.18659129649593	19.732427677236334	
16:52	22	82	1	16.224848272577443	14.227761858006382	14.208927719963407	
3A:51	58	81	1	6.779322351520727	12.900008117638839	12.951533710264608	
3E:78	62	120	1	9.103051380830582	40.22953346750146	62.12807390028634	
17:5C	23	92	1	24.46479558875807	22.220142157439113	22.158307813039933	
17:E5	23	229	1	11.8201573268567	10.769913724262375	10.611786312073267	
26:F0	38	240	1	9.652920003211579	13.621708338035994	13.216944871113174	
37:D8	55	216	1	3.1003500737930527	5.703625816630156	5.7489878005669075	
06:66	6	102	1	166.2342278542713	26.010198666492972	25.56864211275206	
36:E7	54	231	1	6.400434906019861	11.38643099476731	11.216206068024563	
0E:E7	14	231	1	23.79251677752574	11.393665429044848	11.300123668718376	
27:AC	39	172	1	12.664694419578634	17.97644133807763	17.311485711486036	
1B:11	27	17	1	63.967255530068705	61.078145494260774	61.14462813009291	
16:73	22	115	1	42.37782837641219	37.16930282726512	37.23337998001487	
2F:BD	47	189	1	19.682973680710905	31.64488352200669	30.95581322083459	
28:15	40	21	1	47.56873695208214	71.75802245869177	71.890366241381	
12:F7	18	247	1	25.005068331798103	20.184037147233326	20.03420376073138	
36:E9	54	233	1	6.381849873895353	11.348663298494312	11.170321351906255	
16:68	22	104	1	27.541062099493704	24.189934417799687	24.244246754273263	
1B:70	27	112	1	35.10156436857577	33.7061669308586	33.7917445425319	
16:62	22	98	1	24.626554725273824	21.626651282954672	21.70266655212422	
37:1C	55	28	1	44.02882713120521	79.05952860423504	77.47976403286401	
15:E5	21	229	1	11.774791317470488	10.769913724262375	10.610669555052105	
35:50	53	80	1	6.706707077154821	12.14665514539009	12.127010362066434	
1F:F7	31	247	1	18.332313450411498	20.18966445354978	19.954130133478433	
25:BE	37	190	1	23.086482974135926	32.83675720551242	32.1740457215678	
3A:9F	58	159	1	8.417464688436118	15.578517156531747	15.151567146768317	
24:E7	36	231	1	8.125168705044485	11.381607556795718	10.969124693708183	
3E:7D	62	125	1	15.895866989349107	47.341956177850236	62.73918344663084	
23:EF	35	239	1	10.616384916570002	14.303698171586175	13.864044511675667	
1C:DD	28	221	1	8.125853523952017	8.501553441315743	8.223961140005326	
18:F6	24	246	1	20.875436046511457	19.162222440236015	18.977126568814644	
38:F4	56	244	1	9.586204031511219	17.71179631093959	17.35597436791729	
16:63	22	99	1	25.300027714691222	22.21591769520539	22.31147734688267	
22:F1	34	241	1	10.78426783031312	14.453889060580368	14.114419706562119	
1D:37	29	55	1	92.2390595912472	99.68803095239582	99.86819011104247	
27:73	39	115	1	25.726095238693883	37.15292957823995	37.303489101439745	
1F:75	31	117	1	35.65562372650756	39.307118172137955	39.43180534043376	
3B:7B	59	123	1	24.22054120640442	44.73545919258234	42.974664161673445	
25:58	37	88	1	12.447196118985856	17.882442409857912	17.886006946125	
1E:9D	30	157	1	12.689070487925301	13.517486738290252	13.182104148076917	
3B:60	59	96	1	10.635984091342277	20.497311854264844	20.628306406726963	
37:E7	55	231	1	6.285494279503854	11.386254835789803	11.271958273417846	
15:A5	21	165	1	16.341983101216623	14.947334805188369	14.726323200648043	
2D:4C	45	76	1	2.1427081404751576	3.4678922349017554	3.490829446681794	
0D:6B	13	107	1	54.698181928910714	26.64611688804617	26.600088223943466	
32:78	50	120	1	23.928169177485852	40.26930475706498	39.971619597946976	
19:F6	25	246	1	20.369466628741982	19.162222440236015	18.970553699545793	
1F:6D	31	109	1	26.904176514740406	29.67913483163715	29.77642106373489	
36:FD	54	253	1	13.076974980924968	23.138779359857796	22.64640624366811	
1E:EC	30	236	1	11.817951202264577	12.611816072249919	12.346979843662366	
3E:0F	62	15	1	43.73550318757567	80.54453386361867	73.19538522431344	
25:BC	37	188	1	21.611819029854217	30.73589784194513	30.108599154785782	
2C:FC	44	252	1	14.239247926313821	22.370641969436456	21.81968184039802	
07:AC	7	172	1	100.17955646486416	17.99969871728282	17.713880907521165	
2E:AD	46	173	1	11.732687901254025	18.485387954222286	17.820885848100183	
3E:17	62	23	1	52.30985888653685	97.5129194742984	89.95298486880642	
2E:E9	46	233	1	7.2147264050213264	11.343608815318168	10.885574913610139	
25:D5	37	213	1	3.613295547412608	5.055346707229402	4.742322350064911	
3E:4F	62	79	1	2.008484426101931	8.151086960932373	12.233642463520457	
1D:FC	29	252	1	20.690663432924048	22.372637398697673	22.1078113603701	
2D:D4	45	212	1	2.6958586466581425	4.1665107481704995	3.871492025949189	
3E:3E	62	62	1	57.31641542388273	102.72661004333781	90.63550497863632	
2C:D1	44	209	1	2.0349977078411623	3.0555551508503744	2.731449941037449	
0C:BD	12	189	1	68.76586833447793	31.64466168047994	31.430119783025443	
17:DD	23	221	1	9.33115385978155	8.503604637608086	8.276807415247697	
3B:7F	59	127	1	27.635971107226098	50.63748566951784	48.17634780536561	
29:55	41	85	1	10.676121557700604	16.263728951903385	16.29616004512791	
1A:2D	26	45	1	82.08158996519096	76.14310284661514	76.29528979288268	
17:FD	23	253	1	25.43806833994284	23.144571207814973	22.955978562805697	
34:98	52	152	1	5.564952986573075	9.694266176107417	9.36078423643475	
1E:52	30	82	1	13.341298740677368	14.239333386533747	14.237784412537449	
12:D5	18	213	1	6.237306181272924	5.051249274000879	4.931721358679065	
0C:B5	12	181	1	55.881905018768705	25.746247350360917	25.581033602977097	
19:56	25	86	1	20.811000828997024	19.54328232309094	19.4990952932006	
39:3D	57	61	1	53.26252037787032	97.7224182211103	94.17222722318324	
1F:65	31	101	1	21.617055223569352	23.86413464393722	24.00795467973429	
03:3F	3	63	1	2660.0101732375842	105.19416519386722	98.45896660192531	
27:6F	39	111	1	22.96038218029437	33.106761338567495	33.16351412633804	
03:7C	3	124	1	1168.6443440482808	46.17950848651125	43.25819011656303	
24:EF	36	239	1	10.1982609701455	14.303955842970586	13.82904476526814	
0B:8F	11	143	1	6.288951876745832	2.2967968322665016	2.2147062516437934	
17:E7	23	231	1	12.504656399301718	11.393665429044848	11.225608668324824	
25:37	37	55	1	69.50675532461197	99.47384999215609	99.69377002384182	
3A:AC	58	172	1	9.662514066150498	17.984742579354368	17.61830574957905	
2C:DD	44	221	1	5.520962752425887	8.511527918224429	8.007619620219447	
39:57	57	87	1	11.054236536548482	20.653690129334564	20.23063442191388	
1B:15	27	21	1	74.65297541977456	71.37656779474574	71.33798887131462	
1E:6D	30	109	1	27.779867789560683	29.69268004815021	29.784039054754707	
35:91	53	145	1	3.267294026451507	5.9237077266733875	5.919419599731682	
37:76	55	118	1	23.394690806971596	41.972654148300336	41.14218955430362	
1F:A5	31	165	1	13.577387396455581	14.947334805188369	14.623424568883657	
3E:07	62	7	1	52.279219298559184	107.78066448508321	110.3776065946391	
17:E6	23	230	1	12.146964349029975	11.069168002281234	10.890673912374139	
1D:E5	29	229	1	9.957628270499074	10.769913724262375	10.545588420989013	
3B:FB	59	251	1	11.668142977616737	21.798189676027423	21.19235183029377	
10:F7	16	247	1	24.45843151299929	20.18641304877631	20.03337279875192	
29:F6	41	246	1	12.752293112211214	19.149715920782267	18.677483945447182	
0F:18	15	24	1	136.99889953193386	67.83923852839932	67.51941732481303	
36:54	54	84	1	8.55552568619941	15.281355083621678	15.127641382853405	
37:38	55	56	1	48.7747438866965	87.35179995053849	85.60260959874759	
16:E3	22	227	1	11.29307794036504	9.94086274180605	9.786631372499746	
3B:0E	59	14	1	37.96352693123568	69.83935356490444	66.63357274047965	
36:7F	54	127	1	28.593197772869786	50.63689107933315	49.69418790418169	
39:39	57	57	1	48.15202079675846	88.96970299790084	86.49611706717303	
3B:5B	59	91	1	11.673758969354122	21.719910117626675	21.004196127391225	
37:FE	55	254	1	13.659492694223315	24.380158349515852	23.70227758266224	
1B:51	27	81	1	13.425226469273714	12.885928931791694	12.89988207758359	
17:FC	23	252	1	24.59133450607596	22.377734476545797	22.175130411323977	
27:EF	39	239	1	10.061587015189362	14.302973232946842	13.817000426126437	
17:E0	23	224	1	9.92159726279888	9.04307520502238	8.877694531459179	
33:7E	51	126	1	28.927177262773323	49.0484223595832	48.441865631420605	
23:7E	35	126	1	36.05098203768166	49.06416206811994	49.061644885815724	
37:65	55	101	1	13.074327104635993	23.831909811556326	23.794132432986757	
2E:BC	46	188	1	19.36794185844109	30.73328888508168	29.9910417827519	
25:78	37	120	1	28.08000388618426	40.29524757163072	40.34674467516797	
3B:3F	59	63	1	57.198732398145594	104.70308929603287	99.76916223217849	
3D:5E	61	94	1	17.229959824409526	26.835640107757257	19.02322587055061	
36:BD	54	189	1	17.8820334467853	31.64253812118017	30.98578266119592	
2E:BB	46	187	1	18.459867280709723	29.30741991559601	28.61934589642339	
12:72	18	114	1	44.83298280036508	36.09391865325454	36.11508699164806	
2E:3B	46	59	1	60.9801350987202	97.7853484396946	97.56511442755674	
23:9F	35	159	1	11.568078087053827	15.584393007655267	15.0557254557635	
1B:7B	27	123	1	46.65540744323869	44.74073478340452	44.779576806244556	
1E:B9	30	185	1	25.698951426221107	27.416126137634503	27.104435358954024	
13:54	19	84	1	18.54773546516153	15.258995147227008	15.228676772730557	
17:6D	23	109	1	32.63875172049513	29.69268004815021	29.75221521190331	
3B:58	59	88	1	9.640027529024408	17.872451417720292	17.209186084442372	
37:4D	55	77	1	2.1821736663446885	4.009875901366957	4.036200401735261	
36:7C	54	124	1	26.05046604064178	46.07777599976809	45.14125814948913	
33:72	51	114	1	21.18102417190338	36.074482094278686	35.86987072577712	
2E:BF	46	191	1	21.285405584910553	33.820235988290456	33.08347422923939	
05:ED	5	237	1	89.10133472678238	13.066263540501069	12.822793298640201	
16:F5	22	245	1	20.760394185495574	18.242592931902273	18.093204969200016	
12:6C	18	108	1	34.911376788763704	28.161792752947697	28.177269440663807	
35:FF	53	255	1	14.173371722252073	25.21478432723406	24.635191489216247	
16:E9	22	233	1	12.899180799135989	11.353727720802363	11.185022559535913	
2C:BB	44	187	1	18.64462309595304	29.308947348253376	28.62283198978141	
03:BE	3	190	1	830.726833011012	32.878224116135534	30.7479510235154	
37:3C	55	60	1	53.56888003977437	95.58050424728764	93.26592484064797	
27:68	39	104	1	16.721307939193267	24.1473711980628	24.234773731993286	
39:60	57	96	1	10.732374096691787	20.496503813727006	20.596547776066785	
33:EF	51	239	1	8.541995472349303	14.310497661432459	13.852667599519789	
3B:3B	59	59	1	52.931885711969855	97.68705565928475	94.03613370746882	
39:4F	57	79	1	4.225137312364046	8.151086960932373	8.27290118191194	
1D:DF	29	223	1	9.504328160796236	10.262344267766105	9.98260608035054	
19:D5	25	213	1	5.367129473262986	5.052507148471323	4.901286798295302	
38:97	56	151	1	5.566471330123972	9.965606179318069	9.384320594781002	
17:7D	23	125	1	52.19158267606234	47.40721000859682	47.4277957611337	
12:32	18	50	1	102.21920078483234	82.0868249651837	82.135088776721	
02:7A	2	122	1	1850.7937985204733	43.51689762367877	38.807668914617025	
0B:DB	11	219	1	20.952316637261166	7.524057716008734	7.4578677338195	
17:47	23	71	1	3.3845466798771233	3.0805016285688134	3.0710080014463754	
35:79	53	121	1	23.212116833683087	41.54813568466625	40.959698560350986	
2F:56	47	86	1	12.016503715699779	19.56808388247372	19.501937197596526	
24:4F	36	79	1	5.714737945789538	8.151086960932373	8.188893700211489	
1B:6C	27	108	1	29.300522222564812	28.161792752947697	28.20639372015717	
24:FF	36	255	1	17.867214045355386	25.21847233933015	24.76100424460935	
3E:35	62	53	1	22.368982337734316	88.5655671810312	132.37477107297755	
2F:FE	47	254	1	15.187764359885495	24.381406631674242	23.779562444884615	
34:90	52	144	1	3.14515594366023	5.557085995027128	5.468351443198373	
1C:55	28	85	1	15.503422024638548	16.237588036397323	16.24136054156054	
03:4C	3	76	1	87.75215407419164	3.4678922349017554	3.2481950000089306	
3B:74	59	116	1	20.631045390004484	38.210644108781196	36.79614544464211	
1A:A5	26	165	1	16.082900707299437	14.947334805188369	14.719665311422732	
21:FE	33	254	1	18.021480018388882	24.385804136305637	23.939239018342587	
0F:1A	15	26	1	166.0202162652748	82.10344523536777	81.66857920105333	
2D:9C	45	156	1	7.955738007847236	12.446465828782404	11.824042391615876	
0B:CF	11	207	1	3.2339658921984626	1.1891550328727036	1.1355874136389932	
25:3E	37	62	1	71.85150343296137	102.77392356120177	102.68830035699591	
3B:64	59	100	1	12.301279258432302	23.246224273351974	22.890971072806764	
3B:57	59	87	1	11.015018067165649	20.652493139112572	20.14333445980763	
36:D7	54	215	1	3.3120476700080825	5.9587788834856	5.949687769658623	
38:F7	56	247	1	10.904020899782427	20.18458988949082	19.823004404442738	
1B:6D	27	109	1	30.894328087375943	29.69268004815021	29.763150789868707	
17:F5	23	245	1	20.049737416226233	18.24231940747092	18.085544989694974	
25:6E	37	110	1	22.13155273675574	31.725497881317555	31.733213585805004	
15:FF	21	255	1	27.614745359895306	25.220486517348693	25.014303852813892	
17:58	23	88	1	19.650048021504567	17.85755113882339	17.828036777459968	
33:6C	51	108	1	16.529904168075742	28.1314280209209	27.884689627572232	
06:BD	6	189	1	201.42183174480803	31.688317708868322	31.089570033869517	
3B:B3	59	179	1	12.715669867867792	24.203294908928676	24.037258934526307	
1E:63	30	99	1	20.780658584981587	22.21591769520539	22.351269028815548	
33:FE	51	254	1	14.49396368950462	24.38048036028136	23.761039152462512	
3D:75	61	117	1	25.87214919545345	39.29854709527899	26.612880276508744	
0E:7D	14	125	1	99.41405982837426	47.405624342172274	47.242496331443554	
1D:D7	29	215	1	5.514970512660047	5.955007884072868	5.755003072742349	
2F:A9	47	169	1	9.828534175356427	15.633803062487528	15.018677616596884	
2D:4F	45	79	1	5.03733117675299	8.151086960932373	8.202303648940626	
25:7C	37	124	1	32.14493205263615	46.08842039470209	46.093072458051765	
1A:2F	26	47	1	93.07215306602639	86.32065976072174	86.39329809467918	
28:D5	40	213	1	3.460567811011937	5.055346707229402	4.7367519840582295	
37:FA	55	250	1	11.78092974700914	21.08542180136406	20.56805196892941	
1B:D7	27	215	1	6.19230227049939	5.955016995725172	5.793322492175412	
3B:FA	59	250	1	11.37641959986584	21.08172039358402	20.301706284589756	
1D:57	29	87	1	19.071051654400872	20.626498061477953	20.6105465617271	
2D:4B	45	75	1	1.7069584611979691	2.7611781666821673	2.7770300923495927	
25:19	37	25	1	48.49078948606708	69.72554744139809	69.8795462099584	
3B:51	59	81	1	6.699577794151328	12.899641032266862	12.960490001665548	
12:F5	18	245	1	22.5986089369463	18.244855597709922	18.10960957454889	
2E:3E	46	62	1	64.21264118033481	102.70696724658158	102.13692435097508	
3B:3E	59	62	1	56.52972187032595	102.71190071657055	96.97692496755467	
1E:E9	30	233	1	10.639513133283119	11.353727720802363	11.107822169890671	
2B:D5	43	213	1	3.4136378398531115	5.055346707229402	4.738657947334211	
3B:10	59	16	1	31.85937627039411	60.66789281655912	60.28915253149587	
2F:4F	47	79	1	4.9747088077693205	8.148031492354272	8.200555805642392	
0D:D5	13	213	1	10.294580615280022	5.055346707229402	4.979869633221968	
2B:64	43	100	1	15.169852561533682	23.230503594396875	23.349864254587338	
31:6C	49	108	1	16.606106709083218	28.130004498471383	27.90200015633703	
37:71	55	113	1	19.125362110847156	34.693655390012005	34.46567199586069	
38:D7	56	215	1	3.0779204601907972	5.9587788834856	6.149159574771312	
34:EF	52	239	1	8.163228491340536	14.310489368215844	13.946533606929856	
1B:72	27	114	1	37.62749268956156	36.12516180677705	36.1870332853511	
1B:37	27	55	1	103.9833081287772	99.69052957109841	99.7959110335931	
37:D6	55	214	1	2.968435090742033	5.462063421685026	5.506854971458674	
1F:B9	31	185	1	24.9035622742108	27.415694097720607	27.08407401652049	
1E:BC	30	188	1	28.81954558576209	30.735415039760966	30.389604844304188	
19:3D	25	61	1	104.44384442291467	97.7588626103984	97.81783586607723	
33:6E	51	110	1	18.68707946704125	31.758278041709314	31.42189192912135	
17:6E	23	110	1	34.94535808186081	31.796207459347617	31.804767163423147	
19:D4	25	212	1	4.421696247745737	4.1665107481704995	4.015188916589091	
21:55	33	85	1	11.921464445712163	16.263728951903385	16.29666328155805	
17:1D	23	29	1	89.21035097357152	80.59446313636477	80.46364625481868	
27:54	39	84	1	10.58229454433581	15.288786790664119	15.298366411009438	
13:67	19	103	1	32.51973822390862	26.785961745493516	26.84410007319837	
2F:33	47	51	1	54.621731389732695	88.88822590624441	88.93937141809603	
14:62	20	98	1	24.09939067894565	21.626651282954672	21.706343037769088	
0C:D1	12	209	1	6.573712385442732	3.0555551508503744	2.9865587865675676	
17:EF	23	239	1	15.716176910176385	14.318648115874032	14.120427707007178	
3B:0B	59	11	1	35.97679740546276	67.93709321834908	66.84844439324397	
3C:0D	60	13	1	27.079516287207856	44.93940253751495	35.81246945423009	
19:F5	25	245	1	19.409407750943792	18.257935028219322	18.093307693123716	
1D:F8	29	248	1	17.370512525092	18.78456912983764	18.528273342102644	
31:54	49	84	1	8.990695060871198	15.283217794655632	15.219370894127632	
24:EE	36	238	1	9.847429293327913	13.794883456185605	13.295759888230926	
38:55	56	85	1	8.730977570327918	16.25912111756274	16.069563783633505	
2F:4E	47	78	1	4.234116228203185	6.936021754454507	6.981834742926656	
2F:FC	47	252	1	13.93833385625889	22.37268049862979	21.812628596560756	
2A:AC	42	172	1	12.124268312882847	17.974323378170336	17.27053842305237	
36:60	54	96	1	11.365579223093487	20.494208309073013	20.549414094707952	
04:6F	4	111	1	273.6379162872867	33.18787509627828	32.48744096801194	
29:3F	41	63	1	69.162532851456	104.7434300256469	104.63209166435827	
3E:06	62	6	1	62.7878464400565	93.48323320226763	60.845839627992056	
33:FC	51	252	1	13.297008513073475	22.371718887695806	21.80753331123486	
3A:3B	58	59	1	53.136440668019475	97.68619930039702	94.76963715104293	
27:7A	39	122	1	30.127339261213045	43.44346709576435	43.44886938035414	
2D:95	45	149	1	5.098147558737036	7.990327926762744	7.615286637740146	
16:F0	22	240	1	15.494578022652915	13.632124846027995	13.478199074120383	
2D:6C	45	108	1	17.499646576208438	28.09218079139982	28.01478089634249	
3E:77	62	119	1	17.887381685532414	43.37794065538167	50.80947547710695	
1F:7A	31	122	1	39.439445575104735	43.446119745819985	43.485919103469016	
06:E9	6	233	1	72.20198730256422	11.353727720802363	11.145386639332168	
2D:6E	45	110	1	19.777391940865844	31.719165663230296	31.580449544528747	
2B:D3	43	211	1	3.1076560321400084	4.575084823541075	4.235119848833346	
17:F8	23	248	1	20.640144162749667	18.798317593959208	18.607416675263323	
1F:F5	31	245	1	16.568626719617956	18.24841318567023	18.02865987092201	
28:63	40	99	1	14.681506147246884	22.177380147047273	22.35488942520701	
16:74	22	116	1	43.5710127578346	38.20698900761377	38.243392291644405	
29:FD	41	253	1	15.385821807977436	23.139540876199884	22.65538090690815	
33:60	51	96	1	11.92758837043527	20.491608219251233	20.589893686302126	
35:76	53	118	1	23.529059246730153	41.975574969745544	41.22178919715114	
12:33	18	51	1	110.54693385600979	88.77685573023787	88.8559643712922	
1F:08	31	8	1	24.194529947640262	26.634027304365613	26.66697716519453	
26:6B	38	107	1	18.625740642249895	26.624645101619173	26.722570270364077	
16:E2	22	226	1	10.939063326483451	9.631025735815031	9.467214098779802	
1D:17	29	23	1	90.15611546082754	97.06811611972468	96.96911528060717	
16:7F	22	127	1	57.76747986788703	50.654486103548884	50.6366340359247	
2D:7B	45	123	1	27.85759935380908	44.75899292396145	44.65707135600194	
03:1F	3	31	1	2574.547594529583	99.59066787889448	92.79287348880477	
26:2B	38	43	1	53.1085252587328	75.68018879550814	75.9368849798241	
23:D3	35	211	1	3.4385985269072967	4.575084823541075	4.258400057965136	
36:4E	54	78	1	3.8265465368709766	6.938316798854333	6.995524623474517	
37:64	55	100	1	12.804790285083048	23.237146934323363	23.072270371512616	
08:D6	8	214	1	15.519098991789383	5.462063421685026	5.386979187090475	
26:FF	38	255	1	17.788957971626825	25.217225782296534	24.755622567872617	
0B:F9	11	249	1	55.35800845113479	19.894140558421324	19.739361383417503	
16:F3	22	243	1	18.99262770930053	16.694231196497835	16.538005175798506	
2E:FF	46	255	1	15.865310898445456	25.215417854655676	24.66270865060399	
14:52	20	82	1	15.878924141951462	14.232121139119265	14.215048533425053	
1C:BD	28	189	1	30.220900013051367	31.643873495224238	31.331882218038043	
36:B9	54	185	1	15.451641283156317	27.407942639440773	26.917185886168383	
3E:2F	62	47	1	33.578311594986566	86.01676489825326	104.71605271320503	
3D:7C	61	124	1	24.283390396417367	46.07670151203487	43.321129343754585	
34:F9	52	249	1	11.286619974623541	19.874671743002562	19.49515869456444	
2E:4F	46	79	1	5.036438152906751	8.14833477612116	8.19951716030634	
0F:F9	15	249	1	39.99368544131871	19.894140558421324	19.76343534965815	
0D:D4	13	212	1	8.474549444670485	4.1665107481704995	4.094800041437949	
06:ED	6	237	1	83.06521480693627	13.066263540501069	12.821493203333615	
2C:A7	44	167	1	10.099426710195168	15.743292061654946	15.143209835786337	
29:DB	41	219	1	5.043251085857214	7.534580131528811	7.263418947036469	
2C:F8	44	248	1	11.974364188973606	18.7814713547917	18.26021109598824	
37:90	55	144	1	3.025418320646878	5.557085995027128	5.59078189816173	
29:F4	41	244	1	11.799880333876294	17.715749005750702	17.27168840036817	
19:7F	25	127	1	53.986351727402344	50.64823198185196	50.649165192838964	
21:D5	33	213	1	3.7860138840488187	5.055346707229402	4.7604193943049244	
37:77	55	119	1	24.08910478707996	43.36963078143427	42.70303673937844	
1F:3C	31	60	1	87.00735875887186	95.63362016693691	95.71316100415518	
37:94	55	148	1	4.063436854279192	7.499061931946726	7.58730848067188	
1D:9F	29	159	1	14.411356130617236	15.558679418428136	15.202099438262119	
16:76	22	118	1	47.89074592941626	41.98478321861209	41.9919076290362	
27:5C	39	92	1	15.429939415133841	22.2664116781312	22.221251175214864	
3B:FC	59	252	1	12.12915948664143	22.370960359485146	21.421069756098625	
36:F9	54	249	1	11.206153130378734	19.875508555958262	19.509156001270892	
1A:E5	26	229	1	11.588116230150282	10.769913724262375	10.605872385959561	
3B:B7	59	183	1	14.662400595917555	27.544638697065906	26.952032933265937	
32:7E	50	126	1	29.212964299241502	49.04477315185122	48.514156793486876	
1D:DD	29	221	1	7.8780689525394525	8.501542429749911	8.209399030147505	
35:BC	53	188	1	17.304145774103137	30.730083297371408	29.96805570137873	
3D:6D	61	109	1	8.640800603511908	29.629296136367927	41.774328965245424	
1B:D1	27	209	1	3.171701488956423	3.0540108923586176	2.888077318347041	
3B:53	59	83	1	7.892491725744668	15.03889533538819	14.938762308025998	
3C:25	60	37	1	27.74886660714719	68.22982105490321	81.54245285398892	
39:0B	57	11	1	36.16520926177147	67.95667595854438	67.03057633465008	
36:2B	54	43	1	42.52333879535931	75.84989208844539	75.17301827367713	
22:F5	34	245	1	13.587205966618862	18.241599081448815	17.9024186784131	
37:73	55	115	1	20.541170072778982	37.14068497686497	36.75378510778583	
1B:19	27	25	1	72.53942659676062	69.05201508827744	69.03580962424736	
1F:FD	31	253	1	21.018424611657586	23.141432942947876	22.886049790402133	
1C:57	28	87	1	19.695161423036797	20.627500277848	20.60763706296303	
29:B4	41	180	1	16.615533679942025	24.955456349008678	24.36034249200467	
29:3D	41	61	1	64.52129702040901	97.75347165933813	97.752957634547	
3B:DD	59	221	1	4.818681151328455	8.511527918224429	7.711550887425109	
1E:F9	30	249	1	18.630448180437224	19.8799098321024	19.648875342682683	
19:7D	25	125	1	50.51296781017859	47.38615031572597	47.41594452363974	
2C:3B	44	59	1	61.59374174247792	97.80170999060884	97.63675076891857	
1C:9D	28	157	1	12.919589274845404	13.515582995526158	13.190319102781165	
13:6E	19	110	1	38.585758689001324	31.796207459347617	31.788053538064876	
0F:A9	15	169	1	31.436456019374276	15.653364254123991	15.519255860548544	
1F:BD	31	189	1	28.752758584878432	31.647412134767936	31.30584783802377	
16:2F	22	47	1	98.34504477693729	86.39711217308292	86.44237008295089	
21:7C	33	124	1	33.86494890302752	46.09441624888098	46.13122273952719	
27:79	39	121	1	28.792730753022695	41.5662121573899	41.67126396715469	
0D:E5	13	229	1	22.011082582207425	10.769913724262375	10.684465263833014	
2D:6A	45	106	1	16.128563498131005	25.90911242903603	25.850690130285447	
2B:53	43	83	1	9.818637453977844	15.044657260598708	15.093636348996144	
0F:ED	15	237	1	26.243541854590134	13.066263540501069	12.956994178031474	
22:B1	34	177	1	16.644219471899895	22.326685337980155	21.878192778837438	
1D:F9	29	249	1	18.380590466032242	19.878389070547144	19.641129959151286	
33:F6	51	246	1	11.375458719908444	19.140437684388527	18.663211779888577	
16:27	22	39	1	94.27340652827203	82.80631867605014	82.9610791184608	
1B:52	27	82	1	14.831971085368572	14.235201557152871	14.223922102505004	
07:FE	7	254	1	135.80670681317733	24.40734105042683	24.01215533703888	
27:DC	39	220	1	5.552060103035026	7.809166878370798	7.3319860187407535	
37:95	55	149	1	4.31333160738176	7.9879296951222765	8.118197009053839	
35:11	53	17	1	33.79543467878559	61.373114114045435	61.588868895654876	
13:68	19	104	1	29.36620130349299	24.189934417799687	24.234097208265585	
1D:D3	29	211	1	4.2385125794613	4.575084823541075	4.365022390418312	
23:97	35	151	1	7.456524342878784	9.965606179318069	9.403035231620642	
1E:99	30	153	1	9.549168330543386	10.171195631635761	9.83750054674635	
17:ED	23	237	1	14.3411030120349	13.066263540501069	12.88092944582835	
39:F4	57	244	1	9.499435232837213	17.71227636022829	17.31904789509487	
36:3C	54	60	1	54.15082637876888	95.564667355988	93.62917909485921	
25:76	37	118	1	29.27313989385306	41.98704422233984	42.03863958832021	
24:6D	36	109	1	20.827490780611658	29.623341320582902	29.72740593259137	
27:6A	39	106	1	17.961092956411434	25.912669548423914	25.960431427845197	
10:6C	16	108	1	34.145014554797065	28.161792752947697	28.180951359872054	
27:19	39	25	1	48.22780249475245	69.72554744139809	69.87909484473143	
13:56	19	86	1	23.735403498904507	19.520989931318358	19.46463394959251	
36:30	54	48	1	44.0220399060571	78.33142751470011	77.60298441761071	
06:7A	6	122	1	276.8034052067345	43.51689762367877	42.7303580088996	
1C:D4	28	212	1	3.9798567039855937	4.1639453542170735	3.9791577816040524	
37:F1	55	241	1	7.988253065637508	14.452761365187179	14.291372908685835	
17:FF	23	255	1	27.72161711152624	25.21823278578964	25.01298037218523	
1F:2E	31	46	1	71.74532208087987	79.06634581491171	79.16544868742001	
10:75	16	117	1	47.714741208816754	39.28524664865581	39.32860995596688	
39:F7	57	247	1	10.802429962088912	20.184407954531387	19.785378491443176	
38:9F	56	159	1	8.464650024692942	15.579154920269199	15.186244621036932	
17:B1	23	177	1	24.547098959398973	22.336993723589455	22.134800889389755	
35:7E	53	126	1	27.62898165100075	49.051551208738104	47.86117044560359	
26:AC	38	172	1	12.781459576483451	17.975577085560126	17.3207028874234	
2B:57	43	87	1	13.505923431023913	20.659905140667135	20.661350679942444	
30:9F	48	159	1	9.457651256591573	15.584393007655267	15.040996987620936	
30:6C	48	108	1	16.77120497544186	28.128944336609642	27.936785140056674	
05:BE	5	190	1	224.03825586593425	32.878224116135534	32.23784266161183	
27:6C	39	108	1	19.484212087750816	28.101523126603432	28.146311105468435	
15:62	21	98	1	23.68384707364393	21.626651282954672	21.709332209100253	
31:F4	49	244	1	10.572010228005949	17.707808513661682	17.275172816084854	
2F:3F	47	63	1	64.64894698068353	104.71404740077271	104.22678488081118	
2F:71	47	113	1	21.270533542421006	34.722954554980014	34.81196592933791	
35:7B	53	123	1	25.052999467250086	44.753747876593984	44.00567555572116	
1B:95	27	149	1	8.303831872030626	7.984494478040268	7.776078998273302	
1B:BD	27	189	1	32.95567264452797	31.648166236109375	31.3762035954883	
2D:B8	45	184	1	16.790948899095625	26.613913494291314	25.920033716446707	
1B:2C	27	44	1	77.7166809867481	74.65448415811622	74.7674415501531	
3B:BB	59	187	1	15.683988326577413	29.296885316328915	28.491749561552496	
27:F4	39	244	1	12.399010505853495	17.71103248461535	17.299364722115364	
13:F7	19	247	1	24.48405970829662	20.183432142438143	20.030551033922322	
1A:D4	26	212	1	4.476261098726287	4.1665107481704995	4.018450250772895	
2F:5C	47	92	1	13.695427848431	22.2664116781312	22.134101209885184	
0D:A9	13	169	1	31.981913163572372	15.653364254123991	15.519926309833533	
16:D7	22	215	1	6.762602421224201	5.951981517914299	5.81191023873953	
16:7C	22	124	1	52.56019048802964	46.10223073414881	46.087312389338905	
02:F5	2	245	1	776.5565430623926	18.257935028219322	16.28295099525725	
19:B5	25	181	1	27.370673053867485	25.72885548941882	25.507024326096616	
25:FC	37	252	1	15.730611804247047	22.373339177407324	21.903579935014907	
35:53	53	83	1	8.302984958943728	15.0392004599748	15.017275184271746	
1A:19	26	25	1	75.10527900369605	69.05827971367641	69.02631654124158	
2F:58	47	88	1	10.976075613499955	17.882442409857912	17.83578244710499	
2A:0E	42	14	1	46.253890855818454	69.80319006522652	69.4983787991237	
35:D5	53	213	1	2.78200469594928	5.055346707229402	5.065896844607892	
26:4B	38	75	1	1.9276673878680697	2.7611781666821673	2.7716414533771307	
36:50	54	80	1	6.751957636236244	12.146700271046939	12.132070976471521	
0F:E9	15	233	1	22.801549645011534	11.353727720802363	11.256455967578834	
30:F5	48	245	1	10.983607120959157	18.237130777155556	17.839310170898155	
1C:BC	28	188	1	29.351382164973614	30.731768524350798	30.396865795603816	
04:65	4	101	1	197.068056055608	23.86413464393722	23.40173466739452	
15:7F	21	127	1	55.56312961688286	50.662685101849284	50.65563400461597	
1D:94	29	148	1	6.941802220035217	7.492823502431482	7.223968084477094	
3B:A3	59	163	1	7.008170888657795	13.834505593010844	14.277443928935252	
30:BF	48	191	1	20.38179974976359	33.82039789109055	33.066674943503784	
11:7D	17	125	1	56.587603657453265	47.41035180026607	47.408378363383875	
22:2B	34	43	1	56.16541243873207	75.61121077342476	75.89129925327283	
2C:51	44	81	1	8.06140704104899	12.90374144939119	12.973082853864833	
19:77	25	119	1	46.24969303113134	43.43310960678354	43.48254856017418	
34:4F	52	79	1	4.527465603402704	8.151086960932373	8.21686413711844	
19:95	25	149	1	8.485692149630465	7.983880117178714	7.783412324574978	
2F:AD	47	173	1	11.595285186391909	18.48506330199973	17.831501420434765	
1D:F1	29	241	1	13.369035710878265	14.466982424737871	14.257887094217859	
11:6F	17	111	1	39.551322655384425	33.18787509627828	33.20517916996315	
25:2E	37	46	1	55.09746405139735	78.74430914888468	78.78051813181035	
2E:4E	46	78	1	4.286615098570981	6.935943642930691	6.980758302937518	
0F:3C	15	60	1	193.2884950101626	95.69215599299542	95.34934467824483	
1B:7E	27	126	1	51.14240881997381	49.05705337345509	49.03606165265123	
2D:BD	45	189	1	19.916412084661374	31.642387204410152	30.95685797965849	
02:2B	2	43	1	3237.071549551638	76.05886034061405	67.87644300739711	
1E:27	30	39	1	77.47093659124693	82.80631867605014	83.07696756197257	
1D:A5	29	165	1	13.819981054207751	14.947334805188369	14.635998475190894	
37:18	55	24	1	37.68133770161607	68.01150942114941	67.05664409945142	
37:DC	55	220	1	4.4851749779072145	7.809166878370798	7.337082279490792	
16:B0	22	176	1	23.989118478756776	21.085940384321145	20.87911835196817	
3B:7A	59	122	1	23.701838743893703	43.41572314221331	41.29101667861897	
36:E6	54	230	1	6.2424495046655855	11.062144657295873	10.841766353661123	
30:70	48	112	1	20.025269306444038	33.650254913825634	33.582276434280814	
1F:35	31	53	1	80.74409037832078	88.89258773988203	89.16274764980948	
07:4C	7	76	1	19.323495438556577	3.4678922349017554	3.417674509525172	
29:4B	41	75	1	1.8099367288043877	2.7611781666821673	2.774346058187114	
34:99	52	153	1	5.8218165305300715	10.182796205059066	9.886330538403497	
14:F1	20	241	1	16.097750277999825	14.458484633495283	14.312043380740953	
3B:3C	59	60	1	52.44301571012122	95.58022958788874	90.56735991208163	
3C:55	60	85	1	8.635284638409626	16.257691796451258	15.293796543954167	
2D:57	45	87	1	12.823598168252856	20.659905140667135	20.641355879471305	
1E:F3	30	243	1	15.646004669984045	16.705681833466503	16.48747800530979	
2C:F7	44	247	1	12.829232195067595	20.187401461379245	19.733609172037628	
3A:A5	58	165	1	7.785496018285817	14.938761598024223	15.142103724658657	
2D:98	45	152	1	6.231326216740417	9.694266176107417	9.117119090400273	
2E:1C	46	28	1	49.22639965314555	79.1152878695649	78.79402473723508	
38:70	56	112	1	18.189993378070998	33.67109243743622	33.10773318150624	
2D:29	45	41	1	41.81407763444089	67.14074269588626	67.34159359057043	
38:54	56	84	1	8.265152603549945	15.284439471330536	14.982616079320165	
2E:36	46	54	1	57.7684269457468	92.647467664551	92.39338466502606	
02:D3	2	211	1	178.96209606693944	4.575084823541075	3.744637676926763	
33:2C	51	44	1	43.80943160292783	74.49862703631864	73.92782745886682	
39:4D	57	77	1	2.0893691381299218	4.009875901366957	4.046817215083423	
18:96	24	150	1	10.333831429939542	9.49604629201948	9.200440491081451	
07:6D	7	109	1	165.5689165517669	29.69268004815021	29.2880995954419	

