BMLVN	8	x2
metabolism	0.9970000
mutations	0.0010000
catastrofic	0.0010000
minWeight	0.1
start biomas	2.0	_
env.size	25000.0
feedSourceH	FF
C7
B5
23
11
feed port max	75000.0
timeQuant	0.01

key	suscepBits	activeBits	maxsize	popBiomas	currincome	currloss
FF:00	255	0	1	7186.116530366394	161.2954864501953	338.22519877799664	
C7:00	199	0	1	9007.553913068989	63.53799819946289	434.15109241786394	
B5:00	181	0	1	9100.087679559789	558.4308471679688	353.00370784722514	
23:00	35	0	1	19626.22339019576	117.68772888183594	364.5285083257566	
11:00	17	0	1	25000.0	615.7394409179688	32.94272213993691	
FF:FF	255	255	1	1809.4669191108908	23.164940654928586	20.269026358227094	
EF:FF	239	255	1	1916.2948196622885	24.52678435621157	21.41135937965666	
FF:FB	255	251	1	1760.1045158182983	22.008083814914784	19.181858506929785	
FB:FF	251	255	1	1836.641064521155	23.51186511273924	20.604113765050474	
FF:BF	255	191	1	1389.185119268419	14.225053699478483	11.970105859148628	
7F:FF	127	255	1	3562.1657962015393	45.43324447154147	40.085095046668656	
FE:FF	254	255	1	1812.69184952328	23.205800306568573	20.268346064876766	
FF:EF	255	239	1	1675.3920684030356	20.043330560211448	17.387912127163947	
FF:7F	255	127	1	1670.6960556657552	20.630261377781462	17.309773931175876	
BF:FF	191	255	1	2409.0077145916866	30.798037241418008	26.882869199608127	
FD:FF	253	255	1	1819.5904831475486	23.29381065328778	20.348743244209597	
FF:FD	255	253	1	1776.6616653472354	22.315672480046313	19.54470059810813	
F7:FF	247	255	1	1859.0466715164753	23.797074478427337	20.790579145047747	
FF:F7	255	247	1	1740.9570221062008	21.462409958383244	18.77127420537766	
6F:FF	111	255	1	4018.3488985315194	51.20428905545068	45.05174519803076	
FF:DF	255	223	1	1394.1663580050454	13.890847331628052	12.057937417350212	
FE:FD	254	253	1	1779.2580170269596	22.34786452321481	19.531438931735877	
FB:FB	251	251	1	1789.1128737649115	22.367168056830074	19.55289384590037	
FE:BF	254	191	1	1393.5067407886604	14.269263464827324	12.001939684320034	
FF:9F	255	159	1	1064.848573719459	8.628798681215146	7.041936554188851	
7B:FF	123	255	1	3650.3295524474324	46.55048561260001	40.99682338148148	
ED:FF	237	255	1	1931.9905304737808	24.726990006724865	21.59897152046555	
9F:FF	159	255	1	2875.37475267843	36.72179442828551	31.95484149722268	
FB:EF	251	239	1	1694.099234741482	20.26634282522428	17.54059382940362	
7E:FF	126	255	1	3578.6914584344454	45.64231748967399	40.172804886758875	
EF:EF	239	239	1	1771.1074068001733	21.17312038570048	18.291019718629205	
EF:F7	239	247	1	1840.0070774690994	22.678768482979592	19.74906482828564	
FE:FB	254	251	1	1766.6051531465703	22.089112538946996	19.255146855443037	
FF:7B	255	123	1	1604.8355462127693	19.417782580257406	15.969187376548515	
FD:7F	253	127	1	1673.0623802214234	20.659022281578356	17.233249465107733	
FB:FE	251	254	1	1814.5906944027965	23.01149410907579	20.113316561369842	
EF:FB	239	251	1	1867.4174421485127	23.344975099672133	20.337983942659573	
FE:FE	254	254	1	1794.7456405262633	22.759737164745562	19.869978411574635	
5F:FF	95	255	1	4739.438863916806	60.288548052874454	52.84814910286312	
EF:FD	239	253	1	1878.9346587458735	23.59486535962808	20.58855485908176	
7F:DF	127	223	1	2725.960430084112	27.131391721551573	23.592035651894715	
AF:FF	175	255	1	2628.162576865327	33.58333256001487	29.32126898044283	
FB:DF	251	223	1	1405.8900967243214	14.007188838194326	12.097379369617366	
FA:FF	250	255	1	1836.4404213593205	23.50872944677253	20.52408791686971	
F6:FF	246	255	1	1867.7374882649856	23.90806678057363	20.909198177604825	
FF:E7	255	231	1	1599.1868640534854	18.39120214280701	15.846913499938568	
EB:FF	235	255	1	1945.236168964185	24.896024882187984	21.752243787782234	
EF:FE	239	254	1	1900.7373623071203	24.099630033304937	21.06770549547824	
FF:F3	255	243	1	1690.7686766485829	20.364346533376445	17.70713740124099	
7F:FB	127	251	1	3464.903366217442	43.18126433325242	37.95037673482279	
DB:FF	219	255	1	2087.22947371944	26.70382299066938	23.25403951215413	
FE:EF	254	239	1	1675.5086982156163	20.044305368649873	17.327534017680605	
F3:FF	243	255	1	1885.255366653666	24.13144210623313	21.087990861944736	
BE:FF	190	255	1	2421.949529981552	30.962818128732806	27.046652036401916	
F9:FF	249	255	1	1843.4220420381164	23.597784589154454	20.604398375957953	
FF:FE	255	254	1	1789.9626168372965	22.700158829598795	19.83579320724494	
DF:FB	223	251	1	2008.613510233707	25.102189766284113	21.87231310191387	
BF:DF	191	223	1	1846.5426569164956	18.387331938709877	15.84152731328931	
FE:F7	254	247	1	1739.2996541553523	21.441433303993783	18.667492779808565	
FF:DB	255	219	1	1348.0718345986434	13.093553271142678	11.274810673816384	
B7:FF	183	255	1	2502.6620648013354	31.989638691864858	27.94028144588444	
FE:7F	254	127	1	1665.470093331303	20.564970558475338	17.13875960117789	
FB:BF	251	191	1	1392.1420107971776	14.254662733304842	11.85926308363179	
7F:F7	127	247	1	3397.2483783937173	41.75684479753145	36.50065791622733	
FD:F7	253	247	1	1744.987996805743	21.51128271514835	18.721425342750813	
BD:FF	189	255	1	2434.2325073124935	31.119024520981398	27.183559493871496	
BF:FB	191	251	1	2347.327797736921	29.313915828530405	25.53277651475462	
FF:ED	255	237	1	1638.4960001666825	19.20535905062395	16.6330440471547	
7F:FD	127	253	1	3485.53416688324	43.626894390640544	38.39443534761721	
FD:EF	253	239	1	1678.6475859226634	20.08154244426012	17.32886447109674	
BB:FF	187	255	1	2449.5186186817355	31.313432381683754	27.299156576504714	
BF:BF	191	191	1	1841.8385373035017	18.801528304015807	15.710871738889695	
3F:FF	63	255	1	7157.114840036979	90.51546759029861	76.47163581476816	
E7:FF	231	255	1	1971.250113493576	25.227164571624236	21.981699919892502	
BF:7F	191	127	1	2193.257035274459	27.099679415084	22.37124184379692	
DD:FF	221	255	1	2073.9957532957965	26.535164554047356	23.12312296663913	
FB:7F	251	127	1	1656.818272749502	20.45663285377415	16.790946262802116	
F7:EF	247	239	1	1702.9651996100802	20.370882491128317	17.454939484617423	
FF:F5	255	245	1	1695.0432587122418	20.491430897387716	17.795309070849505	
7F:FE	127	254	1	3509.8089585229354	44.351492105349465	38.921114629615296	
F7:FB	247	251	1	1812.1278187306489	22.6564491579755	19.759057952686568	
BF:FD	191	253	1	2359.3241083301896	29.5953681801016	25.791496446916906	
FF:BD	255	189	1	1314.5320138652546	13.062348097780422	10.716545996792014	
7E:DF	126	223	1	2689.9627298102987	26.77244652265819	22.80713090225678	
FF:CF	255	207	1	1210.168470750331	11.195644209863362	9.082986523259091	
FB:F7	251	247	1	1749.2334413092774	21.56303515596081	18.694496900194377	
EF:DF	239	223	1	1448.3149193281322	14.428009335944651	12.254888347695946	
DE:FF	222	255	1	2059.181273020178	26.345927767910954	22.886967090816903	
BF:EF	191	239	1	2203.999395764738	26.341163115391787	22.522664354712052	
FD:DF	253	223	1	1383.598868198539	13.784749401463671	11.788321774848198	
F7:7F	247	127	1	1658.9759336724292	20.48201444699734	16.57855767646839	
FD:FE	253	254	1	1798.7576493495003	22.810947894467446	19.88661549998195	
FF:FC	255	252	1	1748.6910033306513	21.758326243751682	18.933748238626578	
F7:F7	247	247	1	1776.8803565428937	21.89703783724988	18.99396722639647	
FD:BF	253	191	1	1324.0721944467944	13.555193387112093	10.788041130836	
BF:F7	191	247	1	2297.0738748258163	28.28489776038931	24.4553918310104	
7F:BF	127	191	1	2271.590794459404	23.250079795591503	16.367304489492714	
DF:FF	223	255	1	2037.7578508516851	26.071924787403148	22.501102921059225	
F7:BF	247	191	1	1337.3773956142566	13.690708110053587	10.771855630758608	
FE:FC	254	252	1	1726.8557960219903	21.48466239132628	18.392452151792437	
FF:AF	255	175	1	754.5302191514571	6.997195773830273	3.5149680705801605	
9F:DF	159	223	1	1918.4092475865127	19.06284754997623	14.224900314031308	
FF:D7	255	215	1	1225.7559317840246	11.75574950669018	9.312647924206729	
6B:FF	107	255	1	4132.189147865235	52.63960408743889	45.8105785302467	
F7:DF	247	223	1	1357.3538277929729	13.521107361994371	11.099265164139121	
7F:7F	127	127	1	1830.7287725490874	22.447163361609256	10.478984941298906	
FF:6F	255	111	1	998.7089960863599	10.131718426231224	6.167373747364592	
FF:B7	255	183	1	1122.0520010799974	11.052665905072017	7.793950081137562	
FF:EB	255	235	1	1610.0783563592813	18.80665270404306	16.05832840395966	
6F:DF	111	223	1	2262.4493786696294	22.505255343547656	14.318696551511167	
7D:FF	125	255	1	3527.6714557669543	44.993717179926	38.73961568024627	
CF:FF	207	255	1	2174.2133984807474	27.8097594398674	23.933359265304265	
FF:EE	255	238	1	1597.8930629582678	18.919926259035325	15.808296250263217	
FF:F9	255	249	1	1705.3764331263178	20.91295876256562	18.007153626041372	
7E:FE	126	254	1	3443.271615865641	43.50827286301865	37.178554490516206	
77:FF	119	255	1	3726.744381211919	47.516216128237396	41.406750855644546	
FB:ED	251	237	1	1445.9057788376435	16.939255667474754	12.752811215624247	
F7:FD	247	253	1	1794.5332086126523	22.536692014818115	19.370962572902634	
FF:77	255	119	1	838.3231301941757	9.918895160751555	4.3225415247391945	
F5:FF	245	255	1	1853.2351798777922	23.721326461714913	20.504851580501395	
BE:FE	190	254	1	2328.005612497613	29.481575680580587	24.978860384605266	
3E:FF	62	255	1	5613.359551406324	71.26838027385834	46.35573546022618	
DF:EF	223	239	1	1770.8886142458155	21.172590540296166	16.990834192043195	
BE:BF	190	191	1	1020.8671048668314	10.419627720651272	4.781072077937202	
7E:FB	126	251	1	3185.431924477918	39.707609750489794	31.81247523518883	
FF:FA	255	250	1	1654.2861840400512	20.483436356655833	16.931323537243028	
EF:FA	239	250	1	1767.6840188188255	21.88392712716414	18.211618525331257	
FF:E5	255	229	1	980.0459116985465	10.899658727824704	5.919009985063844	
FD:FB	253	251	1	1686.7596176807278	21.08714474694131	17.47527193767973	
6F:7F	111	127	1	2413.484980855116	29.554073906026353	16.088164362852996	
EB:EF	235	239	1	1703.3905228147812	20.360427641520012	16.66682126022557	
FE:B7	254	183	1	91.98854377476181	0.9016962340729846	0.051637732806829525	
D7:FF	215	255	1	1649.9918934318428	21.0955144425164	14.230348236574695	
6F:BF	111	191	1	1936.6559965073368	19.800790902263582	10.488894777004667	
EF:BF	239	191	1	489.0463190409896	4.989070972649003	1.384130247137368	
7E:FD	126	253	1	2301.829653577478	28.825027845323838	16.5498935899833	
5E:FF	94	255	1	3737.0599682462625	47.61451490695908	32.49070484300695	
5B:FF	91	255	1	4391.321689946514	55.900387420051636	43.82450106128911	
9F:FD	159	253	1	2260.3506665169994	28.327525867941553	19.695354773244144	
B7:BF	183	191	1	1019.8367889853159	10.408135556441518	4.615754678159787	
EE:FF	238	255	1	1444.702432120679	18.473852984301786	12.071077219222193	
76:FF	118	255	1	3165.6823584077074	40.385781583068855	29.595780920880404	
AE:FF	174	255	1	2299.7694962880937	29.386346910569003	22.300831298271667	
EA:FF	234	255	1	1786.185851995801	22.85458920220157	18.243501129398872	
4F:FF	79	255	1	4867.903840667142	61.91732724106637	47.40937752128126	
FE:DE	254	222	1	636.8281796463178	6.289311481571604	2.487986443933196	
F9:EF	249	239	1	1092.4776827821192	13.047628100001134	7.198161326936689	
A7:FF	167	255	1	1994.5424022829498	25.47818381913579	16.185899197582348	
2F:FF	47	255	1	6337.960003592478	80.4141459317307	45.88472176260039	
9F:7F	159	127	1	807.4460073098618	9.9167854983102	2.5006077473084947	
5F:FB	95	251	1	2659.838338641238	33.131126561898846	16.586182978597613	
FC:FB	252	251	1	1480.9989157318055	18.506033108142518	13.395840990316803	
EF:E7	239	231	1	847.2487677985418	9.717338228975468	4.155464564343745	
9B:FF	155	255	1	2350.933374814325	30.025411577904162	20.882082885260616	
FE:7B	254	123	1	596.9533513403383	7.188021152274345	2.1770846971121847	
7A:FF	122	255	1	1923.7468716484227	24.543953727409423	11.232546375720771	
9F:F7	159	247	1	2046.5328505899956	25.174245073651992	16.139373346194372	
8F:FF	143	255	1	2458.4148770126667	31.39035479099109	21.30752046489846	
AD:FF	173	255	1	1646.451772212562	21.02597712787784	11.331666787498348	
FE:EB	254	235	1	1180.7606384455216	13.775861649428297	8.568220247753942	
BF:F9	191	249	1	1231.436236166061	15.062363304802826	6.977744586960127	
5D:FF	93	255	1	3252.7742024557706	41.46117470136572	24.35586440360743	
DB:F7	219	247	1	1453.0302634364184	17.886635715381995	11.223894513234777	
6D:FF	109	255	1	2684.1899096257102	34.2391838453326	19.50774470951882	
F1:FF	241	255	1	1602.2237150502312	20.49728765575419	15.07617207666044	
EB:7F	235	127	1	842.8475170565049	10.365600121395483	4.052561351058132	
BF:BD	191	189	1	233.2586852151082	2.3061525478490528	0.2497938035245031	
67:FF	103	255	1	2678.4927592957974	34.16223915189593	18.516360264381472	
EF:EB	239	235	1	484.52451243014536	5.635929616796924	1.354109590987573	
F3:FB	243	251	1	1449.8002032088136	18.109990991636202	12.42724668939961	
FB:E7	251	231	1	1199.7527093951403	13.781936128823325	8.763562374245817	
DE:7F	222	127	1	1025.3593097630499	12.617948857767319	5.641501217993274	
FF:5F	255	95	1	223.01506214353583	1.940986879727635	0.30574272364331595	
FE:F6	254	246	1	1358.9597038965503	16.57625294736331	11.355633639265637	
FE:DF	254	223	1	336.2513869383419	3.336950823452946	0.6914696887503213	
3B:FF	59	255	1	4156.315509639807	52.884277692999916	24.331823109484134	
EF:F9	239	249	1	1272.0474664475096	15.577796678135861	9.390249236642656	
F3:EF	243	239	1	562.9756303991566	6.708967532045058	1.8608451701714224	
BF:B7	191	183	1	181.23660971040047	1.776936840104752	0.15078077154111366	
FF:7E	255	126	1	886.4839105757085	10.636792972889817	4.834136443080953	
7B:BF	123	191	1	765.358211077011	7.805019240987721	1.7948564707208947	
F3:FE	243	254	1	1514.060621972845	19.185498320704045	13.557580927225272	
EE:FB	238	251	1	1102.8563194545372	13.762145432126772	7.0172466887184735	
5F:F7	95	247	1	1196.5471597441774	14.681533368269099	3.3468491416750275	
6F:FD	111	253	1	1475.060526081626	18.452776507253482	6.0263301747707105	
FB:7B	251	123	1	513.1892128947759	6.176379194426357	1.591614360272621	
DF:DF	223	223	1	100.79845491466007	0.9989515022961122	0.054491992903353076	
7B:F7	123	247	1	1545.3841094969137	18.98410348557204	7.300897186320844	
EF:ED	239	237	1	552.7907359581747	6.454076166188869	1.7634614673510969	
6F:FE	111	254	1	2511.8523911776983	31.746252878593072	17.52677839179038	
B7:F7	183	247	1	868.9293956309989	10.671409575346447	3.3362752828683226	
BF:FE	191	254	1	1189.6180318149832	15.043468445745244	6.503899914257531	
7B:EF	123	239	1	315.92050022760134	3.757238507498695	0.30390947867824825	
79:FF	121	255	1	1682.3507153248888	21.45890373467335	8.5187191294785	
77:FB	119	251	1	970.3739082761015	12.077623263489512	2.7825165697837533	
BD:DF	189	223	1	359.4242588880111	3.5655545571498237	0.5880501322150092	
FD:F5	253	245	1	837.4185621416966	10.097330145903882	4.275323895395544	
EF:EE	239	238	1	485.8539599735952	5.728962442020527	1.3611046658044432	
F6:EF	246	239	1	796.453286651893	9.501183834096325	3.7707779188899853	
BB:FB	187	251	1	229.2795425766648	2.8498193409542565	0.23588351237819516	
6F:FB	111	251	1	717.3516190286323	8.922846565367726	1.4221147801786884	
FF:7D	255	125	1	209.907196840611	2.503483989606307	0.2690457938153812	
FD:D7	253	215	1	110.12318054160846	1.0510940989890727	0.07378579632821144	
5F:EF	95	239	1	718.6764497967365	8.552172338214195	1.207088170389857	
B3:FF	179	255	1	1152.295520670654	14.704395300258518	5.766113400186948	
EF:F3	239	243	1	474.3701085486701	5.688783424099699	1.297045113187351	
7F:F5	127	245	1	305.50921902764134	3.671601542378147	0.2916630513444401	
7E:F7	126	247	1	994.4397386950326	12.205573609890063	3.075530684827023	
97:FF	151	255	1	1359.658773992931	17.34703415180116	6.798154016917969	
EF:AF	239	175	1	3.6002484653714295	0.03325561664897511	7.480256075300755E-5	
B7:EF	183	239	1	1030.3126468913447	12.287174405076415	4.700570112240334	
FB:F6	251	246	1	271.563505663719	3.2977680172573396	0.4442658989323935	
9F:BF	159	191	1	292.7591268879205	2.9819570294506215	0.32848201894606366	
5F:7F	95	127	1	213.5785917439141	2.616213037908004	0.10630590441995397	
5F:FE	95	254	1	1310.7866947686314	16.544893935218795	4.013191446274359	
FD:CF	253	207	1	120.67585146580119	1.1111752058648428	0.08867499387438328	
EB:F7	235	247	1	434.80652053213714	5.335278163650942	1.073321967151052	
FB:FA	251	250	1	280.3361950933527	3.4533334025079494	0.4732894923118954	
AB:FF	171	255	1	1687.1272180414262	21.545892108586806	11.79524497419177	
EB:FB	235	251	1	1272.7669276232145	15.888706576924289	9.261278557879043	
FD:FD	253	253	1	1083.7645527508894	13.587403483053787	7.170409009663075	
7D:FB	125	251	1	761.9207405999827	9.479979724644913	1.7898804417520562	
73:FF	115	255	1	1363.8055335819236	17.386797381149222	5.348551179163758	
DB:FB	219	251	1	292.5576832573083	3.6380229626587677	0.4505413553922293	
DD:FB	221	251	1	737.992007881156	9.19445459017037	2.8977595704535606	
AF:F7	175	247	1	594.834720015184	7.298552166546003	1.4856104314922707	
D9:FF	217	255	1	500.60518529214886	6.378668309684277	1.3097290487767637	
3D:FF	61	255	1	692.5252964524275	8.81095981739064	0.69150616586804	
F7:7B	247	123	1	26.329425596350852	0.316006962334063	0.004105077693771856	
F6:FE	246	254	1	1138.441111417159	14.411365975724612	7.7166654860339055	
FB:FD	251	253	1	729.501276521047	9.133438447798081	3.2176114711361548	
FE:EE	254	238	1	521.2888718331553	6.148957782866299	1.6585597829610437	
AF:FD	175	253	1	518.9316205326039	6.485401035827552	1.1295529117738115	
CF:FE	207	254	1	349.10945573609297	4.403593745457268	0.6087585466837817	
FB:DE	251	222	1	290.476653258222	2.8639120516890193	0.510783386390515	
DF:F3	223	243	1	715.035954427939	8.581876486237398	2.744825750720021	
EE:FE	238	254	1	736.3908172410422	9.306994357475482	3.1169697822819606	
BE:F7	190	247	1	74.01597266681075	0.9064720388328369	0.024894539532456118	
BC:FF	188	255	1	1084.0020166468887	13.832666433983334	5.317670806969483	
6F:EF	111	239	1	470.879823787104	5.601594979925958	0.6128534956634725	
DB:FE	219	254	1	767.2021607234723	9.694737937886261	3.1090968492737954	
FE:F5	254	245	1	604.6449864085697	7.283510055064919	2.232034452994049	
3F:F7	63	247	1	159.48438174751655	1.9530071486572467	0.037908637921555806	
CB:FF	203	255	1	391.0356850801047	4.979657289705367	0.7515753222107059	
BF:7B	191	123	1	349.2184901108201	4.197269921638242	0.5584241772724903	
1F:FF	31	255	1	1847.089309687365	23.49455466329386	2.0554155074550082	
DF:F7	223	247	1	544.9946782661141	6.68965126601818	1.5913625594975116	
F8:FF	248	255	1	285.24689107030235	3.631863762621026	0.48431903997798204	
3F:FB	63	251	1	14.703672939101065	0.18258418796541914	3.2206215893720055E-4	
F6:F7	246	247	1	668.1999125434749	8.20843301759886	2.6485029761160903	
3F:FD	63	253	1	433.2286393054272	5.406996374504591	0.27962060982590903	
7F:BB	127	187	1	141.00615357180223	1.3933355829825482	0.062370138391735934	
57:FF	87	255	1	96.35127863742818	1.2250723586946675	0.020079050709499363	
EF:F6	239	246	1	531.9093352450507	6.4669842256823715	1.6310706305636613	
FB:5F	251	95	1	20.45930131795062	0.1778500398515661	0.0025331391068647456	
7B:FD	123	253	1	481.1263995767864	6.009207626281139	0.7043583777800183	
FF:DE	255	222	1	215.70760504382685	2.1259207373911795	0.2852686375323941	
DD:BF	221	191	1	14.543833974453454	0.1480011116899092	0.0011239330693648827	
CD:FF	205	255	1	468.69277830786956	5.970564249530365	1.0884960695669983	
6E:FF	110	255	1	305.06400027557834	3.881029284295338	0.25468805476247397	
9F:FB	159	251	1	710.0657244071581	8.837648552589782	1.928315578899388	
7F:CF	127	207	1	10.182352060026457	0.09369461714152144	3.2544071317543296E-4	
FF:E3	255	227	1	161.3789200495543	1.7840909986814792	0.15919293282464647	
ED:FD	237	253	1	244.0095203827167	3.047627748766955	0.33951844095623074	
5F:FD	95	253	1	482.89438636206614	6.029447632997754	0.543811775095771	
BF:F3	191	243	1	484.07137690659033	5.802425824662479	1.0733417148204076	
BE:FB	190	251	1	316.55349683915256	3.9360353633627496	0.45591733030363746	
FB:DB	251	219	1	44.81720785821396	0.43292116699129213	0.012134293727760924	
9D:FF	157	255	1	541.8627686094406	6.900739703096464	1.1096413511422047	
ED:F7	237	247	1	375.05910924277504	4.60089969260475	0.8034764817412873	
7F:ED	127	237	1	246.68330214429312	2.8742814530661867	0.19026229384408908	
EC:FF	236	255	1	428.07299713833453	5.453773136568136	1.0421737636400863	
7F:7D	127	125	1	143.16764218627947	1.7060904793631586	0.06399596042189805	
DE:FD	222	253	1	138.52869188218006	1.7291498156919243	0.10201444661512984	
7F:EB	127	235	1	369.447762612727	4.291392742786577	0.4270227604867318	
77:DF	119	223	1	58.12768187406748	0.5758644787732076	0.010003235619010628	
F6:FD	246	253	1	179.82567778745081	2.2453160530528686	0.1908734737060817	
BF:F5	191	245	1	291.8094355923472	3.5082018750825283	0.3895004299373251	
F9:FE	249	254	1	161.0206231128449	2.029680005849207	0.15474875832448046	
5E:FE	94	254	1	33.668677354439964	0.4240362679188699	0.0026169864234204592	
7E:BF	126	191	1	70.66329546249234	0.7191860515191898	0.01553895650549517	
DD:F7	221	247	1	93.84039479266069	1.1494401923221726	0.046625785195777016	
7F:EF	127	239	1	57.842850515993135	0.6874223692346133	0.010447489244591237	
FC:FE	252	254	1	192.51922147951882	2.427171428116309	0.2234863707712848	
37:FF	55	255	1	686.4636385796629	8.7331654807713	0.6214832010055098	
FB:FC	251	252	1	261.89080506511567	3.241054162599957	0.4129421440410613	
BB:7F	187	127	1	28.50522691914609	0.3490585784449589	0.0036428330469394903	
BD:FB	189	251	1	95.73957594032241	1.1893321618862227	0.04143364268095059	
F7:EB	247	235	1	232.70436650164808	2.7036465388726096	0.32153896475998733	
AF:FE	175	254	1	324.05386135558774	4.08611029971727	0.4398622754807648	
FA:7F	250	127	1	102.38571868997964	1.2543560074962066	0.06281533232753644	
BF:FC	191	252	1	192.35717401121738	2.3789972376986137	0.1690121583863242	
9F:FE	159	254	1	272.9910570559806	3.4412652604078153	0.2842716953324643	
FC:FD	252	253	1	200.85278484494546	2.5082081171753217	0.24333102775556004	
E7:7F	231	127	1	78.4030226825992	0.9603713565820904	0.0342407091714864	
7D:FE	125	254	1	238.26502264785535	3.0026620402189237	0.17462231409166187	
75:FF	117	255	1	59.801738957526545	0.7603328021377843	0.010370240060558072	
CE:FF	206	255	1	92.69724521401074	1.1789028981888534	0.042645620990290935	
DA:FF	218	255	1	70.48173540183564	0.8962922602615208	0.025982466036025924	
7E:DB	126	219	1	44.96233578720386	0.4342672869939733	0.006296682384311486	
BF:BB	191	187	1	83.47551363325657	0.8247994779904568	0.031963174527763476	
9E:FF	158	255	1	118.15219022230667	1.50261194164223	0.05292240886994453	
F7:ED	247	237	1	96.3862461474274	1.122864139009959	0.05508785853984491	
EB:FE	235	254	1	187.84539707526514	2.3680293180432352	0.19974305911883092	
FE:F9	254	249	1	23.050786660332562	0.2807929104083472	0.0032245424747950175	
DB:BF	219	191	1	19.162497492540577	0.1950062094132658	0.0019375285372477725	
CF:EF	207	239	1	1.2440464277156513	0.014782089029236443	7.721381836551799E-6	
7B:FE	123	254	1	350.33170752695275	4.416242652365818	0.37317802242864057	
BF:DD	191	221	1	21.377684106689983	0.20923225883315533	0.00209598612557955	
FF:3F	255	63	1	37.01547457780002	0.4440550878744097	0.0083494202062099	
ED:EF	237	239	1	114.03049258231513	1.3557878545657518	0.07414905993508232	
BB:DF	187	223	1	54.83626496043427	0.5432967105898876	0.013546766799742887	
9F:EF	159	239	1	30.531607150547423	0.3628242924518468	0.0035565499329200615	
7F:F6	127	246	1	179.547744745071	2.178182628864147	0.10066215988077293	
EF:FC	239	252	1	146.82735053872747	1.8158545319298984	0.12379096353090087	
BD:F7	189	247	1	100.12223997838139	1.2263323329343585	0.04533145203097969	
DE:FB	222	251	1	209.64586420787407	2.606013201162321	0.23380630137203545	
B9:FF	185	255	1	182.30519993866503	2.3192763714466174	0.14759479998577377	
EF:7B	239	123	1	103.77461938391421	1.2460480980522373	0.061868395006221336	
BB:FD	187	253	1	46.156937761422796	0.5758491344871848	0.009547451330197302	
FD:EE	253	238	1	63.742572770306445	0.7500459291867184	0.02459909085543108	
7F:77	127	119	1	13.73390380201388	0.16174306968134933	5.889751571102592E-4	
F7:E7	247	231	1	43.01996578232522	0.4915959473553763	0.010973276342804147	
FA:FD	250	253	1	99.6962328170896	1.2442710769999403	0.05952147702713051	
BE:DE	190	222	1	14.935514427742088	0.14702351178424514	0.0010181860928915362	
3F:FE	63	254	1	167.5573965095782	2.1106274373763343	0.041810958576233744	
F5:F7	245	247	1	23.28832196979743	0.2851560583898075	0.003186222213809251	
B7:FD	183	253	1	50.225837365969156	0.6266207716302181	0.011085374375216249	
DF:BF	223	191	1	2.6456398888170862	0.02692089871420803	3.7490414290138594E-5	
E7:EF	231	239	1	50.30443862281845	0.5978921120268645	0.014100896710233226	
BE:FD	190	253	1	136.352694662789	1.7017963667149136	0.08447971082844877	
7D:BF	125	191	1	23.134523208756168	0.2354204185555397	0.0016530694096819403	
FE:5F	254	95	1	9.240889123731467	0.08032446834537403	5.218256009120026E-4	
F7:F5	247	245	1	76.9769547781917	0.9246892442043395	0.035102628352680396	
F9:7F	249	127	1	18.15098602989393	0.22226217670408827	0.0019651727454877833	
F6:BF	246	191	1	35.20154097658003	0.3582647219305955	0.007338520092494035	
7F:DE	127	222	1	28.81100332622269	0.2836184586649051	0.002602360514329272	
DF:FD	223	253	1	122.08982189429989	1.5238337034001515	0.07954721322246165	
DF:7F	223	127	1	36.48979820728169	0.44686266588180945	0.007104504712401068	
FB:BB	251	187	1	21.92156459884548	0.21654929653024863	0.0029012256994804305	
EF:BA	239	186	1	4.771667121061215	0.04656119146397419	1.3126284631233168E-4	
E9:FF	233	255	1	35.595636027052315	0.45258304631361845	0.007106420935341092	
CF:FD	207	253	1	43.272877930942236	0.5398726960749773	0.009334068809050333	
DE:FE	222	254	1	52.89884281039544	0.6663616915420586	0.014861682821321205	
DB:FD	219	253	1	19.641889331409292	0.24502519856451593	0.002026246208578772	
D7:FB	215	251	1	103.4175335195968	1.2848387033035968	0.05526125295911537	
3E:FD	62	253	1	109.54411403050281	1.3665963251597026	0.017628441345911565	
FC:FF	252	255	1	57.90944777549206	0.7364009148706757	0.02019038959776073	
7D:EF	125	239	1	69.1234337817759	0.8215100931771636	0.014709436432466224	
F9:FB	249	251	1	62.258376479357345	0.773364742608612	0.023121241522100346	
FF:F2	255	242	1	24.997586592555123	0.29613653800266976	0.0038083495907903745	
CF:FA	207	250	1	6.285313974863759	0.07730580034870735	1.969368160499814E-4	
7B:DF	123	223	1	18.77305086186462	0.1859614995696098	0.0010761357721972582	
FB:F9	251	249	1	4.684289753552485	0.05705530473311493	1.3183556547352165E-4	
FD:FC	253	252	1	12.414062058332767	0.15341445662654568	9.314278932200827E-4	
BE:F6	190	246	1	48.425413877162555	0.5872827912593465	0.01065686108425249	
F2:FF	242	255	1	45.66634460199103	0.5806652112282186	0.01211975107440626	
FB:DA	251	218	1	4.450260408977554	0.04270364074082007	1.1961295513119102E-4	
EE:FD	238	253	1	3.317786971254547	0.04138468921136087	6.287618455622458E-5	
DF:FA	223	250	1	22.981309782207138	0.2826826554949407	0.002817212017422853	
7E:DD	126	221	1	16.85148897982005	0.1649250633412809	8.841365670915852E-4	
77:FE	119	254	1	73.80251398661063	0.9296242159924352	0.016038426933051703	
FB:EB	251	235	1	15.670512560783418	0.18184409339937543	0.0014772800596601088	
CF:FB	207	251	1	9.11564757045461	0.11319703050770584	4.1414597099963707E-4	
F7:F9	247	249	1	18.742325369364117	0.22830289852926403	0.0020791319304779396	
47:FF	71	255	1	31.731470747374505	0.4033952221589678	0.0018320982035417604	
7C:FF	124	255	1	72.78618742094335	0.9254638960232027	0.016167101429589294	
7F:9F	127	159	1	13.172351643089371	0.1061924066948872	5.458979959897872E-4	
FF:CB	255	203	1	3.47540051452598	0.031138514328013858	7.402611725544052E-5	
E7:FE	231	254	1	16.37805558068274	0.20627432510478583	0.001492150359238638	
7D:DF	125	223	1	9.159152827523604	0.09072583582307021	2.592276255445386E-4	
CF:F7	207	247	1	41.43048044893411	0.5073342240061272	0.00856006558924409	
FD:FA	253	250	1	8.68378369555622	0.10680786592262095	4.5580097905788475E-4	
5B:BF	91	191	1	28.739257766287775	0.29245322242123484	0.0018699535310227348	
CF:DF	207	223	1	15.244871763034384	0.15101501500925002	0.001164241918595299	
BE:7F	190	127	1	1.0960684247229187	0.013420180886506443	5.456551515380641E-6	
6B:DF	107	223	1	10.260301349974123	0.10163314863770928	2.806990516951092E-4	
7E:7D	126	125	1	2.953291897196632	0.03517915041443907	2.7037240673772455E-5	
DD:FD	221	253	1	3.2930195229916603	0.041075687522040855	5.734742446388261E-5	
E3:FF	227	255	1	36.85049020962854	0.46853905132817736	0.007444384696188523	
FF:B6	255	182	1	8.102482586529483	0.07841574281140876	4.017954251175873E-4	
7F:F3	127	243	1	24.903118749026362	0.2979334067964642	0.001935923027791673	
CB:EF	203	239	1	18.468618442355137	0.21946741452230545	0.0016747816400934181	
FE:6F	254	111	1	10.505913844086637	0.10600673175637508	6.725877444355298E-4	
6B:EF	107	239	1	14.512922896972837	0.17245193104907428	5.593697282265805E-4	
AE:7F	174	127	1	14.288455773015967	0.17495630885922067	8.502690548167173E-4	
BF:CF	191	207	1	2.1533348902074763	0.019813836159229714	2.1288364775894962E-5	
6B:FB	107	251	1	14.226647405076038	0.176663461370865	5.369398559304924E-4	
9F:77	159	119	1	4.415901595873038	0.052004376611065696	7.440530488586856E-5	
FF:9B	255	155	1	5.40191890800127	0.04287880129806604	1.7921472248531617E-4	
2F:7F	47	127	1	3.754298306297776	0.0459673199127042	1.6139216919271214E-5	
F7:FE	247	254	1	6.273063445943702	0.07900220931250562	2.326918468831282E-4	
FD:DE	253	222	1	9.626984621185612	0.09476603790815072	5.629808090894408E-4	
FF:EC	255	236	1	13.051071875861767	0.15042766139207414	0.0010386351101731549	
E7:F7	231	247	1	23.703631756969983	0.29023995727469576	0.003127889392190538	
3E:FE	62	254	1	10.495428209587837	0.1321753100193991	1.6177397366919818E-4	
FF:CE	255	206	1	2.812866188314073	0.025711307178589875	4.847438374123307E-5	
3F:7F	63	127	1	12.21629346861271	0.14957735389852742	2.2238373201150663E-4	
FF:D5	255	213	1	1.9570862624193732	0.018441947545827803	2.345218103836665E-5	
E6:FF	230	255	1	22.61310784338474	0.2874947715513647	0.0028330298786568868	
4B:FF	75	255	1	4.130115497189248	0.05250265965488873	3.25676876106779E-5	
FE:FA	254	250	1	4.976175379706179	0.0612040680124691	1.502131426856116E-4	
F6:7F	246	127	1	12.852074518661961	0.15737094507653257	9.739287183793026E-4	
65:FF	101	255	1	4.217189908270704	0.053609709463304574	4.4830291272388644E-5	
F0:FF	240	255	1	1.073251510432885	0.013643314272286036	6.641749309406908E-6	
6B:F7	107	247	1	8.562808221158555	0.10483625657889839	1.9458089053244759E-4	
FA:FB	250	251	1	39.717362770607046	0.4932991394042121	0.00944234486401491	
2B:FF	43	255	1	4.9161354108026725	0.06249450052811642	2.5785228424993487E-5	
4F:BF	79	191	1	4.570450450032016	0.04650671302856101	4.169088800640161E-5	
9F:F3	159	243	1	7.045795380132459	0.08428952376851921	1.8934923615853585E-4	
FE:E7	254	231	1	15.298531319371955	0.1747908484532612	0.0014224175747965591	
6F:D7	111	215	1	4.6937537534955664	0.044771941984964814	6.110077979179957E-5	
E7:FB	231	251	1	1.5956662501702035	0.01981407371802843	1.4166789505241952E-5	
F3:FA	243	250	1	7.0026793192212615	0.08612980456780682	2.8618119236821477E-4	
7F:D7	127	215	1	3.8454498556065166	0.036680256998388346	4.638322897949633E-5	
EF:F5	239	245	1	9.409900148054767	0.11299241778530125	5.081813960011161E-4	
4F:7F	79	127	1	1.233767314628334	0.015106117869442756	3.025309379093315E-6	
7A:FB	122	251	1	10.764401045122028	0.13366932955760905	3.495012023160571E-4	
7B:D7	123	215	1	3.6988367847175114	0.03528174499338874	4.180411101110909E-5	
DE:EE	222	238	1	2.721462568809444	0.032011201258528466	3.938530376245923E-5	
6A:FF	106	255	1	8.18890727950207	0.10410005598880531	1.7641835112244402E-4	
3E:7F	62	127	1	3.4940593018304473	0.04278101055307539	1.7941981402415667E-5	
7C:DF	124	223	1	5.785303244707838	0.05730562352027066	1.0269333897929316E-4	
DF:E7	223	231	1	4.846250768666853	0.05536635094884016	1.2548294716682425E-4	
F7:EE	247	238	1	3.6675321646380756	0.04313965560803201	7.966875809432153E-5	
EB:CF	235	207	1	1.0599776001825156	0.00975330959222729	6.393271510826689E-6	
D7:EF	215	239	1	6.461146719307393	0.07677513397468926	2.1577048634362786E-4	
FD:ED	253	237	1	7.940913843624572	0.09246147043680576	3.816545059595007E-4	
DB:D7	219	215	1	1.736047241680598	0.016559434642728747	1.5920491228078434E-5	
EB:DF	235	223	1	4.65210610651538	0.04608127442343115	1.2297816091785759E-4	
7A:FE	122	254	1	9.15518110990902	0.11529816268003788	2.527237477119486E-4	
5B:3F	91	63	1	2.175286073165935	0.026090029107360843	1.0672527780346667E-5	
EA:FB	234	251	1	1.1736617603387083	0.0145738296324192	7.75806066393238E-6	
FB:F5	251	245	1	4.642013570723838	0.05573903203081473	1.2951178513168047E-4	
5F:DF	95	223	1	3.4410884552301666	0.03408495755191335	2.7727871986911853E-5	
F7:F3	247	243	1	1.5362613920218682	0.01837811675771174	1.397287798191273E-5	
AF:EF	175	239	1	5.170328680870964	0.06143615862733013	1.1192733401626768E-4	
7E:FC	126	252	1	2.549796917560953	0.03150859081102753	2.013598249680789E-5	
AD:EF	173	239	1	3.0573204700420904	0.03632812551075551	3.87690091647636E-5	
FB:D7	251	215	1	1.1962946947533164	0.01141093685628839	8.644100260128303E-6	
6F:7D	111	125	1	1.675753898678411	0.019961227926095143	7.750699163334113E-6	
1B:FF	27	255	1	1.474522394447061	0.018744220826910313	1.1016893568335595E-6	
9F:F9	159	249	1	5.027466337576151	0.0612346960320786	9.636219040177628E-5	
7E:7E	126	126	1	3.10490730087019	0.03707299428168447	2.9882851350526944E-5	
EE:FC	238	252	1	2.029795661279639	0.025082874770935494	2.3539145872456742E-5	
3F:DF	63	223	1	7.465548772935446	0.07394860953354507	8.344817167440824E-5	
7B:FB	123	251	1	3.3206649475239884	0.04123417358285266	3.349775100009682E-5	
77:F7	119	247	1	2.678217833452949	0.03278949856377285	2.1130619364097772E-5	
EA:F7	234	247	1	1.6574702948581097	0.020292486193419036	1.5477955112344596E-5	
9F:7D	159	125	1	1.8800905790601001	0.022395300403907095	1.3483284864026315E-5	
FF:E6	255	230	1	2.508150502923862	0.028155571338198734	3.8379170085229036E-5	
BF:BE	191	190	1	2.7239633764176148	0.027387009796384493	3.4007606217592965E-5	
3E:F7	62	247	1	3.5009157421719825	0.042861695679147084	1.8012698544679105E-5	
7B:E7	123	231	1	2.822154278717754	0.03224135513530258	2.4243621359110775E-5	
FF:D6	255	214	1	1.1780346945910638	0.011165095005285477	8.496270107047385E-6	
BE:EB	190	235	1	1.463150957190551	0.01697724942163589	9.736055401203158E-6	
66:FF	102	255	1	2.7353010824736743	0.03477153332453613	1.901872849671617E-5	
6F:7E	111	126	1	2.3396590874707246	0.027935743721036403	1.5107789426129641E-5	
BF:ED	191	237	1	2.310655924783256	0.026903537290711436	2.4392311778085584E-5	
4F:FD	79	253	1	5.850790250414744	0.0729797811692301	6.80042062321272E-5	
E7:DF	231	223	1	2.547494063050742	0.025233807232390673	3.6292559835752007E-5	
D6:FF	214	255	1	1.6090829873207992	0.020454916826876522	1.3304412045356899E-5	
FE:76	254	118	1	1.2057151917966917	0.013817640529746308	8.833368680451485E-6	
96:FF	150	255	1	1.0515278761339026	0.013367129035535429	4.018019254015491E-6	
DB:EF	219	239	1	2.0535782069273085	0.02440127156734856	2.2172048408506032E-5	
5B:FB	91	251	1	1.4226907814726855	0.017666063098866234	4.561231174898545E-6	
FE:CB	254	203	1	1.1913189566373377	0.010673700514768854	8.667227859320986E-6	
BF:79	191	121	1	2.4538548136091345	0.028627782660123103	2.7508196733430583E-5	
F7:77	247	119	1	2.507473471595665	0.029529492817857158	3.7238911124665954E-5	
7A:BF	122	191	1	2.042265895179487	0.020781058022366787	1.2637039916402233E-5	
FE:7D	254	125	1	2.693643403869957	0.03208648869838412	4.40482142909772E-5	
7F:AF	127	175	1	1.5572823440194983	0.014384441954039578	7.611341231876566E-6	
FF:75	255	117	1	2.7034407050738856	0.030932425563479273	4.456920259426299E-5	
F5:EF	245	239	1	2.449843766700044	0.02910992990499075	3.527854718155146E-5	
5F:7B	95	123	1	1.7235686212021186	0.020683224652529468	6.926996961102593E-6	
F1:FE	241	254	1	2.2394423668682726	0.02820259147751251	2.903217584870387E-5	
B3:BF	179	191	1	2.6693938613658763	0.027162538437491654	3.088500163243216E-5	
99:FF	153	255	1	1.7152604780649694	0.021804619888253895	1.0871182802112663E-5	
F1:EF	241	239	1	1.7777989857928642	0.021124364544104275	1.8322594127924957E-5	
CE:FB	206	251	1	1.6835915004382178	0.020905868437992733	1.4066358692278845E-5	
3A:FF	58	255	1	2.4108766162704973	0.030647293499152628	8.060468413061954E-6	
F2:FE	242	254	1	1.0934084173209515	0.013769833181776776	6.946961686055106E-6	
FD:BD	253	189	1	1.0839340990933592	0.010706051217589848	7.135965271441433E-6	
EB:FD	235	253	1	1.8222241776484032	0.02272946762448379	1.8770322859618426E-5	
E7:BF	231	191	1	1.711666938523347	0.017417109993516002	1.6375342942637953E-5	
5D:EF	93	239	1	2.3951915128693835	0.028460279232289207	1.3138209141032661E-5	
EE:BF	238	191	1	1.3436058758262104	0.013671870096267708	1.0359492766588959E-5	
1D:FF	29	255	1	1.6920167731456486	0.02150902760852097	1.6310848724714703E-6	
D7:FA	215	250	1	1.530476651060226	0.018823556560429448	1.2096052250747532E-5	
EF:DD	239	221	1	2.109739207330721	0.020647133160594272	2.5657965644173193E-5	
DB:ED	219	237	1	1.8274128250170858	0.021276998595957625	1.7565696310201828E-5	
67:FB	103	251	1	4.7002109558869085	0.05836472398819728	5.6643054022612135E-5	
DF:EB	223	235	1	1.351486790231824	0.015681595334242446	9.754995558047713E-6	
EE:BB	238	187	1	3.266649368843308	0.03226553059293291	6.127295685347782E-5	
7E:F5	126	245	1	2.690285570594861	0.032303006038845214	2.243188448286993E-5	
BD:EF	189	239	1	2.3577777554856563	0.028015863924368747	2.5140874944143564E-5	
FF:F4	255	244	1	1.0213871809463173	0.012146157410860389	6.3559290602611466E-6	
BE:AF	190	175	1	2.313232926867886	0.021367193397299755	2.4452081537032404E-5	
6C:FF	108	255	1	1.5920517832768466	0.020238332307175196	6.757250290327284E-6	
DB:7F	219	127	1	2.5329501089579995	0.031013511637876783	3.370721443715897E-5	
F3:7F	243	127	1	2.651605876510887	0.03246640630004438	4.1035851541717594E-5	
9B:F7	155	247	1	1.3870135468524925	0.016981201304364424	7.190814621493324E-6	
F7:CF	247	207	1	1.1031540287880008	0.010150599899171648	7.245082414793765E-6	
EF:5F	239	95	1	1.1416214227297448	0.009922809183412677	7.5294361642397025E-6	
DD:FE	221	254	1	1.2409110587471086	0.015627410150297383	8.141308878724202E-6	
FB:6F	251	111	1	2.41995475245445	0.024416616879417735	3.533315288792501E-5	
79:FD	121	253	1	2.302207678259251	0.02871643220592986	1.5865884390716552E-5	
A3:FF	163	255	1	2.4747768076473773	0.031459800469615495	2.4191939260225843E-5	
EF:A7	239	167	1	0.0	0.0075296193762036355	4.076139914041807E-6	
7F:DD	127	221	1	1.2905913580073807	0.012630374434319018	5.221819647961243E-6	
EF:F2	239	242	1	1.6328727994645849	0.0193412571735265	1.5306127235435372E-5	
FF:D3	255	211	1	1.9909244727770954	0.018505759088996418	2.427644126402476E-5	
DE:EF	222	239	1	4.737285773299998	0.056290747731883785	1.1931384423454192E-4	
B7:F6	183	246	1	1.3510758001440226	0.016381809036749555	8.02468537173167E-6	
5F:E7	95	231	1	2.3237310081958262	0.02654709592971708	1.2605711800698733E-5	
7C:FB	124	251	1	1.1323036931810289	0.01406022570082292	3.913869360773886E-6	
FB:7E	251	126	1	2.2245567462175364	0.026561594418089567	2.974633705331708E-5	
FF:3D	255	61	1	1.4423729760485493	0.01674725704706948	1.2682430656070548E-5	
E6:EF	230	239	1	1.8560624156448196	0.02205431495030074	1.9114655154629912E-5	
EE:EF	238	239	1	1.3311519125824551	0.015817121623223407	1.013339309372241E-5	
BF:FA	191	250	1	2.2920018289429147	0.02818973800464254	2.3968295962818372E-5	
8F:EF	143	239	1	2.2873980219470527	0.027179517136999135	1.8273344920701555E-5	
1F:FB	31	251	1	2.142698807759518	0.02660661107279197	2.7774956065621385E-6	
F7:AF	247	175	1	2.182535595815103	0.02015999876140416	2.835747908788829E-5	
AD:DF	173	223	1	2.1698194223738496	0.02149269809937261	1.9605567618829156E-5	
EF:DB	239	219	1	2.15234211768136	0.020785702511212006	2.6711641218763158E-5	
9F:BD	159	189	1	1.1474365508136686	0.011333242199840108	5.042813085113787E-6	
67:7F	103	127	1	2.1697008525174075	0.02656567249883532	1.2074195360813975E-5	
69:FF	105	255	1	2.204343821649465	0.02802189618777537	1.267977166438594E-5	
9A:FF	154	255	1	2.204292552351764	0.02802131247633811	1.8049711151062832E-5	
DB:F5	219	245	1	1.935575623205054	0.023241036627693643	1.969217039235959E-5	
3B:DF	59	223	1	1.6844886959943588	0.016685244244667406	4.01522020089182E-6	
DD:B7	221	183	1	2.0662636128463996	0.020243153008652676	2.270059370557314E-5	
6E:DF	110	223	1	2.0569372899758713	0.02037449884772949	1.163409930521054E-5	
72:FF	114	255	1	2.1406199308666762	0.02721183901143503	1.3019213800301458E-5	
3D:FE	61	254	1	2.137594125006641	0.02691969263306912	6.588564770050046E-6	
FD:EB	253	235	1	2.1056841968138413	0.02443284651407196	2.6836540225136623E-5	
FF:9D	255	157	1	2.05020041883677	0.016439277604116547	2.5809765445674892E-5	
AB:EF	171	239	1	1.920505501827649	0.022819993231624612	1.5163256746645266E-5	
ED:F3	237	243	1	2.072740806781969	0.024796024714505174	2.4471600300196287E-5	
DE:F7	222	247	1	2.0560906124566274	0.025172853090318973	2.2458991880197555E-5	
FD:F3	253	243	1	2.007334878028539	0.024013587068524387	2.43704794347629E-5	
AE:DF	174	223	1	2.0138711685800526	0.019947972769387562	1.696879758038951E-5	
37:FE	55	254	1	2.0193488688927097	0.02543056587019122	5.378921523681976E-6	

