BMLVN	12	x2	MULTI	
metabolism	0.9970000
mutations	0.0000100
catastrofic	0.0010000
minWeight	0.1
start biomas	2.0	_
env.size	25000.0
feedSourceH	FFF
0FF
00F
777
555
feed port max	50000.0	limited
timeQuant	0.01

key	suscepBits	activeBits	maxsize	popBiomas	currincome	currloss
FFF:000	4095	0	1	8530.301745131777	37.99224090576172	166.15417325461297	
0FF:000	255	0	1	12056.593195638432	271.75799560546875	195.82268520164538	
00F:000	15	0	1	14908.679676982165	496.5472717285156	173.02526814708673	
777:000	1911	0	1	8615.25490779047	45.98310470581055	178.70516795923356	
555:000	1365	0	1	11407.333035853153	497.5674133300781	216.12583990286728	
FFF:FFF	4095	4095	1	509.2770853604259	1.8992864714938373	0.5697743906176587	
FEF:FFF	4079	4095	1	398.21058540013706	1.485352991060192	0.34604863906630934	
DFF:FFF	3583	4095	1	662.452746441728	2.469297870876615	0.76250372528234	
FBF:FFF	4031	4095	1	494.5218342684463	1.8442892824233328	0.5218767977770299	
FFF:F7F	4095	3967	1	444.2565380790493	1.6097458646873513	0.43379100606507315	
FFF:7FF	4095	2047	1	684.6738432708572	2.845294450758335	1.030995280947052	
FF7:FFF	4087	4095	1	511.0311228027028	1.9058174671583303	0.5717268833401058	
FFF:FFE	4095	4094	1	474.02708299406675	1.7667863440897205	0.49368260521271	
FFF:FF7	4095	4087	1	477.34018754915843	1.7773014146738677	0.5006096914660144	
FFF:FFD	4095	4093	1	512.0938530169057	1.9083642747378378	0.5760941002089308	
FFB:FFF	4091	4095	1	427.78452200080346	1.5956063256831354	0.40144776897057544	
FDF:FFF	4063	4095	1	529.1713700730352	1.9733775482824094	0.6065467301366266	
FFF:FFB	4095	4091	1	526.4703615539688	1.9580699810443918	0.6088792480647728	
FFD:FFF	4093	4095	1	524.8503331583399	1.9572960381527662	0.6046931920607559	
EFF:FFF	3839	4095	1	415.5083796849579	1.5497547328182435	0.33564721205026765	
FFB:FFD	4091	4093	1	522.3382366413167	1.94649461038482	0.5983651897083315	
7FF:FFF	2047	4095	1	428.2458474537502	1.598239987498968	0.4800586454477433	
BFF:FFF	3071	4095	1	849.3083814589879	3.1633395839115366	0.8865420163945609	
FDF:FDF	4063	4063	1	302.5094513911876	1.1105736019867913	0.198375726211649	
9FF:FFF	2559	4095	1	1327.6541532517952	4.9330823215382535	1.37727609307978	
FEF:FEF	4079	4079	1	505.7702007914391	1.869650077668769	0.558087700885431	
FFF:FF5	4095	4085	1	447.9325546454646	1.6666593690789298	0.44086781787301765	
F7F:F7F	3967	3967	1	495.7961551832763	1.796157517107643	0.5096946328877748	
FEE:FFF	4078	4095	1	530.0690842713975	1.9767279884813687	0.6128089608372034	
FEF:FF7	4079	4087	1	408.4273803550089	1.520878465161951	0.36402916964866416	
FBF:7FF	4031	2047	1	272.55969068583397	1.1324973013430701	0.15867250770661784	
DFE:FFF	3582	4095	1	664.0823027608883	2.4753594118169713	0.7660723517754974	
FFF:F7D	4095	3965	1	431.73424260731633	1.5633707472851202	0.40969731627248884	
AFF:FFF	2815	4095	1	909.5257915732516	3.3868703118000023	0.8536986936239973	
DFF:FFB	3583	4091	1	576.1623343380784	2.1424351104014807	0.5770387492172594	
BFF:FF7	3071	4087	1	915.8961354060249	3.4046127661425887	1.030546495133239	
FE7:FFF	4071	4095	1	522.9997320057678	1.950393761029429	0.5946324967837806	
5FF:FFF	1535	4095	1	546.5276700866302	2.0395710594222556	0.6323033809636638	
FBE:FFF	4030	4095	1	251.4205699636064	0.9378897063979829	0.13497174913809162	
EBF:FFF	3775	4095	1	583.3791374302949	2.175089984830103	0.6405923959675712	
DF7:FFF	3575	4095	1	350.1747475602544	1.3061193419736452	0.21249150745497328	
FFF:FDD	4095	4061	1	446.95226962580733	1.6394590796275426	0.4389961873520412	
FDF:FEF	4063	4079	1	520.6945477227127	1.9247660956077162	0.5873320923964181	
DFF:FF7	3583	4087	1	656.6610001268621	2.4436376417281775	0.7492683452807626	
DFF:FFD	3583	4093	1	659.284649355264	2.4556930827300856	0.7552456859786295	
DEF:FFF	3567	4095	1	650.9429953137678	2.426479258006886	0.7301903777679537	
FF5:FFF	4085	4095	1	513.4651144524253	1.9148839403424427	0.5767677998950234	
FFF:7FE	4095	2046	1	610.4837420940175	2.5334982904778642	0.819631300690618	
FFF:FFC	4095	4092	1	515.509952074991	1.919812568059946	0.5838034402635228	
FFF:FEB	4095	4075	1	442.3152477240199	1.630897357848004	0.4299189849760774	
FBD:FFF	4029	4095	1	519.7784489912623	1.9383763206714517	0.5760784162737086	
DBF:FFF	3519	4095	1	585.3574165572644	2.182396110244798	0.5752868975415737	
FFF:7FB	4095	2043	1	614.5088677294291	2.5393710882378646	0.8305097222023528	
FFF:FDE	4095	4062	1	484.90871278100485	1.7786702700809094	0.5166674776336381	
DFF:FDF	3583	4063	1	628.2837964192647	2.3050478656074365	0.6860968476125464	
FBF:FFE	4031	4094	1	500.1486697574616	1.8640223736140582	0.5338142927860451	
7FF:FFE	2047	4094	1	441.85381355751065	1.647955773637771	0.5110702291541219	
FBF:FFB	4031	4091	1	447.93180654981853	1.6662031212392172	0.42824676198259765	
FFE:FEF	4094	4079	1	461.9612923051605	1.707873090125655	0.468832372661307	
EFF:F7F	3839	3967	1	478.44208998859625	1.7334155808863783	0.44506838235021695	
DFB:FFF	3579	4095	1	660.578284865574	2.462324700996659	0.7567048760142573	
FEF:7FF	4079	2047	1	617.3581966486689	2.5656028991074327	0.8323852396795282	
FFF:FE7	4095	4071	1	495.6839127168443	1.8262975064884177	0.5398458784676727	
FF6:FFF	4086	4095	1	525.005022348576	1.9578696137954352	0.6032826544020324	
DFF:FEF	3583	4079	1	644.2156769971604	2.3803863650663204	0.7212251052535239	
EEF:FFF	3823	4095	1	595.2330977621381	2.2192341646775495	0.6831247461243393	
F7F:FFD	3967	4093	1	501.64446416217595	1.8694136599875748	0.521735148555439	
FFF:FF3	4095	4083	1	511.859272057259	1.8968142982678393	0.5755960845682015	
FFD:FFB	4093	4091	1	517.4991192894963	1.9247429542527241	0.5878992567481948	
DFF:FFE	3583	4094	1	656.2792258620022	2.4447210260382204	0.7483842460778536	
BEE:FFF	3054	4095	1	941.78906642389	3.50633541564326	1.0788584274823334	
7FB:FFF	2043	4095	1	392.4861218179401	1.4647341120741342	0.401957022196598	
FFB:FEF	4091	4079	1	444.49365230345603	1.6433430477020383	0.43343391861299096	
FFB:FED	4091	4077	1	509.0523760683413	1.880386781436779	0.5683804638388426	
FEB:FFF	4075	4095	1	404.2841717656735	1.5079952763347504	0.3560865488831578	
FBF:FFD	4031	4093	1	480.98743574902227	1.7925326799377417	0.49372603435635043	
FFF:FFA	4095	4090	1	517.0571930386615	1.9218320609939945	0.5873200720447369	
DDF:FFF	3551	4095	1	663.6085863223245	2.4735865859495587	0.7525007680502492	
EF7:FFF	3831	4095	1	581.558086499671	2.1683349528241918	0.6546360081410115	
FBF:FF7	4031	4087	1	406.0974711906145	1.5121905096958521	0.35203466257374	
F7F:FFE	3967	4094	1	509.8871536564402	1.9002521245690294	0.5390059501767046	
FFD:FF7	4093	4087	1	519.6691514133645	1.9347354410074067	0.5928341475109112	
FFB:FDF	4091	4063	1	418.0022722198906	1.534425815025649	0.38336308224377774	
BF7:FFF	3063	4095	1	926.3865701098255	3.4492364723867444	1.0492870276301107	
7FF:FDF	2047	4063	1	416.06491250865145	1.5281644157351901	0.4531928547441942	
FED:FFF	4077	4095	1	517.0690678247544	1.9283055019512407	0.5828327497729948	
EFB:FFF	3835	4095	1	458.49843448571704	1.7099812952205071	0.40789148356261384	
FFB:FF7	4091	4087	1	517.3396986815769	1.9260720245963168	0.5869837390503607	
FDB:FFF	4059	4095	1	534.9025849971562	1.9947217570129854	0.6187104143976796	
BFB:FFF	3067	4095	1	936.8363650097392	3.487967232017458	1.075602454432124	
BFF:FFE	3071	4094	1	629.9701205284462	2.346662296119296	0.4885474100492417	
CFF:FFF	3327	4095	1	656.6639468836349	2.447669779802579	0.6470000166163657	
EDF:FFF	3807	4095	1	595.6630782068198	2.2208282626740914	0.6788503220209664	
FFF:FEE	4095	4078	1	460.88180492055716	1.7027571626727371	0.4667359876030655	
FF7:FEF	4087	4079	1	461.80044159800696	1.7072760070756048	0.46698106979592263	
FFF:FCF	4095	4047	1	471.67518501689324	1.7160983541552692	0.48890549171414205	
DF5:FFF	3573	4095	1	646.9464413455771	2.411614332921897	0.7236690679380304	
7BF:FFF	1983	4095	1	467.80031263108094	1.7457606121141676	0.5264598821026503	
FEF:FFB	4079	4091	1	522.0788955034926	1.941750337061575	0.5946145475237464	
DFB:FFD	3579	4093	1	624.7601760934333	2.3273440339906823	0.6769864694041142	
FEF:FFE	4079	4094	1	421.0988362720909	1.5696445830212793	0.3869481858113012	
FFE:FFB	4094	4091	1	494.8093857732112	1.840443393872119	0.5377953066234021	
FBF:FDF	4031	4063	1	503.59195376033995	1.8483046842704187	0.5412609889182417	
EFF:FEF	3839	4079	1	569.7052350624543	2.105573826414167	0.6306724375005888	
EFF:7FF	3839	2047	1	487.0872571253225	2.0241294262059784	0.46171111792924585	
FFB:FDD	4091	4061	1	493.23511662325234	1.8090701437526422	0.5336676639466542	
FFF:7DF	4095	2015	1	443.28165858292596	1.6769266332152817	0.43241863945929354	
DFD:FFF	3581	4095	1	596.2600568325117	2.223004315110394	0.6173931217596867	
BFB:FFD	3067	4093	1	930.3006850206112	3.4611773833900847	1.0607118521074934	
D7F:FFF	3455	4095	1	559.6861508737483	2.0867997018670636	0.5081928141332066	
FDD:FFF	4061	4095	1	502.41438010836737	1.8737071819041826	0.5464072692141184	
FFF:F77	4095	3959	1	468.01046820834216	1.6935674742654891	0.48139709073498926	
EFF:FFB	3839	4091	1	574.7692722259361	2.1373229940302227	0.641883168761193	
B7F:F7F	2943	3967	1	909.8189904090874	3.2907356381017556	0.9396414650986994	
F7F:7FF	3967	2047	1	606.4739306479503	2.520354040217489	0.7634948092346944	
FF7:FFD	4087	4093	1	524.2630666682795	1.953657085826221	0.6016983901677101	
EFF:FBF	3839	4031	1	502.74041292296374	1.7897141880110414	0.49140857292154416	
3FF:FFF	1023	4095	1	786.4684077865546	2.934439341760497	0.9030246543485717	
FDF:FF7	4063	4087	1	568.7344179458064	2.1171353949592704	0.7005642961030452	
9FF:FFB	2559	4091	1	1412.654800323623	5.2319093330872235	1.5578787108299448	
9FF:FFD	2559	4093	1	1444.1774641298205	5.357900471249892	1.627549095220154	
6FF:FFF	1791	4095	1	415.89492993747143	1.5520082975459333	0.40061556832596	
BFE:FFF	3070	4095	1	930.3618152297055	3.4639670491211514	1.062850466152917	
9FF:FBF	2559	4031	1	1225.5650315134271	4.349652314497176	1.1759836380267719	
7FF:7FF	2047	2047	1	529.8639880472787	2.201293106704313	0.7332606670868187	
DE7:FFF	3559	4095	1	674.6642598897779	2.514707902560343	0.7810576045607542	
DFB:FFB	3579	4091	1	596.6419894502228	2.2184584231395488	0.6175042646140495	
9FF:EFF	2559	3839	1	746.6678028489583	2.41421637446576	0.4394561180845589	
5FF:FDF	1535	4063	1	499.11050929485845	1.8330775303400701	0.5273975569352914	
FFF:F5F	4095	3935	1	366.08425063907924	1.311239167211859	0.29465307952400227	
FEF:7F7	4079	2039	1	465.72607609815935	1.9267151859020957	0.47367580161082906	
DEF:FDF	3567	4063	1	577.674890135063	2.1196712397898527	0.575356330108063	
8FF:FFF	2303	4095	1	1346.3900680602578	5.004801547903295	1.4897068617529605	
DEF:FBF	3567	4031	1	563.8723137189296	2.006981380294882	0.5483710377097784	
3FF:F7F	1023	3967	1	712.5023882836877	2.582924247564034	0.7416082536120391	
77B:FFF	1915	4095	1	492.6397850687168	1.83843491052015	0.5641799352104335	
EF7:7FF	3831	2047	1	410.862688335224	1.7073008089191357	0.32726959762060637	
FEB:FFB	4075	4091	1	518.3127336350057	1.9277537373190718	0.5850948922511158	
DEF:7DF	3567	2015	1	587.687630000215	2.223211941169306	0.597117781663427	
1FF:FFF	511	4095	1	929.2823054771477	3.4677496398834347	1.0010958103860967	
FE7:FFB	4071	4091	1	430.1156002958922	1.5999910916279854	0.40229640227860897	
7FD:7FF	2045	2047	1	522.178575113711	2.1693872602127713	0.7113048240655777	
3FF:FFE	1023	4094	1	780.2273110286875	2.9092402409387135	0.8887560910984463	
3FF:77F	1023	1919	1	761.1236802353446	2.9437543071386454	0.8444064341552098	
2FF:FFF	767	4095	1	931.9454955864366	3.4771029279228567	1.0664592851249655	
EFF:7FE	3839	2046	1	636.489004891808	2.6413595890012744	0.7884584869894177	
FFB:FF5	4091	4085	1	415.09129666430533	1.5445395219933797	0.3780012681022282	
EFB:FFD	3835	4093	1	591.5959379606201	2.204066688927147	0.678734851398883	
F3F:7FF	3903	2047	1	438.10344038742653	1.8205532974473058	0.38652921013343366	
6FF:7FF	1791	2047	1	578.1645048774659	2.4017328802788454	0.7724078362614285	
F7F:FFF	3967	4095	1	557.4177343060213	2.0785263934243963	0.6440735858270241	
FED:7FF	4077	2047	1	631.3088060359756	2.6235717542951806	0.8698143719944759	
1FF:FFE	511	4094	1	898.3733192935043	3.3501847672658145	0.9356009647442025	
FED:FFE	4077	4094	1	377.2990152888149	1.4064564510044708	0.31045582913377806	
7FF:7FB	2047	2043	1	469.30434430065884	1.938856565210494	0.575288075966483	
B7F:FFF	2943	4095	1	1006.2713663314843	3.7453279176091634	1.148655776656029	
E3F:7FF	3647	2047	1	752.7154220964496	3.1279947293715424	1.001940558483694	
3FD:7FF	1021	2047	1	814.0910013822063	3.380773500315108	0.9617931243303712	
3FF:77B	1023	1915	1	703.5335855366867	2.7115770909402945	0.7215578878523706	
3FF:7FF	1023	2047	1	947.9139911217812	3.9354985733896504	1.3073365205704433	
77F:7FF	1919	2047	1	586.446774154681	2.4359217823824997	0.7989368879193064	
2FF:7FF	767	2047	1	1225.4516494305435	5.086147857770928	1.8368929059099008	
1BF:FFE	447	4094	1	1242.2547878992768	4.631589206628034	1.387774707465066	
FEF:7FE	4079	2046	1	686.0429163979837	2.8470032982664226	1.0279696260028806	
37D:7FF	893	2047	1	1326.2871740847431	5.499621109012541	1.815807041938754	
FF7:7FF	4087	2047	1	568.5068761719856	2.362597999397459	0.7083177627701107	
FBF:7F7	4031	2039	1	636.8268216450022	2.6345914357416236	0.8664672668040713	
3FD:7FD	1021	2045	1	942.3567838225364	3.905766203723984	1.2883258375228197	
6FF:5FF	1791	1535	1	476.0059720434191	1.9247376759843493	0.5242401709341473	
7FF:7FE	2047	2046	1	565.175277663133	2.344580626446824	0.8342337491263019	
37F:7FF	895	2047	1	1453.9112561903298	6.025989369337301	2.18458054309281	
375:7FF	885	2047	1	1186.9616973132145	4.924132416370075	1.4419351623864918	
FFD:7FF	4093	2047	1	731.4226823841336	3.0394939086716706	1.175794600906004	
1FF:FBF	511	4031	1	845.5764523792056	3.0133373288603407	0.8303179643273756	
F7F:7FE	3967	2046	1	662.2928656234334	2.7484604666569994	0.9105491151686169	
AFF:7FF	2815	2047	1	1313.1551878647156	5.457529396028087	1.7930766191890775	
3ED:7FF	1005	2047	1	972.7185516406789	4.038216487666595	1.3356947693381167	
1FF:7FE	511	2046	1	1184.7230206467573	4.913636393808762	1.6226801605426937	
2FF:7FD	767	2045	1	1205.5005628269425	4.995045208057315	1.7777252631260956	
37D:7FD	893	2045	1	946.8165932264357	3.923522536920123	0.9270474943922725	
1EF:7FE	495	2046	1	1122.4770866355627	4.655688404813584	1.3920743447422452	
27F:7FF	639	2047	1	1906.994302687247	7.896527489319466	2.6389591458996895	
B7F:7FE	2943	2046	1	1120.5358178657852	4.650269665629035	1.4350589945631085	
3E5:7FF	997	2047	1	892.3053815514311	3.704972123029027	1.1032536169720537	
7ED:7FF	2029	2047	1	533.6590211389363	2.217029071248486	0.7343273322755387	
1DF:7FE	479	2046	1	1350.7397240130142	5.600555089585462	1.8514194740573702	
FEF:7FC	4079	2044	1	626.8749464478964	2.597067734492651	0.8582770863864684	
6FD:7FF	1789	2047	1	592.2297154893196	2.4601025520874593	0.8092861565254488	
AFF:7FD	2815	2045	1	1344.7970033284028	5.579490049547071	1.8806034915188088	
1FF:7EE	511	2030	1	1003.2017117989665	4.075082533551577	1.1641838102030608	
0EF:7FE	239	2046	1	963.8674751327102	4.000929477691163	1.218123114658387	
27F:7FD	639	2045	1	1530.8021145824346	6.336150476918904	1.7040708932883282	
1DF:5FE	479	1534	1	1172.2261431540708	4.726429499463236	1.3931100959943579	
1AF:7FE	431	2046	1	1592.0049021052398	6.598082709266283	2.1493437248516436	
9FF:7FE	2559	2046	1	1730.0128648395828	7.1848913607431	2.3778591066881014	
3EC:7FF	1004	2047	1	1057.4917687811594	4.389253167593194	1.5780922880675072	
7BD:7FF	1981	2047	1	575.8090120004581	2.3917936038754193	0.7950225367040881	
3DF:7FE	991	2046	1	922.8410069085998	3.8261158241992104	1.1556284975445454	
2FD:7FF	765	2047	1	1126.2555623089072	4.67544865551891	1.5459933793457576	
1FF:7FF	511	2047	1	1187.8305767845459	4.933376313256976	1.6311563744802322	
0ED:7FE	237	2046	1	1044.180726525311	4.334426636379529	1.4206347820137888	
0E7:7FE	231	2046	1	947.472124076977	3.93268914650346	1.1265833907704625	
1DE:7FE	478	2046	1	1348.5396358152077	5.591433587986945	1.8459729962773643	
8EF:7FE	2287	2046	1	1847.9907649201193	7.67482910915123	2.531659024830232	
3F5:7FD	1013	2045	1	953.0550611246045	3.9499681443693295	1.2934361505130056	
0EF:7FA	239	2042	1	1096.647071533068	4.526741680614107	1.577253022583619	
0EF:7FC	239	2044	1	1037.4995843231723	4.2993761214128146	1.411520445866309	
4EF:7FE	1263	2046	1	746.8709276632851	3.0976058448634034	0.9977264384334212	
375:7FD	885	2045	1	1128.0827408059206	4.672626108878792	1.3027993420070851	
0FF:7FE	255	2046	1	1004.1786484779899	4.1683845401811075	1.3659981895934306	
0EF:5FE	239	1534	1	769.3581970472903	3.105624169368171	0.7758056905741176	
0AF:7FE	175	2046	1	1511.8029210797106	6.277963551317058	1.912696694110001	
0EE:7FE	238	2046	1	1120.7260828966946	4.65231872329293	1.65145319456994	
2EF:7FF	751	2047	1	1080.8040292065407	4.487119843221574	1.3795697842834724	
1BF:7FE	447	2046	1	1531.0819117605977	6.346248359739773	2.1000023932569385	
3FF:7FD	1023	2045	1	943.3251248176116	3.9098000467795107	1.2947629556500675	
1ED:7FE	493	2046	1	1032.3998657477084	4.282415001857268	1.1717746214462865	
0E7:7FC	231	2044	1	1083.1889080536737	4.488596243011458	1.4727183131306198	
0BF:7FE	191	2046	1	1577.7647114073218	6.5525590501760815	2.160687099970085	
8EF:7FA	2287	2042	1	1652.704697754574	6.824144178580221	2.0243751376608627	
0ED:7FC	237	2044	1	1134.5525879272334	4.7016559777145215	1.6773845924258302	
0AF:7F6	175	2038	1	1469.2541719170583	6.073676654532985	1.8064875148015926	
08F:7FE	143	2046	1	2042.6204624073196	8.482124890376518	2.552980361321021	
0FF:7FF	255	2047	1	982.1661779694862	4.0826575591204195	1.3067019628936234	
0AF:7FC	175	2044	1	1488.746895040937	6.171543889378274	1.8547566167522764	
0AF:7FF	175	2047	1	1497.6953018315412	6.227994460634918	1.8770999340019403	
8EE:7FE	2286	2046	1	1833.333400349872	7.6138702721756655	2.4908237537395803	
0AF:5FE	175	1534	1	1226.4641565079176	4.949343414128191	1.255182699038716	
1CE:7FE	462	2046	1	1398.2114083818951	5.79690308365183	1.8862137126825733	
0AF:7FA	175	2042	1	1611.825834571772	6.656175892231179	2.1746277702849097	
0AE:7FE	174	2046	1	1627.4137188718978	6.75874241036466	2.225732904185219	
0A7:7FE	167	2046	1	1713.3260791030368	7.115334521573673	2.29320803781061	
0AF:6FE	175	1790	1	831.7789794988078	2.883463484799765	0.5791263285787412	
0AF:7EE	175	2030	1	1393.0345949929508	5.663900933434201	1.6239346723760653	
02F:7FE	47	2046	1	1983.6478270435975	8.2378484040253	2.627163933005288	
0AF:7BE	175	1982	1	1030.522750176592	3.737608569931788	0.8889511219527352	
8AF:7FE	2223	2046	1	1952.4922563667649	8.108688584494676	2.6404313135186084	
0AB:7FE	171	2046	1	1649.0352564254376	6.848317404694255	2.201980272426036	
0BF:5FE	191	1534	1	1335.4318873779416	5.388719105229911	1.5429339175679815	
1AF:5FE	431	1534	1	1446.482470333745	5.82880497707055	1.7719619339854855	
0AF:5FF	175	1535	1	1493.1742676136773	6.035699173765279	1.8601130860011665	
0AF:5FC	175	1532	1	1329.76354037958	5.354102209389818	1.475566136719603	
0AB:5FE	171	1534	1	1391.1529066707812	5.613526869383454	1.5620796937819688	
0AF:5DE	175	1502	1	1102.6129779388561	4.232006463843995	1.0173669253188715	
0E7:0FE	231	254	1	1032.3154196158325	4.34895844761289	1.3233991047093385	
0E7:0FA	231	250	1	859.3824672939799	3.500846618244691	0.9190298860230212	
0E7:0F6	231	246	1	955.5471859326358	3.904518009516428	1.1345625750786137	
0E7:0FC	231	252	1	1009.6156406145756	4.187345477294595	1.2664082227149378	
0F7:0FE	247	254	1	1020.8313138479436	4.29998409013388	1.33947862040109	
067:0FE	103	254	1	2494.2149637195876	10.447641093142481	3.2263587125913458	
0A7:0FE	167	254	1	1411.4464545485687	5.937494469522092	1.5261120810093545	
4E7:0FE	1255	254	1	551.9932568260584	2.3327492167928727	0.5398779006621918	
0AF:0FE	175	254	1	1747.596251547666	7.332188505310978	2.498277386064708	
8E7:0FE	2279	254	1	1886.7974266435576	7.978069345884788	2.523893628066733	
0E7:0EE	231	238	1	1036.770857177354	4.317757081529087	1.3338369627409161	
0C7:0FE	199	254	1	1494.5796957031444	6.278147183252308	1.9488474876289594	
2E7:0FE	743	254	1	1156.6941688294569	4.884002806896579	1.54514309661131	
1E7:0FE	487	254	1	1245.2313907749922	5.252077185636618	1.6525101275935554	
0E5:0FE	229	254	1	1061.8962772702655	4.472906825432143	1.3912405120223368	
0E7:0FF	231	255	1	1085.606444926195	4.6092575597993735	1.4626610591245188	
0EF:0FC	239	252	1	953.1119923919639	3.9540007205303893	1.1798422657475156	
067:0FC	103	252	1	2598.4473093554334	10.707896109445834	3.501494820004984	
067:0FA	103	250	1	1762.0222706563334	7.162699006722182	1.625991893626011	
0E7:0FB	231	251	1	973.4513330761373	3.9955167825563263	1.177857839187213	
0A7:0EE	167	238	1	1518.8439665038668	6.310944152387869	1.7626272035474198	
CE7:0FE	3303	254	1	890.9539096337502	3.767234815076008	1.1813295956098864	
8E7:0FC	2279	252	1	1783.7307441436062	7.423916432926054	2.2556579356635837	
067:0EE	103	238	1	2381.1612814616296	9.864043715225106	2.9387358054044825	
067:0FF	103	255	1	2552.2241123233975	10.772339877563128	3.374087387629144	
067:0FD	103	253	1	2010.9016355167205	8.385171065347103	2.1094440263861447	
067:0FB	103	251	1	2260.789764947686	9.239600424632734	2.6616816927015057	
02F:7FF	47	2047	1	2052.262949927694	8.535094843389837	2.8122810254483137	
027:0FE	39	254	1	4408.483500424615	18.4448928880629	6.706173983072292	
027:0EE	39	238	1	3112.624162931936	12.936814161525259	3.3649366817180444	
02F:0FE	47	254	1	1992.932216654198	8.404329641060633	2.6289902611270217	
02F:0EE	47	238	1	1957.3091392693443	8.161177259090156	2.534920649233096	
027:0FC	39	252	1	3580.765611850205	14.806408851509127	4.457332727840601	
027:0EC	39	236	1	2935.4428597560377	12.014492536523406	3.0025553760224724	
06F:0FE	111	254	1	2041.4642955833751	8.574320723909736	2.8434328640763242	
067:0EC	103	236	1	2514.2889000277687	10.237963729718224	3.2750156043691576	
22F:0FE	559	254	1	1840.4309300517614	7.780795936854155	2.172348327692207	
427:0EC	1063	236	1	839.998040625549	3.454665731694052	0.9557026761319349	
02F:0EC	47	236	1	1851.3171209290563	7.596942461256679	2.2703857053206544	
02F:7FD	47	2045	1	2042.0233808413295	8.477936351130921	2.784289494816166	
02F:0FC	47	252	1	1503.5222590683386	6.2471703301330965	1.4994288589839522	
02F:7FC	47	2044	1	2036.2036064199558	8.441961171774121	2.768452271553859	
02F:06E	47	110	1	907.362751528228	3.1019085996589175	0.5448091486768454	
00F:06E	15	110	1	832.531436109876	2.84967578282368	0.5594923499158629	
00F:02E	15	46	1	559.2911067210613	1.7967814360245773	0.25219840000539584	
027:02E	39	46	1	1206.020731211123	3.8534860499811043	0.49412491365535016	
82F:02E	2095	46	1	742.7115935465417	2.387180027126711	0.36229100523021457	
06F:02E	111	46	1	725.9717086346247	2.330877811330661	0.3645083649714105	
02F:02F	47	47	1	1127.0945738300306	3.8707209385401495	0.8254467402313257	
02F:00E	47	14	1	1560.4049344367418	6.07267294259622	1.6074477085145025	
02D:02E	45	46	1	909.2122865266508	2.9112434222179115	0.48390840981479455	
03F:02E	63	46	1	652.7277724769409	2.0944852400718963	0.24537562297186863	
10F:02E	271	46	1	2323.5520772968475	7.469041468134969	1.3884046803137877	
22F:00E	559	14	1	1779.3157079318544	6.94596349111992	2.031628701592635	
04F:02E	79	46	1	1108.865787605825	3.564249800822443	0.6028567413399997	
01F:02E	31	46	1	1250.3475467182827	4.014874217007594	0.7255585580107924	
82F:00E	2095	14	1	1711.3347565300567	6.680464898933581	1.9232717696542245	
00F:00E	15	14	1	1253.0506343574439	4.861550367149175	1.2401896831685133	
00E:02E	14	46	1	612.9968831557787	1.9692197904011162	0.324101036658036	
03F:00E	63	14	1	1672.240177541438	6.510259053928762	1.614910200814455	
00D:02E	13	46	1	647.9478997152944	2.0814571109890525	0.28686733466275327	
86F:02E	2159	46	1	767.5805883985471	2.4671877534050117	0.39791980296731744	
007:02E	7	46	1	1491.0645226947559	4.786489842759382	0.7003356768284869	
42F:02F	1071	47	1	567.342242057892	1.9599775265319124	0.43928164630104527	
0AF:00E	175	14	1	1245.5453826879705	4.861788362127874	1.2983682784253412	
007:00E	7	14	1	3575.525984858937	13.688932486815302	3.7921485374325012	
04F:00E	79	14	1	2115.832088029871	8.231900491179326	2.1671916380460843	
047:00E	71	14	1	3564.983008015537	13.91640456797252	3.9888913519922937	
407:00E	1031	14	1	873.2107028626726	3.408803730738618	1.0040263310145612	
005:00E	5	14	1	5567.371253900412	21.099565722199056	5.05644303109781	
087:00E	135	14	1	1668.8321803451722	6.513512137367277	1.6086930446931929	
8AF:00E	2223	14	1	1542.666636652089	6.021709874993359	1.648202451546541	
205:00E	517	14	1	1926.119434821172	7.519098490735638	2.2129517049857492	
004:00E	4	14	1	5755.68227602584	21.5994489219864	6.610753917037944	
006:00E	6	14	1	2774.4987935111694	10.68311219914306	2.69602422705503	
00D:00E	13	14	1	1657.835530096952	6.413983236785187	1.8271027795930648	
045:00E	69	14	1	3681.120801247253	14.370085124645833	4.2013083608351565	
085:00E	133	14	1	2161.7314882988144	8.439655265848245	2.685582466202997	
046:00E	70	14	1	3276.982605062887	12.791142705731959	3.4062190789923714	
27D:7FF	637	2047	1	1915.854415690307	7.933026302877269	2.657120493338463	

