BMLVN	12	x2
metabolism	0.9970000
mutations	0.0000100
catastrofic	0.0000100
minWeight	0.1
start biomas	2.0	_
env.size	25000.0
feedSourceH	0FF
0C7
0B5
023
011
feed port max	50000.0
timeQuant	0.01

key	suscepBits	activeBits	maxsize	popBiomas	currincome	currloss
FFF:000	4095	0	1	13953.153889176043	220.5038604736328	211.42355522000125	
0FF:000	255	0	1	10506.68736569097	274.6745300292969	230.7298286051059	
00F:000	15	0	1	25000.0	267.7182312011719	8.36141644609377	
777:000	1911	0	1	13245.263533732697	420.3955383300781	214.32362983929906	
555:000	1365	0	1	12909.195280830489	399.8092956542969	226.79132169518823	
0FF:0FF	255	255	1	376.615321200289	1.4144912932555411	0.2963273862447228	
0FF:1FF	255	511	1	246.8241068915539	0.8441823960392312	0.12754108709365825	
0FF:0F7	255	247	1	280.0270532361764	1.0027361287950802	0.1639469232365428	
0DF:0FF	223	255	1	437.9160816817709	1.6445386079766404	0.34311018438687513	
0FF:0FE	255	254	1	367.63663126014995	1.3727655423584093	0.2823909082588136	
0FF:8FF	255	2303	1	460.9522641935151	1.8143984103296933	0.4450080073777211	
8FF:0FF	2303	255	1	1341.0485160623484	5.03583445697918	1.149191623496988	
0FF:0DF	255	223	1	132.65654359211567	0.40955482492375245	0.036850010027644174	
0FF:0EF	255	239	1	244.5766184053509	0.8360524547166018	0.12512660994088057	
07F:0FF	127	255	1	834.2253979796268	3.1304430793930287	0.6520180629781861	
0FB:0FF	251	255	1	382.1899210598329	1.4354163773673143	0.30066607442941845	
0FE:0FF	254	255	1	377.8541928353707	1.419141969613849	0.29729725379952715	
0FF:4FF	255	1279	1	901.4782524665487	4.542077751668847	1.6997343161683782	
1FF:0FF	511	255	1	578.9467052221072	2.1741450423235156	0.4481543031984911	
0EF:0FF	239	255	1	401.60205889626997	1.5082749234103423	0.31550037568345174	
0FF:0BF	255	191	1	39.31847872573079	0.10128807196686529	0.0032414194406699946	
4FF:0FF	1279	255	1	443.5884043642329	1.6668800219609907	0.382615690747938	
0FD:0FF	253	255	1	381.164598909876	1.4315686128171798	0.30129099111226926	
0FF:0FB	255	251	1	343.41433566109777	1.2614795602439088	0.24646347125974277	
0FF:07F	255	127	1	502.06485998057684	2.03706130728186	0.5270876523547552	
0BF:0FF	191	255	1	523.0480242906356	1.963925974557118	0.4085734624765835	
0BF:1FF	191	511	1	341.89559930683663	1.1692659734514494	0.17508857272217854	
0FF:1FB	255	507	1	174.88562095871384	0.5854376279890342	0.06403855073070594	
0FF:0FD	255	253	1	358.75540361260454	1.331835735626068	0.2689347351339866	
2FF:1FF	767	511	1	555.4488964096049	1.89957954233433	0.2956939100309996	
0FF:3FF	255	1023	1	518.2834904568962	2.069776392708536	0.5623222882780803	
07F:1FF	127	511	1	545.574585004824	1.8655773286237272	0.2802390641793442	
2FF:0FF	767	255	1	834.5384615756037	3.1331973818054815	0.6653352219158922	
0FF:5FF	255	1535	1	1364.8437061056331	8.33759616602213	3.8939559084140094	
0FF:2FF	255	767	1	489.21815183659254	1.9093413082851793	0.5009222133514882	
0F7:1FF	247	511	1	254.22087340757764	0.8694770578048374	0.13130444056457052	
07F:0FE	127	254	1	814.2211451453928	3.037821537769223	0.62128316837429	
0FF:1F7	255	503	1	193.53644085101286	0.6331936468673555	0.07843969998923439	
4FF:1FF	1279	511	1	300.4345851054784	1.0277550531361794	0.17565863397902795	
0FF:1FD	255	509	1	235.21145158633843	0.796745777858211	0.11583055247680087	
0FF:1DF	255	479	1	108.88213681084432	0.323616460650169	0.02484210315024476	
0DF:4FF	223	1279	1	1049.5067362044224	5.287387783637258	1.9735001169477986	
1FF:1FF	511	511	1	378.5501013450192	1.29401281677436	0.19142136244042685	
0DF:1FF	223	511	1	286.5201160003708	0.9799222488318803	0.14723794143910632	
8FF:1FF	2303	511	1	899.0248148495689	3.075444620716293	0.5184489366660748	
0FF:1EF	255	495	1	143.68856631390085	0.4463453560018428	0.04325114356765304	
2DF:0FF	735	255	1	978.4231042786254	3.673048670242461	0.7800445315461504	
1FF:0FB	511	251	1	527.7660817421853	1.9384701046596648	0.37256312086798243	
0FE:1FF	254	511	1	247.64865008656545	0.8470021682768448	0.1279722248349945	
0FF:17F	255	383	1	15.639746307715491	0.036386257078739596	5.131731855958649E-4	
0DE:0FF	222	255	1	439.3264192467584	1.6498319889034991	0.34403122291141863	
0FF:9FF	255	2559	1	401.9522056789065	1.5197637015786143	0.33853370582787673	
0DD:0FF	221	255	1	440.0362815299655	1.6524953765621184	0.3435377234568128	
0FB:1FF	251	511	1	250.45004503093847	0.8565820108866526	0.1293835307204809	
1FE:0FF	510	255	1	582.4592985739695	2.187330256282055	0.45190858416932456	
0EF:1FF	239	511	1	263.0829467751785	0.8997813983349296	0.13569053876823048	
0FF:0FC	255	252	1	349.92350161733225	1.2914631040907916	0.2558778981140979	
0EF:8FF	239	2303	1	491.6125185482095	1.9350687339641062	0.47403092520672807	
0FF:0D7	255	215	1	94.09630468883536	0.27604486584924914	0.018548574599409052	
0DF:2FF	223	767	1	569.0398252189608	2.22073241304985	0.5805757848540795	
0B7:0FF	183	255	1	543.7707583460051	2.041669392108789	0.4240670580335226	
1FD:0FF	509	255	1	585.0170894124824	2.1969309820494933	0.4538451649464452	
0DF:8FF	223	2303	1	535.8703663935288	2.1094846075460243	0.5155300201583483	
0FD:1FF	253	511	1	248.6352175608671	0.8503758692527572	0.1284677054601213	
07E:0FF	126	255	1	838.8921269774502	3.1479387218218684	0.6553358062747482	
CFF:0FF	3327	255	1	838.1133418308718	3.149974684304652	0.7381395798953503	
07F:4FF	127	1279	1	2003.467479491847	10.099633075115662	3.7859213981774396	
0FE:0F7	254	247	1	307.0958974085183	1.0996517991166337	0.19650889537081592	
0FF:0E7	255	231	1	184.05602066817409	0.5972666158005059	0.07090359363013117	
17F:0FF	383	255	1	1140.6577104790788	4.282720739756811	0.8889670126462166	
07F:0FD	127	253	1	794.3609283738025	2.9466845188149073	0.591493848986466	
4FF:0EF	1279	239	1	296.5660193082661	1.014024675158286	0.1710838787412235	
0BF:0FD	191	253	1	497.667262531362	1.8470782402072448	0.3699824945538686	
09F:0FF	159	255	1	635.2541511730286	2.3847450905369647	0.491863261956598	
0DF:0FE	223	254	1	427.20647859476975	1.5950305407966616	0.32656789793461516	
0FE:4FF	254	1279	1	904.449382562598	4.557041479406252	1.7053258994795917	
1FB:0FF	507	255	1	589.7592516093482	2.2147323930106664	0.4574524791820083	
03F:0FF	63	255	1	1861.7832399559418	6.971198422048982	1.4443430872743805	
4FF:0F7	1279	247	1	365.9125763037996	1.3107366941736251	0.26040065680862434	
8FF:8FF	2303	2303	1	1623.3850651438293	6.322577842969327	1.6218141827164332	
8FF:0F7	2303	247	1	1099.3500975836475	3.9361326871921056	0.7729050078057139	
0FF:0F3	255	243	1	274.5586143263914	0.9609448766748886	0.15763974759662897	
0FB:07F	251	127	1	507.2363391314275	2.058061901855829	0.5301103270118052	
0FE:8FF	254	2303	1	461.83625807289604	1.8178755898625498	0.4452464998223662	
1FF:0F7	511	247	1	470.46295739829486	1.6845005256817942	0.29617408942396595	
1FF:0DF	511	223	1	200.17810460289317	0.6180038250240927	0.053724300536250665	
0EF:0F7	239	247	1	326.24172995190963	1.1681806638318333	0.20835348637796855	
0FE:0FD	254	253	1	359.9284566514565	1.3361886550900608	0.2698045163956556	
0FE:0FB	254	251	1	343.40429411405626	1.2614422922288042	0.24563819468758039	
0FF:0BB	255	187	1	4.355439321091828	0.01089449680054485	3.978268955763588E-5	
2FF:4FF	767	1279	1	1963.7464517771957	9.899340008297308	3.6996337283915524	
8F7:0FF	2295	255	1	1379.6351213094804	5.180756273028996	1.184393109243088	
077:0FF	119	255	1	884.3090748084696	3.318121293103813	0.6903405621964616	
4FF:0DF	1279	223	1	169.8727128557156	0.5245091772094996	0.05615388019893306	
8BF:0FF	2239	255	1	1878.1173822396634	7.058796944209826	1.6699229236863724	
07F:0DF	127	223	1	289.84566550752805	0.8947930749527699	0.07916855840726034	
0DF:0FD	223	253	1	416.75150128546505	1.54698273478623	0.310811618819335	
8FF:0EF	2303	239	1	860.1962678123206	2.940295454935327	0.473553214779493	
0BF:0DF	191	223	1	182.4200671822737	0.5631761654473869	0.04986411317518056	
0F7:3FF	247	1023	1	532.9410447932854	2.1282930952603496	0.5770179652871888	
0DF:0F7	223	247	1	354.2422315744681	1.2683857581035884	0.22470222323380373	
0FE:0DF	254	223	1	131.78518147892655	0.4068641181598147	0.03624800943607869	
0FF:0F9	255	249	1	325.25287641813225	1.1807710032774912	0.22112122844055696	
0FF:077	255	119	1	38.873003857156846	0.10358015786884597	0.0031680930396871844	
0FF:8FE	255	2302	1	459.28889742121083	1.8061331060223025	0.44180426201325224	
07F:0FB	127	251	1	758.9178527201722	2.7858480778540047	0.5401352495684183	
0FF:CFF	255	3327	1	1058.9472832478082	5.572381760009802	2.349148641422297	
8FF:0DF	2303	223	1	461.24636211293154	1.4241597690309593	0.13648159450295858	
0BF:0FE	191	254	1	509.98679081698504	1.9038140030525716	0.3884758581842453	
07F:0EF	127	239	1	538.3311728418613	1.839674359800595	0.27245958351795824	
0FB:8FF	251	2303	1	467.6814626294009	1.8408829537116724	0.45135802170417283	
0FF:6FF	255	1791	1	1367.5589894861732	8.295207305028683	3.9108116339412926	
4FF:0FE	1279	254	1	432.9079251102995	1.6172813276524522	0.36442089288926754	
0EF:0FE	239	254	1	391.98231354148766	1.4636165280843023	0.30059476336377666	
4FF:8FF	1279	2303	1	534.6227453329838	2.1047373531946083	0.556175830617053	
0FD:0FB	253	251	1	345.34349955244693	1.268562455745819	0.24740487818045154	
0BF:8FF	191	2303	1	639.9299499590267	2.519115285410803	0.6141413452427562	
0FF:2DF	255	735	1	320.4469286006656	1.1053204536179428	0.2150912118254722	
0EB:0FF	235	255	1	407.83046742294465	1.5316523875867536	0.32026729902559575	
07F:0F7	127	247	1	675.5414678711902	2.417731911226261	0.42838913197977146	
0FF:4BF	255	1215	1	693.4996505251752	3.15811890093079	1.0067757147433105	
0FF:0DE	255	222	1	125.96454252658793	0.386567164852473	0.033227819344960614	
0ED:0FF	237	255	1	404.8531930728712	1.5204769348523972	0.3179120160060963	
0EF:4FF	239	1279	1	961.9810986903314	4.846746542707129	1.8125054369040368	
0FE:0BF	254	191	1	28.328398069874652	0.0729751615276349	0.0016771163325347037	
0D9:0FF	217	255	1	447.1448533626016	1.6791726634787723	0.34872168205623694	
0FF:1DB	255	475	1	91.84465896009357	0.267245803747235	0.017677975885619108	
0E7:0FF	231	255	1	414.79491477972914	1.5577908878940072	0.3256870049625801	
17F:1FF	383	511	1	743.6569607152451	2.538850431219876	0.3746336918171567	
27F:0FF	639	255	1	2314.227047986843	8.697530291239461	1.961549429072704	
0EF:0EF	239	239	1	259.3709816470841	0.8865753827074199	0.13174017464824095	
07F:8FF	127	2303	1	1022.0415334343608	4.02333466629281	0.9855977865662636	
0BF:4FF	191	1279	1	1255.008421414471	6.3218208171506785	2.356507517422057	
07D:0FF	125	255	1	846.3209348313698	3.1757706444483116	0.661386077186853	
2FF:8FF	767	2303	1	1014.853544562466	3.995077110383007	0.9884701983986839	
8FF:07F	2303	127	1	1751.7880483259828	7.111672753765043	1.9680940443545194	
0FE:0FE	254	254	1	368.61319527737567	1.3764040163591247	0.2829516989642167	
4FF:0FB	1279	251	1	405.35445316356703	1.4896535859945719	0.3195298727606128	
0FB:0FB	251	251	1	347.6566267112529	1.2770340418575912	0.2488475625078115	
0FD:8FF	253	2303	1	464.20236749097205	1.8271897541791413	0.4479873590642082	
0FB:4FF	251	1279	1	914.8651454385986	4.60949406367471	1.7248201775663283	
05F:4FF	95	1279	1	2707.2715553070348	13.647565106430054	5.11623943796961	
0FB:2FF	251	767	1	496.1410463952385	1.9363509549910338	0.5076158918605961	
0DF:0EF	223	239	1	282.64487820768494	0.9661419623343669	0.14314977294824272	
0FF:07E	255	126	1	425.6699023955728	1.6547100792805236	0.3790096293501595	
8FD:0FF	2301	255	1	1344.8991989548142	5.050326696246343	1.1507469024162298	
0F9:0FF	249	255	1	384.55346928554036	1.4442879842435443	0.30212276472432054	
8FB:0FF	2299	255	1	1347.1338384682426	5.058758589499684	1.150304838949781	
0FF:47F	255	1151	1	837.2618999973665	4.110276203185962	1.4682072332764808	
1BF:0FF	447	255	1	800.1899764165277	3.0045014854550818	0.6172661141073249	
0FB:0FE	251	254	1	372.7654172404324	1.3919060418195135	0.2860458431126906	
2FB:1FF	763	511	1	563.7279045618493	1.9278894919198575	0.2995275502716275	
0DF:07F	223	127	1	581.066236780972	2.357745179558304	0.6051070091096649	
07F:0BF	127	191	1	27.477237351652555	0.07078039641116929	7.12922405121478E-4	
0BF:0EF	191	239	1	334.8680666976074	1.1445873004115517	0.1677878861353882	
0BD:1FF	189	511	1	341.3035410278322	1.167237626853134	0.1727769879645256	
0FF:4FD	255	1277	1	897.5404405991258	4.5142463996172015	1.6849622838308087	
2FF:3FF	767	1023	1	1132.4142642371748	4.50611303139987	1.213453014458999	
0FF:87F	255	2175	1	272.80068349813985	0.9505386513995915	0.1559432469840224	
0EF:1FB	239	507	1	234.53829946946024	0.7851629839587335	0.10786073274245933	
0AF:0FF	175	255	1	569.1000275670134	2.136656543301553	0.437373662134508	
07E:1FF	126	511	1	545.0824510363041	1.8638940948510372	0.27804504331320035	
0FD:0EF	253	239	1	242.59133145939975	0.829264912780236	0.12219893601507388	
1FF:3FF	511	1023	1	799.5595741180796	3.1897872203671955	0.8537468032283698	
0FD:0F7	253	247	1	303.01291824958173	1.0850328705133387	0.1905402544361592	
87F:1FF	2175	511	1	1223.988327677155	4.187047012027288	0.6898087944394884	
1FD:1FF	509	511	1	368.632190307167	1.2601350945096255	0.1800476774866057	
4DF:8FF	1247	2303	1	562.8808832573845	2.215981233339757	0.584404516356038	
2FF:0FB	767	251	1	749.3498000721199	2.751808360241477	0.5367257076065446	
0BF:0FB	191	251	1	474.5255620582048	1.7427170237504763	0.33645530170766386	
8FE:1FF	2302	511	1	871.960322521827	2.9828051682878227	0.48658428890228567	
2FF:0EF	767	239	1	535.2836552392241	1.829513338438683	0.2742615129471513	
0DF:1FB	223	507	1	237.60980393759002	0.7954230299418138	0.1012789030113363	
1FF:8FF	511	2303	1	710.2538937702742	2.7959300446869917	0.6768222183344337	
3FF:0FF	1023	255	1	799.755198996079	3.0034838516772444	0.6262425608148281	
06F:0EF	111	239	1	577.4347717677028	1.972903633531779	0.2748359872695206	
0F7:0BF	247	191	1	1.3406565853385781	0.0034534068620323986	3.6575984452658135E-6	
05F:0FF	95	255	1	1121.1880223403234	4.205073273660128	0.8694011177879173	
17F:0FE	383	254	1	1096.6048449442783	4.093599816617394	0.8217956156033138	
0FF:0FA	255	250	1	322.8180781060385	1.1788661297121898	0.2178133339183329	
2FF:5FF	767	1535	1	2971.771673264803	18.168610301354388	8.470840517203497	
1DF:0FF	479	255	1	667.6431398509166	2.507073416499064	0.5151796611253877	
07F:5FF	127	1535	1	3035.8888663896582	18.56083557115549	8.691450988269716	
0FE:1FB	254	507	1	215.94067296512742	0.7229055335275785	0.0973148611605864	
0FF:1DD	255	477	1	95.65169672193203	0.28173403041656864	0.01917252293163474	
2EF:1FF	751	511	1	562.8946996323239	1.9250237757844895	0.28327606711618103	
8DF:0FF	2271	255	1	1728.6183737407323	6.496532666930279	1.4352854619495405	
0DB:4FF	219	1279	1	1067.3296752455913	5.377127293420017	2.0068581781685353	
0BE:0FF	190	255	1	522.1729890639409	1.9606458432195013	0.4054322073777925	
1FF:4FB	511	1275	1	1376.2703231962912	6.895773932834248	2.5403735607863505	
0FD:2FF	253	767	1	490.8682788546527	1.915774368531562	0.500595031266604	
4F7:1FF	1271	511	1	274.7999775896914	0.9400087859750214	0.14512875156784671	
4FE:0FF	1278	255	1	441.75845280580177	1.6599997328737022	0.3788845320559271	
0F5:0FF	245	255	1	386.3307995007073	1.450957349517964	0.30030049959391925	
0FE:07F	254	127	1	476.5531798342948	1.9335466835639457	0.4733208971519988	
07F:0F6	127	246	1	639.4895705333342	2.275185579558348	0.3840061740712824	
4FF:1FB	1279	507	1	266.24024245545905	0.8914496869488223	0.1379501940911173	
0F7:1BF	247	447	1	2.4336901139116023	0.005706124848905003	1.2058545229228855E-5	
2DD:0FF	733	255	1	920.7734213251923	3.4569227115351238	0.6851278687868577	
9FF:0FF	2559	255	1	1528.2137354161237	5.743117970258004	1.2022579380770433	
09F:2FF	159	767	1	787.5413416820218	3.072847809992747	0.7583278750369622	
0BB:0FF	187	255	1	528.9097717205291	1.985920261575168	0.40959232422178027	
1F7:0FF	503	255	1	593.7524486742875	2.229728184603423	0.45599414014454515	
0FF:8FD	255	2301	1	455.2093902635255	1.7887062841911503	0.4339886477797608	
4FF:5FF	1279	1535	1	1495.6293946833655	9.099827027217035	4.30550007028807	
1FF:5FF	511	1535	1	2118.4351699455087	12.900816506753465	5.96704263350266	
2F7:1FF	759	511	1	328.71615739055125	1.1241005542297584	0.10015927018357113	
07B:0FF	123	255	1	853.5161269200648	3.202751300066202	0.6629697022006563	
CFF:1FF	3327	511	1	544.8113156033475	1.8637195424203281	0.31192539911401373	
4FF:0FD	1279	253	1	394.31621935125054	1.4644852802319612	0.3023317659765256	
2DF:1FF	735	511	1	604.5245767887839	2.0673621912072693	0.2988477081022213	
8DF:4FF	2271	1279	1	4173.179087724827	21.039710070157653	8.363322128516828	
1FF:1FD	511	509	1	334.42200790410124	1.1323075873548971	0.149467571054537	
0BF:9FF	191	2559	1	532.9291954057314	2.0148956585668034	0.4259301539317342	
0F3:1FF	243	511	1	252.0500460901658	0.8620461652979192	0.1271184542916285	
0FD:0DF	253	223	1	75.8668561892336	0.23421076271225041	0.011965817596065657	
0FA:1FF	250	511	1	243.99677886953256	0.8345048264638038	0.12239195416547083	
0FF:4F7	255	1271	1	894.3254874644474	4.492529225574734	1.6730149660377163	
2FE:1FF	766	511	1	489.02621616093205	1.672403464267167	0.2283450463001523	
0EF:1DF	239	479	1	97.6735762980202	0.29029408978772453	0.018721149950822708	
0FF:3FD	255	1021	1	508.17476257452716	2.0184746045765163	0.5406188650286571	
47F:0FF	1151	255	1	551.3922306719319	2.072260002730537	0.4592278924406435	
4FD:0FF	1277	255	1	431.91561796279666	1.6229937350969033	0.3616202560281846	
8FF:2FF	2303	767	1	1699.8813902396369	6.636965374273836	1.8536432681210346	
0FC:1FF	252	511	1	244.4362554245402	0.8360103423756479	0.12371672241387338	
0FF:1ED	255	493	1	88.60402261498886	0.2727639152723546	0.016446310217028415	
2FF:2FF	767	767	1	1019.7285228551978	3.963984187277332	0.9810941392628049	
1DF:1FF	479	511	1	281.50021863877595	0.962400374742011	0.09157559827617795	
CEF:0FF	3311	255	1	817.8134432023546	3.0735763225772614	0.6927513173166686	
07F:2FF	127	767	1	1082.4665093933577	4.222697830312643	1.1024202788268909	
87F:0FE	2175	254	1	1729.0520823261973	6.460219608694411	1.3763161596552875	
4FB:0FF	1275	255	1	439.19363680618267	1.650356016267217	0.37276121229297754	
07F:0FC	127	252	1	637.3166577551228	2.3510806459179325	0.3811616827625458	
079:0FF	121	255	1	837.0068416452613	3.1409727781258763	0.6282321854606487	
0DF:0FC	223	252	1	388.1866395860638	1.432574637254475	0.2697125919128532	
8FF:1FD	2303	509	1	725.3588190926769	2.4573001561194383	0.33744299214426177	
05F:0FE	95	254	1	1056.1521524075747	3.9389456328708037	0.771981485650192	
0BF:0EE	191	238	1	165.61577708219392	0.5626196558240929	0.041072001828427795	
1F7:1FF	503	511	1	260.6248236989351	0.8910723490387801	0.08786926879674273	
06F:8FF	111	2303	1	1022.2841188093224	4.023818349294336	0.8656399189244453	
0DF:3FF	223	1023	1	601.0985945578797	2.400370570480104	0.6479922334771016	
0FF:4FB	255	1275	1	888.4851109754276	4.449629278338302	1.6511968203801968	
07F:1FE	127	510	1	253.2308136369909	0.8612559842798625	0.06041894659302171	
8FF:8F7	2303	2295	1	1284.908057067905	4.982725477344583	1.0247093740678503	
0FF:9DF	255	2527	1	311.6777419242957	1.16673813888488	0.2034851873374673	
27F:1FF	639	511	1	369.16976146113376	1.262325121040335	0.049878692592716024	
4FB:1FF	1275	511	1	278.537924710528	0.9528052115302637	0.15004332037885587	
0FF:7FF	255	2047	1	1782.1555567237551	12.504843676717092	6.638976734525805	
07F:1FB	127	507	1	68.62890907881412	0.22968448665196964	0.004440060827730082	
07F:1F7	127	503	1	328.002494606186	1.0729921477288944	0.10138875087861728	
1FB:1FF	507	511	1	319.2966041885992	1.0915855399454972	0.13403337084659936	
2FF:CFF	767	3327	1	2307.487216188973	12.142385870774648	5.109298974583913	
CFF:0FE	3327	254	1	574.1174812172237	2.144650200650478	0.3461889083675347	
0FF:1EB	255	491	1	23.363478442839185	0.071081751727067	0.0011435268113182185	
0FF:1FC	255	508	1	151.9437270883909	0.5118593448915847	0.04833640359541354	
1FE:0FD	510	253	1	470.011476493817	1.744788440845646	0.29440461786544564	
47F:4FF	1151	1279	1	1298.9385444252034	6.516965988520067	2.516159152307216	
2FB:8FF	763	2303	1	697.4705397599605	2.744801239158515	0.45886284267760596	
2DF:4FF	735	1279	1	2299.3379304912464	11.59105416996857	4.328175000217227	
2FF:9FF	767	2559	1	714.2626386749308	2.7001737019070635	0.48950560555432326	
0F6:1FF	246	511	1	206.566536407291	0.7064575061944524	0.08639732571382257	
8FF:1FB	2303	507	1	144.45709255587275	0.4834792062030753	0.013374703074747677	
6FF:1FF	1791	511	1	198.74832335375822	0.6797199297024782	0.0642370726801805	
0CF:8FF	207	2303	1	310.10739542317674	1.2202146531010143	0.16036184986672047	
0FF:8F3	255	2291	1	387.9804644510058	1.5094770842729321	0.31522572304072677	
0DB:0FE	219	254	1	327.24424969494834	1.221930530729144	0.18848697243716295	
0F7:2FF	247	767	1	472.4668745469812	1.8439035451547172	0.4533831229571058	
077:0FB	119	251	1	395.75396511415533	1.4535045971284788	0.13876085966099289	
47F:1FF	1151	511	1	206.54431439905377	0.7063742565521863	0.06441318147378403	
0BF:1DF	191	479	1	41.33937016147925	0.12285025084224552	0.0025629286039958927	
5FF:1FF	1535	511	1	189.7446795081716	0.648916052001921	0.06862362415884803	
0FF:8E7	255	2279	1	107.65704105237266	0.3921582296579231	0.02426175494883416	
13F:0FF	319	255	1	1395.372895964201	5.242319258298902	0.6770746407088162	
07E:0FB	126	251	1	251.0475173809092	0.9220864789521354	0.058933791949316916	
06F:0FF	111	255	1	332.0347381017459	1.2469153449929193	0.09099281584524573	
0DE:2FF	222	767	1	470.6805421584952	1.8367727576313375	0.3956918089251161	
9BF:0FF	2495	255	1	373.3363281606755	1.4021742643791577	0.06778211642144462	
0BF:0F7	191	247	1	238.9031863686383	0.8554182165474432	0.0853978686374617	
0FF:2FD	255	765	1	394.9864645358409	1.5312653775178724	0.3265056427707154	
0EF:1F7	239	503	1	28.20866426217998	0.0922660228007595	0.0015604528307614268	
2FF:07F	767	127	1	671.2272028420753	2.7228552206742145	0.4312196256349703	
0FB:6FF	251	1791	1	1386.6527223039973	8.410930683407278	3.9615665336168364	
1FB:07F	507	127	1	487.1271977594372	1.9761917084101772	0.31247534186560255	
03F:4FF	63	1279	1	4476.608846752525	22.56710685934591	8.494991355790052	
0EF:3FF	239	1023	1	495.63514385947764	1.9791817567203767	0.48151764939450786	
8BF:2FF	2239	767	1	2068.4106612408477	8.07494450603126	2.0252390127180533	
0FD:1F7	253	503	1	66.36885692880232	0.21709796089335764	0.009155980260567922	
09B:0FF	155	255	1	498.26958643037926	1.8709684404478444	0.29578187472829687	
1BF:0FE	447	254	1	539.9354368029267	2.015999036944627	0.28130602252129616	
1DE:0FF	478	255	1	346.50705126510616	1.3014235720759473	0.1383419962737606	
0FF:2DD	255	733	1	164.8537338904438	0.5650926967299149	0.0569092396316708	
0DF:4FD	223	1277	1	1044.9716559993979	5.255255620229988	1.9565503304251	
0EF:0FC	239	252	1	197.4149469210586	0.7286167888261508	0.07630729706087125	
16F:0FF	367	255	1	278.09098301456214	1.0443959627777017	0.04745243656478874	
87F:0FF	2175	255	1	551.4920453435561	2.0714391515098405	0.13985956033296068	
0EB:07F	235	127	1	413.86873932498156	1.6791906595399613	0.33022526975655814	
0BE:0F7	190	247	1	117.21676964411597	0.4196881949728672	0.020479868736432334	
07F:8DF	127	2271	1	118.08745884607451	0.43171009739247446	0.01314234724527776	
07A:0FF	122	255	1	361.31165259478604	1.3568506799901436	0.11845349207638953	
2BF:0FF	703	255	1	876.9919055386226	3.29300354725151	0.5304668006576992	
4FF:1DF	1279	479	1	12.03159006196046	0.03575358642714842	2.8165561516304145E-4	
09F:0EF	159	239	1	55.208201260052334	0.18868625061214395	0.003730085660232736	
17F:1EF	383	495	1	17.215249399841873	0.05346348997164731	2.0327622739517E-4	
07F:8FB	127	2299	1	518.1178358628981	2.0314210489905675	0.2530579444080428	
06F:0F7	111	247	1	160.59199825840497	0.5749660511399037	0.021321087357937838	
0D7:8FF	215	2303	1	259.2840285184897	1.0201653156428259	0.11651174597887133	
CFF:2FF	3327	767	1	972.8882197730618	3.798257571767726	0.9946157552869475	
07F:1DF	127	479	1	13.294686883627058	0.0395066253065779	1.6676916629849563E-4	
0FF:3F7	255	1015	1	439.59531705926844	1.725170711019152	0.4045372485179293	
03F:0FB	63	251	1	233.6192230587554	0.8580224413165025	0.02307090303513183	
076:0FF	118	255	1	413.6775611252931	1.5534485840133243	0.15057602662271707	
03F:0EF	63	239	1	96.93286447824916	0.33128117165907617	0.003978974741911937	
2EF:5FF	751	1535	1	3185.464471498525	19.47506620425131	9.079264111059398	
07B:1FF	123	511	1	95.3206314006413	0.3259168998765453	0.008319421728020592	
87E:1FF	2174	511	1	83.16408324450197	0.28434065936542796	0.003179829178453594	
03F:0F7	63	247	1	196.76888040869557	0.704462707971857	0.016377340460074476	
0DD:2FF	221	767	1	532.6511900373345	2.078675933655644	0.5044191944861443	
07F:CFF	127	3327	1	2353.9828321342284	12.387134399190147	5.227681364290032	
0FA:1FB	250	507	1	67.8224154694752	0.22700100482488228	0.009457374745034839	
1DF:0F7	479	247	1	347.1104347090982	1.2428843557764078	0.13946134420289655	
4BB:0FF	1211	255	1	344.3402659884065	1.2937317547347427	0.20525438327531395	
6FF:8FF	1791	2303	1	313.39213505141873	1.2331298950127454	0.15961342702415324	
0AF:0FB	175	251	1	172.85309501876142	0.634908208340276	0.04044376597881199	
0DF:87F	223	2175	1	40.35880554451777	0.14055507516244567	0.002921679325215167	
0FB:5FF	251	1535	1	1385.1528860504015	8.461565731847857	3.95164174146463	
0EC:0FF	236	255	1	179.9339593501818	0.6758211789411032	0.06262946697927604	
0FF:2EF	255	751	1	267.71223483055076	0.9860818977735893	0.15002533178971866	
07A:1FF	122	511	1	98.15241492885423	0.335599736782793	0.008766215538223201	
0DF:8F7	223	2295	1	300.91634427362385	1.1745061906052614	0.16243824741930377	
03F:0FD	63	253	1	341.75414351474984	1.2685025708521407	0.0493190989622151	
03F:0FE	63	254	1	400.02799614813875	1.4934373315777785	0.06753094195688629	
0FD:8F7	253	2295	1	290.8432787023286	1.1352225360540602	0.17577390925404424	
8FF:0FD	2303	253	1	236.50639645246164	0.8779359763229969	0.03580506299411861	
0DE:1FF	222	511	1	54.74950997593614	0.1872003117721221	0.005356445031708615	
07F:0DB	127	219	1	13.314258312981709	0.04011210275424911	1.6724114349397245E-4	
0CF:0FF	207	255	1	245.4595414877904	0.9219128867415313	0.10029232495079266	
07F:0DE	127	222	1	12.031745747919407	0.036917059697300775	1.3655844232680995E-4	
0DF:CFF	223	3327	1	1233.058141042832	6.48855380493661	2.729210713845262	
2BF:1FF	703	511	1	110.11924338780864	0.3765133095956727	0.008392808599782925	
09E:0FF	158	255	1	285.28723791643347	1.0714273776733794	0.0989112394441553	
0DD:8FF	221	2303	1	385.72443013902733	1.5180094622506848	0.26473084132136954	
1EE:0FF	494	255	1	334.01464954334125	1.2545160596280593	0.1388370292214893	
23F:0FF	575	255	1	619.5178026532126	2.326803529800254	0.11846445226014014	
0EE:0FF	238	255	1	183.99790471140523	0.6910878320658881	0.06604951550678224	
0BF:0BF	191	191	1	2.4855434680253667	0.006402535353503104	9.272270097304469E-6	
27F:4FF	639	1279	1	5206.340978185134	26.2459901540844	9.923333103136326	
87F:8FF	2175	2303	1	532.0253195162576	2.090580753911675	0.127840698802027	
8BF:07F	2239	127	1	710.7398678606153	2.8831027474948994	0.2387441265498859	
0ED:07F	237	127	1	239.97952142609265	0.9735117653988754	0.11182246249823106	
27F:2FF	639	767	1	1957.042784908669	7.538311115835545	1.3021402925225836	
1EF:0FF	495	255	1	324.0145557340296	1.216957563213145	0.13116778413078156	
09F:0FE	159	254	1	302.53849439520644	1.1296151271633834	0.11178086176799003	
0F7:0FB	247	251	1	188.56046584431684	0.6926637240874601	0.07214864206377895	
3FF:4FF	1023	1279	1	1914.4891460719866	9.650992315160629	3.599009688141241	
09F:0DF	159	223	1	13.137429245934428	0.040552229711939176	2.1139296984327844E-4	
0CD:0FF	205	255	1	208.29436593269241	0.7823214486003243	0.0715873539564977	
4DF:2FF	1247	767	1	548.047570333101	2.1396107643915485	0.5540153644622409	
0FE:0DB	254	219	1	6.851469088471978	0.020641580052417816	9.802098913972148E-5	
07E:0FE	126	254	1	504.98945470098437	1.8851532535478976	0.23800535612853171	
1FD:0DF	509	223	1	17.53915540141484	0.054139736694961374	4.092464671273887E-4	
4EF:0FF	1263	255	1	206.95210653568716	0.7774074296043745	0.08111822961910535	
0EF:8FD	239	2301	1	303.4523523345463	1.1920280428958625	0.18050898416852745	
0AF:1FF	175	511	1	69.40941102203035	0.23732438257485894	0.0065298146850625806	
07F:4F7	127	1271	1	1986.536745724637	9.983901525761496	3.722199233867444	
0F7:1FD	247	509	1	84.06355744223825	0.28469428202949365	0.014357684176088693	
0FB:8FE	251	2302	1	291.97025970927723	1.147813576547891	0.1758135757212717	
27F:0FE	639	254	1	386.30373156877744	1.442396839951725	0.05458241271453668	
8FF:CFF	2303	3327	1	3596.634561770908	18.412464314179818	7.7804259576133195	
8ED:0FF	2285	255	1	537.4906969440697	2.0188689089342913	0.14157378192249753	
0DB:2FF	219	767	1	506.8093044292461	1.977790147136899	0.452780459235222	
1FB:0F7	507	247	1	141.02129074056646	0.504925278918588	0.026204208051823896	
0FF:5EF	255	1519	1	1309.3992837903218	7.835765717978495	3.5850011727449997	
0EF:0F9	239	249	1	175.28156104877476	0.636324581858165	0.06016913493961715	
1B7:0FF	439	255	1	398.3597935356387	1.4961222581745284	0.1434067379808174	
07F:4FB	127	1275	1	1973.400481754976	9.887834677667312	3.673155737012274	
27E:0FF	638	255	1	571.443705910734	2.1462825292868617	0.11919004919457302	
0EE:1FF	238	511	1	93.36970679246747	0.3192738565086478	0.0170314179736966	
0FE:0FC	254	252	1	161.51847225704353	0.5961269842687564	0.054371727244046514	
07F:2FE	127	766	1	885.8330847747085	3.444482903255208	0.7384630091908554	
07F:4FD	127	1277	1	1994.1173736257063	10.034621978363914	3.750667453665663	
0DF:07E	223	126	1	146.1867232380705	0.568109983144102	0.03830081358581847	
0BF:1EF	191	495	1	25.534458575350847	0.07930162778408492	9.775518501830367E-4	
0FF:2BF	255	703	1	34.96095757882792	0.10831195494031333	0.0025604796573206663	
8DF:1FF	2271	511	1	118.42927613620395	0.40492098986744435	0.006731019787091754	
0FF:BFF	255	3071	1	783.894263246163	3.6270556980354427	1.2874436093245556	
0EE:0DF	238	223	1	9.763803113647594	0.030138717227848413	1.8635916946689482E-4	
07F:9FF	127	2559	1	315.34742785154424	1.1916675285284313	0.09373431874497204	
0BF:0F5	191	245	1	115.42804769488266	0.4083606903415736	0.01994869580669391	
0E7:1FF	231	511	1	98.70942149595678	0.33753388619450897	0.018485764444634567	
4BF:8FF	1215	2303	1	186.91255454379245	0.7353254147331646	0.06080752383124755	
07F:8EF	127	2287	1	69.43497027805276	0.25409671045578336	0.004543378007623814	
07D:1FF	125	511	1	75.84566915882012	0.25932539926530146	0.005344300383779216	
2F7:0FF	759	255	1	350.2443583413512	1.3154169148638692	0.11352105673046844	
06F:0DF	111	223	1	15.569579763399567	0.04805958259677836	2.007836482584388E-4	
0F9:0FB	249	251	1	146.1371945029103	0.5368094929562252	0.04367409428293327	
8FE:8FF	2302	2303	1	675.717487867184	2.6536692297857316	0.286909157301608	
0CF:1FF	207	511	1	69.35527529516736	0.23714405142620457	0.008020805311460818	
8EF:0FE	2287	254	1	406.66571662236703	1.5185135207248366	0.0811715906171239	
4FF:4FF	1279	1279	1	1001.1985506885386	5.0313552192894875	1.9337293304136194	
0FF:9FE	255	2558	1	245.94929339055003	0.9291510973575627	0.12666678005518658	
0B3:1FF	179	511	1	45.947094405881465	0.1570981278428942	0.0029550583854537553	
06F:0FE	111	254	1	177.48271272180946	0.6626576453640696	0.026027638626014066	
0FE:0F3	254	243	1	56.35839444973618	0.19722435812178274	0.006624869019149155	
4FF:8FB	1279	2299	1	280.7939719327348	1.1009917102719058	0.15327702819031683	
0B7:1FF	183	511	1	38.0523102436546	0.13010389432910704	0.0020837594723083605	
1FF:4FF	511	1279	1	1383.5916967846133	6.974555057461177	2.567367381907111	
2FD:8FF	765	2303	1	349.93318461704774	1.3766685820609592	0.1164039493627821	
47F:4F7	1151	1271	1	1268.5580114094646	6.3466008162770144	2.4006187006771507	
0BF:1F7	191	503	1	8.690461875102015	0.02842395566387243	1.1319602874715501E-4	
0F9:1FF	249	511	1	21.206074282098122	0.07250454614538891	9.206163033543585E-4	
8DD:4FF	2269	1279	1	3855.2253121846315	19.433704311328675	7.1292968457164125	
CFF:07F	3327	127	1	220.8521395883433	0.8957893987262096	0.05115800629282402	
8DF:4FD	2271	1277	1	3282.032922873252	16.510526964241393	5.168533294525554	
8FF:4FF	2303	1279	1	2697.5364754229627	13.596309825499002	4.663277996507658	
057:0FF	87	255	1	66.58757075631367	0.25005300091184607	0.002852517818491596	
0D7:0EF	215	239	1	17.303943298074504	0.05913823045756258	5.189669765364243E-4	
1FD:4FB	509	1275	1	1247.5156114746642	6.249487873958912	2.069423721819833	
89F:4FF	2207	1279	1	3063.5450208029088	15.436469929598726	4.374750093960175	
1FF:0F3	511	243	1	15.782138481354158	0.05522449778559931	3.338186914744738E-4	
CF7:0FF	3319	255	1	41.868739902062615	0.15722873249174554	0.0018265238062205652	
1FF:7FF	511	2047	1	2768.425614677866	19.3576614954312	10.191438430051573	
2FF:CFB	767	3323	1	1963.5123126090373	10.301741750771958	3.6972235840152696	
8DB:4FF	2267	1279	1	1979.994386475113	9.971944526673333	1.8759444016162368	
0DF:2F7	223	759	1	117.19984014521715	0.44714395445905425	0.02462162799047464	
6FF:5FF	1791	1535	1	1755.69104705121	10.682377361736105	4.959621757243506	
47F:5FF	1151	1535	1	1886.7710382084222	11.45465933717185	5.292885210224158	
0DF:3BF	223	959	1	14.004076141263623	0.0466170643278906	3.518447195947023E-4	
ADF:4FF	2783	1279	1	1470.3542876909362	7.403496458594074	1.0497775892080172	
4FB:1FD	1275	509	1	9.003555843899443	0.030487760394775368	1.5662219088072117E-4	
0FF:2FA	255	762	1	91.30657916380048	0.35051669041579886	0.017439889289680034	
2FB:5FF	763	1535	1	2838.855413137363	17.353002331130053	7.599415267847273	
03F:4EF	63	1263	1	901.468604169771	4.426809784014555	0.3435270154874431	
4FF:07E	1279	126	1	5.056580462923837	0.019646454324248077	4.9656998366392995E-5	
8D7:0FF	2263	255	1	19.737105842662732	0.07411578113261698	1.8625189015213884E-4	
0FF:5CF	255	1487	1	1141.2105101712289	6.680358782168301	2.7233130845797056	
0BF:1DE	191	478	1	1.588835488656553	0.00469570150242094	3.7859945124498637E-6	
07F:2FD	127	765	1	84.55288643086082	0.3276142047977085	0.006732935721749981	
0DF:8EF	223	2287	1	13.384721502464298	0.048979256396438464	3.212025602868428E-4	
0FB:8FD	251	2301	1	22.795066523285307	0.08949857774732758	0.0010707222472716366	
CFD:0FF	3325	255	1	16.113644022228563	0.060509589385221205	2.719160046295362E-4	
07F:7FF	127	2047	1	3740.399235724547	26.263526333035486	13.186922742760613	
2FB:1FD	763	509	1	4.2818138696717725	0.014498846599926297	1.7289832093537326E-5	
8FF:2BF	2303	703	1	5.36151037299105	0.01660927056492388	1.8429755698363155E-5	
05F:6FF	95	1791	1	2340.168625370685	14.187298643419384	3.813003719139699	
2FF:5F7	767	1527	1	1360.8327214756346	8.284768090728273	1.7708449629788503	
0BF:4F7	191	1271	1	175.53305273644804	0.8807644049714539	0.046032343369346154	
0FF:2BA	255	698	1	2.402861068818732	0.007268261540755238	1.209590707221197E-5	
01F:0FF	31	255	1	9.461493697785604	0.03552904199369663	1.4832808211832313E-5	
5FF:5FF	1535	1535	1	604.5592885990836	3.6863439403996447	0.6908592165294887	
2EF:4FF	751	1279	1	64.1948475538688	0.32302103738028537	0.0036746632143254774	
03F:4DF	63	1247	1	53.00999245931726	0.25978770871642526	0.001187057444756366	
0F9:0FD	249	253	1	1.8899460786762932	0.00701482645378918	7.307974157067225E-6	
09F:3FF	159	1023	1	9.743640129065778	0.038880241624776817	1.1608281477208452E-4	
077:0FE	119	254	1	6.3109309783916645	0.02356082573544603	3.536706082449653E-5	
2CF:4FF	719	1279	1	25.89321523582976	0.1302867784166114	5.090976261278728E-4	
17B:1FF	379	511	1	2.1062296386288812	0.007201001916819696	2.9527639973286438E-6	
0FF:5EE	255	1518	1	143.43197004426483	0.8556675232873352	0.04286500917906283	
3FF:1FF	1023	511	1	3.316216507474639	0.011337854548909239	1.0792700146679922E-5	
8F6:0FF	2294	255	1	5.584047973086165	0.02096880944456618	1.939838324573264E-5	
6EF:5FF	1775	1535	1	127.62515776821868	0.7781910018056779	0.025590973502847905	
27F:0F6	639	246	1	3.863415216920927	0.013748333127520112	5.4596955932797665E-6	
0FE:8F7	254	2295	1	5.558295444023795	0.021683156298112446	6.439886386641669E-5	
37F:2FF	895	767	1	5.6350348146247695	0.021977422534301325	1.505027975400594E-5	
1BB:0FF	443	255	1	1.7173281275706123	0.006448773456691493	2.796178905265384E-6	
05B:4FF	91	1279	1	14.244164460384475	0.07167157613116318	1.3569818919669492E-4	
877:0FF	2167	255	1	4.159326669178509	0.015618775769729048	7.926650831320686E-6	
0DD:4FF	221	1279	1	17.09491439110821	0.0860173058477092	5.181421058288773E-4	
4FF:5FD	1279	1533	1	29.999448261637184	0.1826270896129405	0.0017399211016625317	
07F:4F5	127	1269	1	9.30982343188995	0.04662123407009216	8.14485513076986E-5	
5BF:0FE	1471	254	1	3.519302287053345	0.013138737542033187	1.9356126603859434E-5	
CFF:8FE	3327	2302	1	4.277632487429126	0.016807135302731195	1.918715959755309E-5	
0DB:0F7	219	247	1	2.8441983765885785	0.010182211967067738	1.4262229447499977E-5	
1BF:4FF	447	1279	1	6.560585215342772	0.03301042917588252	4.149905522030503E-5	
8BD:0FF	2237	255	1	3.1270718456033233	0.011742528769126261	4.617311316415565E-6	
27F:47F	639	1151	1	5.856593023445318	0.028700999788333632	1.2512649469965606E-5	
0CF:07F	207	127	1	3.445925926468108	0.013973732939991558	1.9775896850929703E-5	
8BF:03F	2239	63	1	2.94190515672107	0.0115160557151117	4.088851275871784E-6	
83F:4FF	2111	1279	1	3.500627965352143	0.017613776578161034	5.452392942628149E-6	
CDD:4FF	3293	1279	1	3.0490791568635025	0.015341784724606292	9.429088424664979E-6	
05F:4FB	95	1275	1	3.699298608059764	0.01850125866130837	9.517428205474416E-6	
03F:2FF	63	767	1	2.543805039923175	0.009921179814269621	2.7388967820742947E-6	
0FF:77F	255	1919	1	4.968905136305224	0.03356434651947277	5.134081209198354E-5	
0BB:1FF	187	511	1	2.1767864016637852	0.007442242262663098	6.961058638584573E-6	
2EF:57F	751	1407	1	2.4001912777236307	0.014168231831884804	5.127462289195538E-6	
07B:6FF	123	1791	1	3.0882757066809488	0.018692393287189402	8.688815369043114E-6	
2FF:5BF	767	1471	1	1.9052029070053036	0.010281010006271364	3.466766129766657E-6	
8FD:07F	2301	127	1	2.301042591202386	0.009331024146695632	3.373236005863472E-6	
97F:0FE	2431	254	1	2.1907629338310404	0.008178817265614076	2.2092087605636466E-6	
1FF:7FD	511	2045	1	3.1820831831133125	0.02223054963238867	1.3476793218417819E-5	
8FF:0ED	2303	237	1	2.056907333890206	0.006937419917481173	2.711014200384607E-6	
2FD:4FF	765	1279	1	2.2923556757454873	0.0115342349661253	4.98103394908204E-6	

