BMLVN	8	x2
metabolism	0.9990000
mutations	0.0100000
catastrofic	0.0001000
minWeight	0.05
start biomas	2.0	_
env.size	25000.0
feedSourceH	77
feed port max	5000.0
timeQuant	0.01

key	suscepBits	activeBits	maxsize	popBiomas	currincome	currloss
77:00	119	0	1	8431.06586437792	43.23817443847656	15.731437969614158	
FF:FF	255	255	1	12.827747084952065	0.007337784283177903	1.8890463100350873E-5	
FF:F7	255	247	1	9.102478805603193	0.005350366100216152	9.516782524238802E-6	
FF:7F	255	127	1	655.3186439588284	0.7060063229839477	0.0471028029967784	
BF:FF	191	255	1	5.714088260561016	0.0032686065759758944	1.188234434638971E-6	
FF:FE	255	254	1	5.986349045955707	0.003382632816693416	4.118007415244231E-6	
FE:FF	254	255	1	3.3823266099248346	0.0019347795288968547	1.301096479806315E-6	
FF:5F	255	95	1	32.83283969419824	0.02539985279421946	1.237148796635845E-4	
FD:7F	253	127	1	378.4350785583756	0.40856632765232653	0.015686525863493554	
FF:7D	255	125	1	245.29424817850634	0.2602605732514969	0.006797649308793126	
DF:7F	223	127	1	457.5524256724411	0.4939999368687068	0.014759732584936076	
BF:7F	191	127	1	448.4701445529538	0.48442850981474495	0.007089876454390512	
FF:6F	255	111	1	38.366015160718874	0.03555951113222398	1.6876998616330614E-4	
EF:7F	239	127	1	334.7959421238865	0.36157790097320247	0.01026517867023894	
F7:7F	247	127	1	301.4916444232552	0.32563136092365375	0.00963101079597361	
7F:7F	127	127	1	176.54251175348617	0.1907071929545262	0.0070375512313139415	
F7:7B	247	123	1	71.63767502602622	0.07465739798388964	5.523851643514362E-4	
FF:7B	255	123	1	202.18384627544518	0.21065314883127848	0.004633234030015609	
FB:7F	251	127	1	229.50765245608315	0.24794082949959986	0.005696977932258815	
FE:7F	254	127	1	309.3700813097712	0.3341114180025348	0.010646884875649649	
FF:77	255	119	1	600.6519348362307	0.6895574914072778	0.03983193848066287	
DF:5F	223	95	1	6.58238494957451	0.0050922303951457856	3.155515240551738E-6	
FF:73	255	115	1	128.23930463728968	0.14258582347413817	0.0018740980782963666	
FF:7E	255	126	1	295.1605756558624	0.3159415719605983	0.009806634917769662	
F9:7F	249	127	1	103.81999622546859	0.11219007730559606	0.0011503773512470269	
7F:7B	127	123	1	44.72654835604917	0.04661222169217315	4.5597511934036833E-4	
7D:7F	125	127	1	85.56547341907479	0.0924615737181307	0.0016415211150195672	
EF:7B	239	123	1	49.02310439416591	0.05109041887314434	2.2458995761145509E-4	
BE:7F	190	127	1	129.7914182194844	0.14025921381886283	5.915068572292522E-4	
BF:7D	191	125	1	95.01486235315441	0.10085228172525894	3.2670286291080553E-4	
7F:7D	127	125	1	39.76335104810044	0.04220643084095321	3.604840455604093E-4	
F7:7D	247	125	1	104.7973517587239	0.11123084712217926	0.0011793932558071478	
FB:77	251	119	1	273.7735906722699	0.31487597565994335	0.008090715635473507	
EF:77	239	119	1	219.64414740099946	0.25267089950525007	0.004459138981020095	
EF:5F	239	95	1	17.037479945617	0.013180444583910685	2.720821052009003E-5	
DF:7B	223	123	1	62.020071107364345	0.06463524171761019	2.790077759799095E-4	
DB:7F	219	127	1	157.20595920620744	0.16987405031650418	0.001671393274327636	
FF:79	255	121	1	32.46922204854481	0.033214319083952185	1.2087598707540126E-4	
BD:7F	189	127	1	195.8235015545726	0.2116070882333865	0.001307209503445739	
DF:6F	223	111	1	16.727436120909744	0.015503914302777031	2.0365503168325313E-5	
5F:7F	95	127	1	86.9549650343901	0.0939647724197585	0.0012677618449866718	
FD:7D	253	125	1	40.07634647671709	0.042538951078780654	1.80135129433389E-4	
F7:77	247	119	1	188.62288173079347	0.21698766245506357	0.003794852025224281	
DF:77	223	119	1	283.60398792413497	0.32622563915100583	0.0057530885289985385	
FD:7B	253	123	1	53.39341104021934	0.055644754382040675	3.1951101000324484E-4	
DF:7E	223	126	1	57.09507485643851	0.0611514617728625	2.3648164696038511E-4	
FF:76	255	118	1	179.1907318409249	0.204411598668892	0.003646105318667551	
ED:7F	237	127	1	135.84049303189502	0.1467873025330733	0.0016714945181920138	
9F:7F	159	127	1	159.13769543383188	0.17197836616109757	2.7934703958478153E-5	
FF:67	255	103	1	43.91434686793164	0.04374486185496837	2.2105087145408119E-4	
FA:7F	250	127	1	61.18659469543661	0.06612239328961952	4.0518286174980636E-4	
DD:7F	221	127	1	130.5173450206306	0.14103898166565376	0.0011927802378605896	
FE:77	254	119	1	214.31990809926572	0.24653616451760366	0.005148157189913916	
F5:7F	245	127	1	92.64786277107925	0.1001188969825028	9.019235927095735E-4	
FB:7E	251	126	1	125.98423531926815	0.13492325104752143	0.0017292500426172972	
FB:7D	251	125	1	34.78383999408925	0.03692133367791837	1.326530631941172E-4	
EE:7F	238	127	1	107.0356065960007	0.11566548106404172	0.00105288580657021	
DF:7D	223	125	1	94.01710176332533	0.09979155063350419	6.396596844358136E-4	
F3:7F	243	127	1	111.49577815910983	0.1204841295713141	0.0012731263553459062	
FD:77	253	119	1	237.83680204667212	0.2735713901871343	0.006263479048249743	
BB:7F	187	127	1	105.78050211972914	0.1143134316338843	3.637546826670349E-4	
FE:6F	254	111	1	17.18548278700717	0.01592845356858507	3.3546724422175594E-5	
D7:7F	215	127	1	110.95534221677264	0.1199030311851003	8.137647709118178E-4	
EF:7D	239	125	1	83.71394198132992	0.08885560908783252	6.533011509958778E-4	
7E:7F	126	127	1	12.719575090423792	0.013745910212428058	3.6703076758721453E-5	
CF:7F	207	127	1	155.23946981553266	0.16775277243929476	0.0012944510282329217	
6F:7F	111	127	1	111.01268446394394	0.11995370068965369	0.002441843270694966	
FF:6B	255	107	1	8.577577521344454	0.007620287512738664	8.451912815167299E-6	
BF:5F	191	95	1	15.298855706926554	0.011835423554731217	8.527353901011174E-6	
FC:7F	252	127	1	83.23281325832791	0.08994517537705805	7.663143144388483E-4	
F7:7E	247	126	1	57.062195007451656	0.06111597474063144	3.507473837961594E-4	
FF:75	255	117	1	178.64084152246664	0.20206297278794286	0.0036243182113156534	
FF:7A	255	122	1	44.387275756241664	0.045831737187311185	2.2571098752184948E-4	
FE:7D	254	125	1	77.93207322012859	0.08271851214182248	6.867306531298599E-4	
FD:6F	253	111	1	33.65084121545774	0.031189323487224235	1.271378070211284E-4	
AF:7F	175	127	1	107.3309968844632	0.11598972148827212	2.5160774980818645E-4	
E7:7F	231	127	1	122.78830902469645	0.13268666924117298	0.001304374524167767	
EB:7F	235	127	1	146.3657923519565	0.15815869882815184	0.0018871986239611693	
EF:7E	239	126	1	55.695012251597625	0.05965179630550968	2.8970263893117476E-4	
7F:7E	127	126	1	18.30584515252588	0.019606608864312945	7.651133690865321E-5	
FE:7B	254	123	1	43.76051742966549	0.04560594132870261	2.1705459462961486E-4	
B7:7F	183	127	1	150.1004729557652	0.16220562830924476	6.960985644838956E-4	
3F:7F	63	127	1	73.58282896771318	0.07951761239996598	5.801276351615407E-4	
F6:7F	246	127	1	128.13137445361258	0.13845704744904924	0.0017403734380554423	
FF:6D	255	109	1	2.2220728296556835	0.00201685375062059	5.673946250943433E-7	
FB:6F	251	111	1	10.753673233976812	0.00996710358147566	1.2703938632559132E-5	
BF:6F	191	111	1	33.57905690736627	0.03112290475982381	4.1019236022157935E-5	
BF:7B	191	123	1	96.53488186522634	0.10060498233815764	3.3732769739193316E-4	
FF:7C	255	124	1	60.26578172654601	0.06338785968779026	4.155970797525192E-4	
FD:7E	253	126	1	47.60613628113706	0.05098837948683617	2.5406482951983425E-4	
77:7F	119	127	1	75.68163177239296	0.08178317396091986	0.0012667016966560025	
7F:77	127	119	1	93.34106416819509	0.10739103426721575	0.001979355793698153	
EF:6F	239	111	1	34.90649616838299	0.032353063760184965	1.1394997684890395E-4	
FE:7E	254	126	1	67.55368093030233	0.07235202775805843	5.163004696907421E-4	
DE:7F	222	127	1	80.54738408463741	0.08704454401272127	4.628312706835393E-4	
BF:7E	191	126	1	63.71249794433105	0.06823928620014494	1.4719671330975148E-4	
FB:7B	251	123	1	42.63602547964258	0.04443403030005359	1.9917628503474447E-4	
F7:6F	247	111	1	13.602582610467879	0.012607629941971954	1.9997074281939393E-5	
7B:7F	123	127	1	18.078466969839244	0.019537184861219026	7.251625465978894E-5	
BF:77	191	119	1	189.79864054276067	0.2183747691278385	0.0012973906824965834	
FF:57	255	87	1	15.083403295424578	0.012698561123553583	2.6131949080856566E-5	
FF:6E	255	110	1	14.361151996937764	0.013172569646702416	2.3682235881072834E-5	
FB:5F	251	95	1	3.4010011543275978	0.002631065325397447	1.2716730000993757E-6	
D7:7B	215	123	1	12.555838987496251	0.013085451930088173	1.0490614941125366E-5	
BF:3F	191	63	1	5.569344898433875	0.002603528598511186	1.1302486755516006E-6	
EA:7F	234	127	1	11.961031767948542	0.012926157104294669	1.2556407347520159E-5	
F9:77	249	119	1	49.39264870353078	0.05683208343035303	2.6138283440854226E-4	
EC:7F	236	127	1	26.239547936843632	0.028356742010901548	6.204774278485032E-5	
DD:77	221	119	1	38.11945286400779	0.04386122142646286	1.0242180224220138E-4	
BD:77	189	119	1	106.72835070657136	0.1228027565288578	3.9135259046977017E-4	
BB:7D	187	125	1	19.076504287338572	0.02024886230589007	1.1905489755805084E-5	
B5:7F	181	127	1	28.72320583068209	0.03104082879865193	2.4327036327487025E-5	
BF:76	191	118	1	32.84494530475789	0.03747483583677618	3.921555519634535E-5	
EB:7E	235	126	1	32.90801511345306	0.03524628387251881	9.615482798092222E-5	
3D:7F	61	127	1	12.386442279902292	0.01338589302801024	1.6044683534932066E-5	
9D:7F	157	127	1	25.70892771413518	0.02778335275679185	7.011027966781217E-7	
CF:77	207	119	1	42.22133582219639	0.04858095707015275	9.654129584038546E-5	
2F:7F	47	127	1	20.712785405206887	0.022384060528025152	3.3766696779376386E-5	
9F:7D	159	125	1	21.632750128696976	0.022962207486533225	5.162237571697935E-7	
B7:77	183	119	1	52.62663283414081	0.06055350387606822	8.60983872001688E-5	
FB:7C	251	124	1	2.544500204907582	0.002676372429362434	7.114189436073977E-7	
9F:77	159	119	1	37.158229590111574	0.04275533718997609	1.5228148346215118E-6	
F7:73	247	115	1	24.128429174001322	0.026830182299825634	6.284026575809668E-5	
F9:7D	249	125	1	22.121792486142372	0.023481278080051047	5.252579274559485E-5	
E7:77	231	119	1	10.071468881483462	0.01158852772826566	8.839873674985842E-6	
CB:7F	203	127	1	4.983155876040661	0.005385241999445514	1.2467228250137587E-6	
EF:75	239	117	1	22.831510772472765	0.02582982128354991	4.8795302714134944E-5	
BE:7B	190	123	1	2.6021522566343798	0.0027119122786906	2.3997225079546464E-7	
DB:7D	219	125	1	11.122815399216151	0.011806378925122922	8.45342589679479E-6	
DA:7F	218	127	1	22.40862571746001	0.024216736179540545	3.3728905510687035E-5	
F5:77	245	119	1	17.090602938310685	0.019664940862423496	3.083934061078019E-5	
BF:75	191	117	1	8.927266356549783	0.010099632300914771	2.901102235386589E-6	
5D:7F	93	127	1	19.22447723425609	0.02077566141693804	6.113835621606859E-5	
7F:6F	127	111	1	13.833851498031219	0.012821983302798984	4.372616947688781E-5	
AF:7B	175	123	1	11.107386086136893	0.011575900974634004	2.7139872191299362E-6	
E5:7F	229	127	1	13.970592730480197	0.01509786664819523	1.6563052187057244E-5	
5B:7F	91	127	1	19.08100934625699	0.020620618553122718	5.899878365263488E-5	
FE:73	254	115	1	29.01337091253345	0.03226208396750931	9.550472241667342E-5	
EF:76	239	118	1	20.342596366233018	0.023210142493302367	3.87412903889559E-5	
D5:7F	213	127	1	11.380729785869152	0.012299030712177231	8.344607590964815E-6	
D7:77	215	119	1	38.46607184297734	0.044260020580976035	9.824831066888772E-5	
D9:7F	217	127	1	31.72863410177257	0.0342887067920538	6.650985521680452E-5	
AE:7F	174	127	1	16.138701006116058	0.017440914072117553	5.5348598896475565E-6	
B7:7D	183	125	1	21.42662936802479	0.022743414743122067	1.4309099240528086E-5	
E6:7F	230	127	1	5.630697085980642	0.006085033591370671	2.7279204320237713E-6	
AF:7D	175	125	1	5.121918112277657	0.005436689827323365	5.772767152234928E-7	
97:7F	151	127	1	22.909185706711824	0.02475770248710357	4.715781319699021E-7	
EF:67	239	103	1	10.810055240078887	0.010768417065545864	1.0948464247152839E-5	
F4:7F	244	127	1	15.170885303553334	0.016395008589843434	2.4032200285976605E-5	
ED:77	237	119	1	44.93054160896804	0.05169807027838698	1.8404266747190295E-4	
F7:7C	247	124	1	15.072584731648629	0.015853740215576208	2.4541633058606344E-5	
FD:79	253	121	1	2.1923294157648785	0.0022426482005743816	5.405347165353807E-7	
DF:79	223	121	1	6.711311967161012	0.006865351835068852	3.2793042285762223E-6	
FB:73	251	115	1	19.684131860593503	0.021888259604334725	4.252127783533055E-5	
6F:77	111	119	1	24.111855105281933	0.02774375236798679	1.1589712062451249E-4	
BE:77	190	119	1	19.136077637932864	0.022018525765547668	1.2962752373425785E-5	
DE:7D	222	125	1	8.91032346811526	0.009457916637700325	5.692553658703211E-6	
DD:7B	221	123	1	12.764078640074997	0.013302474824852348	1.1503647977684081E-5	
BB:77	187	119	1	12.86931780808737	0.014807812144779177	5.420342101263269E-6	
7B:77	123	119	1	12.23548705816667	0.014078517626505074	3.322728532722669E-5	
5F:7D	95	125	1	5.13264118347626	0.005448074616991796	4.442918109437768E-6	
FA:77	250	119	1	34.31231840993996	0.039480612426299244	1.2765962789530914E-4	
9B:7F	155	127	1	33.66343736983678	0.03637970313508482	1.0156395159436565E-6	
BF:73	191	115	1	16.340559530607358	0.018170300933034338	9.716767344663184E-6	
DF:75	223	117	1	35.75851381178163	0.04045436667919796	9.291288075884695E-5	
F9:7E	249	126	1	9.522010168822241	0.010198630481935119	9.740253353366979E-6	
DE:77	222	119	1	22.98942164388608	0.026452283723004108	3.785639928084181E-5	
F6:77	246	119	1	36.70493061995216	0.04223354589494214	1.436487242475461E-4	
37:7F	55	127	1	11.627790090623767	0.012566027181543683	1.3658146041188366E-5	
8F:7F	143	127	1	13.749747080666696	0.014859198767765636	1.426391052483875E-7	
FB:76	251	118	1	22.745876680210774	0.025952183860126765	5.6766663606143904E-5	
FA:7E	250	126	1	2.9818984505410935	0.003193787407787641	9.662162145693733E-7	
3F:77	63	119	1	37.220451593706386	0.0428267686596723	1.4888828733600372E-4	
BD:7E	189	126	1	11.313609991840151	0.012117535179039187	4.42201260203202E-6	
FD:67	253	103	1	25.714977963228417	0.025615891301180055	7.42766559786257E-5	
EE:77	238	119	1	21.751892710372427	0.025028347788310045	4.373995662561425E-5	
DF:73	223	115	1	5.763713191635878	0.006409108502278601	2.4184352174246788E-6	
EB:77	235	119	1	53.35516438657327	0.061391437634322886	2.524450644374954E-4	
9E:7F	158	127	1	10.923752484033182	0.01180517785045862	1.292188353994641E-7	
AD:7F	173	127	1	11.881586024824568	0.012840298416240039	2.899408329438647E-6	
CF:7B	207	123	1	18.35466043119944	0.019128864470278086	1.8273536188346628E-5	
DF:76	223	118	1	20.069624739842826	0.022898694539628405	2.9294985839703706E-5	
CE:7F	206	127	1	15.126459538989385	0.016346996734214216	1.218294780093046E-5	
EF:73	239	115	1	8.544527739254605	0.009501307740401496	6.840569548729956E-6	
D6:7F	214	127	1	7.252583378168019	0.007837788184525622	3.444989818665864E-6	
FB:FF	251	255	1	3.142489730870861	0.0017975865578799992	1.0858345401893705E-6	
DB:77	219	119	1	42.12902315194531	0.04847469788778609	1.2102768161673657E-4	
F7:75	247	117	1	15.76135288498686	0.017831197071488305	2.682821252335589E-5	
C7:7F	199	127	1	9.92790048448266	0.010728973583365295	4.781060741525279E-6	
F5:7D	245	125	1	16.38506349799821	0.0173920184534834	2.8353717634435805E-5	
FB:75	251	117	1	26.690418266671212	0.030195466302210705	7.814562222212496E-5	
7C:7F	124	127	1	1.1044675863780888	0.0011935861000957678	2.7322640479928946E-7	
F7:76	247	118	1	12.537656989651666	0.014305005915927163	1.697945662847217E-5	
DD:7D	221	125	1	2.1614664852477006	0.0022943013213810206	3.3009242351909325E-7	
FB:67	251	103	1	14.786728414688106	0.014729774192974075	2.401231591736886E-5	
FE:76	254	118	1	11.757366916960738	0.013414725403645397	1.569919602367173E-5	
FD:73	253	115	1	19.61074020952472	0.021806653600119633	4.3197354514496806E-5	
AF:77	175	119	1	3.070292519702141	0.003532767724153225	2.0743387638721148E-7	
DC:7F	220	127	1	10.412136080823961	0.011252282233338334	7.5382109622208366E-6	
77:77	119	119	1	22.022325436499553	0.025339478720607725	1.0761724807412385E-4	
F3:77	243	119	1	35.87755975980613	0.041281574484425786	1.3245121048302802E-4	
CD:7F	205	127	1	37.081658046530855	0.04007362699104297	7.175102366167255E-5	
DE:7B	222	123	1	2.1160228863881296	0.002205277859269459	3.212030804729123E-7	
7D:77	125	119	1	11.05769563955588	0.012723316740937672	2.755444013126038E-5	
DF:3F	223	63	1	10.36347380596677	0.004844666381477166	7.830337219397008E-6	
3B:7F	59	127	1	6.731590878652042	0.007274758017666414	4.587477698624682E-6	
B7:7B	183	123	1	12.732362108335135	0.013269419636727214	5.0558887678620845E-6	
F5:7E	245	126	1	3.506235464146685	0.003755383084877957	1.2994736305115226E-6	
FD:76	253	118	1	27.58972766116746	0.03147880213645032	8.544817116006983E-5	
B7:6F	183	111	1	7.93979558975742	0.0073590435529109575	1.967403737117109E-6	
D7:7D	215	125	1	1.9553534533947197	0.0020755213976043838	2.545828766612398E-7	
FE:67	254	103	1	6.460223790401761	0.00643534199354941	4.743015485991335E-6	
B6:7F	182	127	1	14.720639189248967	0.015908431574991413	6.5741080280184376E-6	
BA:7F	186	127	1	15.814874678564012	0.017090958625881843	7.971452425094935E-6	
FF:72	255	114	1	12.979148939880833	0.014307041476965494	1.9337463699098468E-5	
BE:7E	190	126	1	3.7147008377468986	0.00397866091928681	4.889615998702849E-7	
FD:5F	253	95	1	18.796073475143583	0.014540911615833055	3.972016630193493E-5	
DF:57	223	87	1	8.278655946435109	0.006969713630030582	4.99026482045315E-6	
6F:7B	111	123	1	3.3191487295582314	0.003459153537478379	2.1995447382554738E-6	
5F:77	95	119	1	6.298407540021028	0.007247135196654776	6.688843284150959E-6	
ED:7B	237	123	1	6.476399111541989	0.006749578540759983	3.8339267495040975E-6	
F5:7B	245	123	1	4.456618489600513	0.0046446020088761085	2.0994122820069826E-6	
DF:67	223	103	1	7.298326162096999	0.007270215481994765	3.878572029076763E-6	
FC:77	252	119	1	17.54233231718403	0.020184716374004114	3.419304927454693E-5	
F6:7D	246	125	1	5.377816795424405	0.0057083167319842525	3.091166356942986E-6	
6F:7D	111	125	1	3.352815664151867	0.003558867318138328	2.2442898303702652E-6	
FD:75	253	117	1	7.236800482621046	0.008187169733566238	5.886667918052866E-6	
FD:3F	253	63	1	1.8520210838503135	8.657735388603148E-4	3.8621060809724954E-7	
73:7F	115	127	1	6.671251381453811	0.007209553176564019	9.601771400835165E-6	
FE:75	254	117	1	14.626084823127131	0.016546845226035785	2.4291320145032624E-5	
BD:7D	189	125	1	8.99801281992104	0.009550993548686477	2.7975508312992493E-6	
FB:7A	251	122	1	5.903010654294537	0.006095168167966	3.828050377968875E-6	
FC:7D	252	125	1	8.629829425637865	0.009160185803780566	8.28081022519561E-6	
CE:77	206	119	1	2.357365896165088	0.0027124537915228075	2.961200108627689E-7	
FF:74	255	116	1	19.379248489786587	0.021736881820714538	4.309058572380713E-5	
77:7E	119	126	1	8.187874318612181	0.008769697135869723	1.489413858733871E-5	
57:7F	87	127	1	10.266723121042649	0.011095140001563045	1.7094267420184825E-5	
CF:7D	207	125	1	5.178908505093407	0.005497183229202712	1.4559828503238069E-6	
FF:78	255	120	1	2.916290746533621	0.002955150915032451	9.770414962985462E-7	
E9:7F	233	127	1	7.796689522584374	0.008425798443249286	5.26785561372208E-6	
6F:6F	111	111	1	3.541148776266234	0.003282134435357786	2.5040416053632417E-6	
67:7F	103	127	1	1.275212242974295	0.0013781079884153532	3.1439572482500084E-7	
6E:7F	110	127	1	5.170593634530003	0.005587806787731968	5.2953698617798895E-6	
F3:7D	243	125	1	11.259331137149251	0.011951286009890772	1.3070671974190376E-5	
BB:6F	187	111	1	5.090040601083009	0.0047177321597426155	8.487410684532579E-7	
BE:5F	190	95	1	2.558186969103418	0.001979051279275113	2.3209557311359644E-7	
EE:7E	238	126	1	5.596717853039587	0.005994412121615345	2.899007542874584E-6	
FB:37	251	55	1	8.581031930616115	0.004568343198580459	8.098849118164996E-6	
75:7F	117	127	1	6.546781419768704	0.007075039813487224	9.392044231964956E-6	
9F:7B	159	123	1	12.09016394516874	0.012600132016463983	1.6124848153088045E-7	
F7:3F	247	63	1	2.688469745275025	0.0012567924465861015	7.824140753397886E-7	
FF:5D	255	93	1	1.6612662756332397	0.0012529972309535426	3.1724961285888467E-7	
F1:7F	241	127	1	12.373952125938096	0.013372396339523189	1.5421113729730335E-5	
6B:7F	107	127	1	7.715515549603538	0.00833807799777977	1.1497220644425262E-5	
1D:7F	29	127	1	2.1470618112413757	0.002320305987839757	2.081488224559229E-7	
F3:7E	243	126	1	3.181677020814568	0.0034077619346321066	1.0442481866856886E-6	
77:5F	119	95	1	4.137583438197182	0.003200897643054955	3.8069329828106867E-6	
FF:37	255	55	1	5.117645522424078	0.0027245159777801588	3.0117980915711828E-6	
99:7F	153	127	1	5.18614591458819	0.005604610185377659	2.356500063421555E-8	
7E:7B	126	123	1	2.4434717859827715	0.0025465395810402693	1.3555570914590208E-6	
FF:66	255	102	1	9.452819599819238	0.009325043731034089	1.0262480743686104E-5	
4F:7F	79	127	1	6.182989546171363	0.0066818913939943455	5.342028072085771E-6	
D5:77	213	119	1	2.7230518549297864	0.003133222808463798	4.779255872474833E-7	
BE:73	190	115	1	3.8149149257765496	0.004242091595510001	5.156946277508211E-7	
FF:65	255	101	1	2.4257275186317404	0.0023695552402801363	6.760704131666604E-7	
76:7F	118	127	1	3.8177879549735274	0.004125843591426047	3.21656017979969E-6	
FE:3F	254	63	1	1.4593562428009303	6.822125237855123E-4	2.423685451828578E-7	
BF:7C	191	124	1	9.9518143967997	0.010467579818763657	3.605164815946604E-6	
F7:6D	247	109	1	2.407900075771443	0.002185518967390036	6.270410934035086E-7	
1B:7F	27	127	1	6.922714575816819	0.00748130160896726	1.9957367671844646E-6	
E3:7E	227	126	1	2.604853129450193	0.002789949622332108	5.59850814212937E-7	
FF:27	255	39	1	1.2818746182867504	4.843583688716434E-4	1.89045017228364E-7	
DF:37	223	55	1	1.9275447348663541	0.0010261798999398333	2.708878203074277E-7	
B9:77	185	119	1	1.3654736479351277	0.0015711535992114845	5.792997346165455E-8	
B7:3F	183	63	1	5.235311035055683	0.0024473763310692595	8.558249706752911E-7	
3E:77	62	119	1	1.1594713037601705	0.0013341214261801922	1.4272138338088405E-7	
FF:63	255	99	1	8.322861915801631	0.007969116646902443	7.956706208574566E-6	
6D:7F	109	127	1	3.4830120968164713	0.003764054396768496	2.384769336744404E-6	
9D:77	157	119	1	3.462777106985364	0.003984371670497803	1.27175095330263E-8	
E7:7E	231	126	1	3.8562684537092915	0.004130288733423758	1.2967715364645566E-6	
FF:71	255	113	1	6.272910839861463	0.006854225470398939	4.518932900176724E-6	
CD:77	205	119	1	1.6239729844853157	0.001868590507617964	1.3793859325881537E-7	
BC:7F	188	127	1	6.619019756275401	0.007153101865562037	1.4762006592717558E-6	
9D:7D	157	125	1	3.3647097150252447	0.0035714904754304694	1.2009520385431821E-8	
F7:79	247	121	1	6.251502624840644	0.006394989671277583	4.224498015750167E-6	
F7:6B	247	107	1	4.144650375579702	0.0036820914069366985	1.8576830342720675E-6	
FC:5F	252	95	1	5.456666882086182	0.004221359472824429	3.3137182954351116E-6	
EE:7D	238	125	1	4.958542111247391	0.005263274668140737	2.2757387291504837E-6	
FE:79	254	121	1	2.8076692016651066	0.0028721115343742264	8.959923365366507E-7	
7F:3F	127	63	1	3.210140928693987	0.0015006611677172918	2.358410593634121E-6	
F7:5F	247	95	1	4.225549097498731	0.0032689480919765425	1.9314033434780237E-6	
EF:63	239	99	1	1.2780774970891025	0.0012237550870613353	1.531618849781805E-7	
B7:7C	183	124	1	1.1720183357989495	0.0012327595525573926	4.286829603390259E-8	
5F:7E	95	126	1	4.261538404589072	0.00456435771299809	3.062917177340843E-6	
B7:6D	183	109	1	2.227065761807401	0.0020213852493446184	1.5483024836115313E-7	
E9:77	233	119	1	4.189284882378887	0.0048203138990538024	1.5210764532525174E-6	
B9:7F	185	127	1	7.340218240092168	0.007932493076731748	1.67348516415401E-6	
BB:FF	187	255	1	5.248838808373632	0.0030024720804596094	9.01666610475688E-7	
FF:5E	255	94	1	7.187021752356428	0.005491096202422989	5.935932360336521E-6	
EF:7C	239	124	1	2.1590156766598616	0.0022709094999076294	4.3696063992082747E-7	
2B:7F	43	127	1	1.4745992577232718	0.0015935831557183794	1.573280317719831E-7	
DF:F7	223	247	1	2.0849910334407653	0.0012255429429933443	3.167917078791779E-7	
56:7F	86	127	1	1.1039341398952263	0.0011930095333885814	1.958892218103153E-7	
9F:3F	159	63	1	3.064976512618863	0.001432799567986022	1.033064921386944E-8	
FF:53	255	83	1	1.3651227532017107	0.0010965952036371916	2.1420675438838355E-7	
AB:7F	171	127	1	4.15731934183682	0.004492768992834048	3.2916013882340617E-7	
F8:7F	248	127	1	3.052228193946458	0.0032985098942026527	9.900229312118098E-7	
F7:37	247	55	1	2.7938557959101264	0.0014873838842307447	8.448344050472369E-7	
6F:7E	111	126	1	1.8097256011970402	0.0019383219334584614	6.539158448229362E-7	
FF:3E	255	62	1	3.060816213756296	0.0014016354649481727	1.077571611651382E-6	
E3:7F	227	127	1	3.7628994535981803	0.00406652452425111	1.168177152826937E-6	
D3:7F	211	127	1	4.098485270533381	0.004429188254871987	1.045191565676657E-6	
7E:7E	126	126	1	5.64716246086978	0.006048444124445022	7.238327990177909E-6	
BF:67	191	103	1	1.9732728337292544	0.00196567191201571	1.4184123020247875E-7	
EB:76	235	118	1	1.2194327539204624	0.0013913276842223612	1.3230104002542142E-7	
87:7F	135	127	1	1.0092916940376904	0.0010907302995510368	7.484913302001787E-10	
EF:6D	239	109	1	1.1953824132608835	0.0010849829890277193	1.3399610386655256E-7	
EF:6B	239	107	1	1.3409275682119135	0.001191274614957148	1.6861714289333025E-7	
EE:6B	238	107	1	1.1690719420682345	0.0010385987591048182	1.2657678483515823E-7	
B7:7E	183	126	1	4.188224536291039	0.004485832371178812	5.472980098683474E-7	
F5:5F	245	95	1	1.2836106732754922	9.930202378468018E-4	1.7429476093403127E-7	
E7:7D	231	125	1	2.005842221605923	0.0021291130794532085	3.509005481944958E-7	
3F:5F	63	95	1	1.4371006676170641	0.0011117623973089592	2.2261292565841475E-7	
DB:7B	219	123	1	3.7278909779556106	0.003885135630432657	9.500723103968662E-7	
FC:FF	252	255	1	4.27647251059338	0.0024462542006315705	2.0354639132583477E-6	
FC:7B	252	123	1	1.196893829939125	0.001247379438908142	1.5937642872198505E-7	
F5:75	245	117	1	1.7307941609136652	0.001958089246492445	3.1664291094783366E-7	
AE:7E	174	126	1	1.573759402555023	0.0016855878509475888	5.268773844897179E-8	
DF:FF	223	255	1	5.372402150610802	0.0030731537609603437	2.1020098819279374E-6	
FF:3A	255	58	1	1.1583615626510464	4.863862723890104E-4	1.5435540069285572E-7	
3F:6F	63	111	1	4.9654768553845665	0.0046022808239197105	2.6563107079791056E-6	
DB:76	219	118	1	1.5447499509928215	0.0017625025699164148	1.6313093144801563E-7	
FB:5B	251	91	1	1.8131211606604878	0.0013327652519886924	3.614781004127641E-7	
0F:7F	15	127	1	2.097775046981132	0.0022670422117223106	8.096193481704596E-8	
7E:76	126	118	1	1.7690079629924045	0.002018373200157399	7.103917488099802E-7	
3E:7F	62	127	1	3.2038049287462775	0.0034623172429847082	1.0896568475702886E-6	
FC:7E	252	126	1	1.5861477438884677	0.0016988567028507452	2.798735278483382E-7	
9F:7C	159	124	1	1.7531300584823764	0.0018439880085807888	3.3904015443482433E-9	
3F:7B	63	123	1	1.5319015909091267	0.0015965180441000477	2.527987897650993E-7	
CF:76	207	118	1	1.0388587450866864	0.001185299360060178	5.859340126291321E-8	
EF:FD	239	253	1	1.2527606650592522	6.992169213951958E-4	1.4725575704860352E-7	
9F:F5	159	245	1	1.4719634082489397	8.443256205908706E-4	2.363272136722484E-9	
7F:6D	127	109	1	1.1546007956724578	0.0010479679036502385	3.0483905942258675E-7	
DB:75	219	117	1	1.7783146038823905	0.002011850165897275	2.1619223210710928E-7	
3F:7D	63	125	1	3.5967930287101253	0.003817837755859884	1.3933568908766179E-6	
CE:6F	206	111	1	1.839474899181565	0.0017049273639055708	1.8038210733593898E-7	
EF:37	239	55	1	2.7584011970345044	0.001468508653948606	7.140622007630376E-7	
F7:FF	247	255	1	3.384586937985661	0.0019360724762233308	1.2392810176876885E-6	
2F:7D	47	125	1	1.3288799839341543	0.0014105474301843468	1.3919837302035285E-7	
7F:76	127	118	1	1.8878760409963709	0.002153997370036455	8.145695221246951E-7	
3F:7E	63	126	1	4.018828325021944	0.004304400103901833	1.739426869510687E-6	
BD:FF	189	255	1	5.424110916771965	0.003102732186418265	1.0163486870983225E-6	
7D:7D	125	125	1	1.5069071459900454	0.0015995157380977003	5.121274020398889E-7	
77:5D	119	93	1	1.6215550200533955	0.0012230455126742352	5.848101938991268E-7	
FD:37	253	55	1	3.4976551502319873	0.0018620704300788815	1.3772513990170943E-6	
FC:73	252	115	1	1.622814980947633	0.0018045304520345861	2.92941651389193E-7	
AF:76	175	118	1	3.931723047441433	0.004485950489322853	3.401562254418882E-7	
BF:3B	191	59	1	5.161712023230372	0.002216406902450083	9.710300747823712E-7	
FB:57	251	87	1	1.9152218172589297	0.0016124053164393907	4.0325253722585393E-7	
76:7B	118	123	1	1.2072627591002905	0.0012581858901842477	3.2172311212342997E-7	
DB:3F	219	63	1	1.3674694392025764	6.392577052951825E-4	1.2801873855521295E-7	
71:7F	113	127	1	1.9368965439380772	0.0020931832927466236	7.98184637906836E-7	
BE:76	190	118	1	1.5618176998567879	0.0017819761583173477	8.643787210269408E-8	
EF:6E	239	110	1	1.6767841426530254	0.0015380073092922228	2.6363779987699087E-7	
9B:77	155	119	1	1.4186108266017012	0.0016322947162874908	1.8033849011608702E-9	
FA:7B	250	123	1	1.8962206853313353	0.0019762043789257893	3.9077139149487674E-7	
FF:F5	255	245	1	3.6561634657610456	0.0020971939660612794	1.5365791539077772E-6	
F9:75	249	117	1	2.0040180357101742	0.0022671940794329404	4.316074619509197E-7	
EB:FE	235	254	1	1.7791591943913696	0.0010053280622182713	2.8189205253268946E-7	
57:7E	87	126	1	1.921433331175615	0.0020579673524748748	5.990875541383782E-7	
7F:37	127	55	1	1.331488816606065	7.088537186281312E-4	4.057144156788461E-7	
B7:3D	183	61	1	1.0399382519234328	4.6635024644606633E-4	3.378930605576618E-8	
E1:7F	225	127	1	1.5229122923227438	0.0016457945442864502	1.8614649391882997E-7	
FE:7C	254	124	1	6.062031693655733	0.0063762059867263155	4.175644939879145E-6	
BF:6B	191	107	1	3.4982081259324103	0.003107793904362985	4.4584290519837033E-7	
FF:55	255	85	1	1.0132165348035032	8.334797670689826E-4	1.1800052182690544E-7	
3F:73	63	115	1	1.6403317602288816	0.0018240086784922255	2.8981604892618595E-7	
FC:6F	252	111	1	1.6120996794753815	0.0014941835154782233	2.8919419164634063E-7	
DD:7A	221	122	1	1.7862350049364029	0.0018443808421512108	2.2545346444171248E-7	
FE:3D	254	61	1	1.7776154281177763	7.971545602871046E-4	3.596184564942731E-7	
BD:75	189	117	1	2.0718254495750537	0.0023439059505495495	1.4837549358989976E-7	
EB:7D	235	125	1	1.8481958833523073	0.0019617784256844486	3.039425279119018E-7	
7E:77	126	119	1	3.3876831960849123	0.0038979688440571748	2.604895263379562E-6	
E5:6F	229	111	1	1.5463022846218009	0.0014331987699949228	2.0313389984333536E-7	
5D:7D	93	125	1	2.0346868397561977	0.002159730665591042	6.857114055837565E-7	
77:6F	119	111	1	1.3073493655915112	0.0012117241280541087	3.800013898745618E-7	
D9:77	217	119	1	4.097812550053088	0.004715062831893213	1.1114084963114057E-6	
F7:71	247	113	1	1.2181449387592143	0.001331030747098085	1.6042757387092907E-7	
EB:F7	235	247	1	1.7584375379113617	0.0010335971444252105	2.753549697196736E-7	
FA:6F	250	111	1	1.8674084038852434	0.0017308178515789108	3.7908283346204185E-7	
EF:5E	239	94	1	1.9329826344242944	0.001476855245615268	3.5047798017668507E-7	
DF:7A	223	122	1	1.8178630723128264	0.0018770384815755688	2.406671915679083E-7	
FF:52	255	82	1	1.9445368625459454	0.0015432648221561068	4.3462990483576745E-7	
EB:67	235	103	1	1.0519014712539618	0.0010478496338300546	9.847435982313406E-8	
79:7D	121	125	1	1.9051083078272375	0.0020221888974462066	7.95121903848607E-7	
7F:FE	127	254	1	1.458705992940474	8.24253618167836E-4	4.86909539850994E-7	
F6:7E	246	126	1	1.4251828648286764	0.0015264539036963884	2.1714717568363318E-7	
FE:F7	254	247	1	3.782677466406516	0.002223430991632148	1.6272200539302193E-6	
BB:7B	187	123	1	1.5900318585601778	0.0016571001085679705	8.281123372195948E-8	
DE:76	222	118	1	1.3755664966683578	0.0015694704958849764	1.3571863615285866E-7	
BB:3F	187	63	1	1.6055918020489934	7.505738967682416E-4	8.452735878890192E-8	
BE:7D	190	125	1	3.891998347750507	0.004131184438401809	5.367622735397823E-7	
FF:56	255	86	1	3.9477021814184456	0.00328542553974375	1.7910181169854648E-6	
FE:5E	254	94	1	1.8448460688798658	0.0014095163655884159	3.8707590377047653E-7	
8F:77	143	119	1	1.9813130697186894	0.002279756220021461	2.961383358480832E-9	
F1:77	241	119	1	2.007699239058116	0.002310117316813175	4.061896462933154E-7	
DF:4F	223	79	1	1.5520991868137555	9.62853631333988E-4	1.755862905399053E-7	
E2:7F	226	127	1	3.7454030883164817	0.004047616376697618	1.141432561438591E-6	
F9:73	249	115	1	2.034449146262742	0.0022622576099442493	4.448302524473392E-7	
B7:57	183	87	1	1.4918090894145009	0.0012559383691566092	6.948760518857095E-8	
D7:7E	215	126	1	1.6782248091022485	0.0017974765034619847	1.8753295765144027E-7	
7D:75	125	117	1	2.02772506611874	0.0022940149030299156	9.271511385320217E-7	
FD:FF	253	255	1	1.924068234490511	0.0011006175455698748	4.1666906158986E-7	
F4:FF	244	255	1	1.168642745710806	6.684943139694626E-4	1.4286945766962883E-7	
B6:5F	182	95	1	1.9607212792133468	0.001516842936833723	1.1681716002594891E-7	
B3:7F	179	127	1	2.0171995183988964	0.002179965172063823	1.1313276895043311E-7	
FB:3E	251	62	1	1.1943985568648159	5.469492468681395E-4	1.5696133373616347E-7	
FE:7A	254	122	1	2.0067916773132506	0.0020721172925209394	4.5775181785420367E-7	
5B:7D	91	125	1	1.7281705953603725	0.0018343770659794126	4.84576196858012E-7	
EE:7B	238	123	1	2.0076212562272406	0.002092303854780927	3.7314922144265763E-7	
95:7F	149	127	1	1.9621307180882046	0.0021204528289211983	3.2265759245670166E-9	
77:67	119	103	1	1.9999866185809596	0.0019922834377825737	8.891493303904681E-7	
DB:5F	219	95	1	1.9692562141861996	0.0015234457542850804	2.6528007995949327E-7	
DB:37	219	55	1	1.3162221799149871	7.007259818133122E-4	1.185898971494603E-7	
AF:6F	175	111	1	1.9909849205043628	0.0018453551695771131	8.726694434195362E-8	
FE:37	254	55	1	1.904857898157854	0.001014102010847397	4.1287596850609744E-7	
BD:3D	189	61	1	1.1920723040221992	5.345732911543653E-4	4.918464699871026E-8	
CF:7C	207	124	1	1.9861230022675789	0.0020890562683151172	2.1418790560962508E-7	
FC:3F	252	63	1	1.9379704483624014	9.059527222791978E-4	4.1832472376095977E-7	
F3:6D	243	109	1	1.9808009683973535	0.0017978644337064136	4.0491009957270696E-7	
DA:7D	218	125	1	2.000747573475759	0.0021237052585494766	2.692717123445958E-7	
EC:77	236	119	1	1.1225816358022884	0.0012916750740247622	1.1374757609494168E-7	
F3:3F	243	63	1	1.957547656741077	9.151045714448731E-4	3.958300885213361E-7	
BF:7A	191	122	1	1.9970043167336153	0.002062011054499173	1.4525420418191444E-7	
5F:3F	95	63	1	3.9309360996852307	0.0018376150466598345	2.6098891251950505E-6	
CF:6D	207	109	1	1.9923151654167415	0.0018083150763982543	2.1558282774305043E-7	
37:77	55	119	1	1.6814326485514746	0.0019347054098593289	2.857508142197758E-7	
ED:76	237	118	1	2.00922233527931	0.0022924485367964943	3.6904386379299834E-7	
7D:3F	125	63	1	1.9713200055080138	9.215429862729285E-4	8.775116509297518E-7	
7E:5F	126	95	1	1.9885420456206058	0.0015383660024088817	8.983234839690008E-7	
7F:3B	127	59	1	1.97268252044467	8.470579786610388E-4	8.907154404129145E-7	
FF:70	255	112	1	2.002486546319351	0.002168701509349204	4.6063801798874143E-7	
F5:7A	245	122	1	2.0005523794043105	0.002065674865219577	4.2312018333558013E-7	
FF:36	255	54	1	1.9932906740478076	0.0010419232654116754	4.569577480022565E-7	
FD:71	253	113	1	2.0010595182137516	0.0021864983926487332	4.50278249076324E-7	
DE:F7	222	247	1	1.9904064300168993	0.0011699467841141248	2.843916326215831E-7	
7F:6E	127	110	1	1.9996533360678432	0.001834155139056608	9.142935273409803E-7	
7F:5F	127	95	1	1.9995444429629354	0.0015468776286356237	9.144716535763516E-7	

