BMLVN	8	x2
metabolism	0.9970000
mutations	0.0010000
catastrofic	0.0010000
minWeight	0.1
start biomas	2.0	_
env.size	25000.0
feedSourceH	FF
C7
B5
23
11
feed port max	50000.0
timeQuant	0.01

key	suscepBits	activeBits	maxsize	popBiomas	currincome	currloss
FF:00	255	0	1	8369.33005631139	268.00921630859375	221.02066616056914	
C7:00	199	0	1	9502.178483296111	215.87991333007812	208.08848784285965	
B5:00	181	0	1	9277.616656417631	78.95621490478516	214.41746459181633	
23:00	35	0	1	13293.576647195063	169.28953552246094	199.7848128603778	
11:00	17	0	1	14005.788871062743	267.60797119140625	166.73623950516705	
67:FF	103	255	1	490.6038715632173	1.850068593935374	0.3450554353113108	
17:FF	23	255	1	700.3319093102714	2.642303501650169	0.5630089817181847	
4F:FF	79	255	1	1005.9530904848256	3.7904554066624305	0.8333077616260506	
0F:FF	15	255	1	997.4628663518229	3.762791899027397	0.6512890494284798	
07:FF	7	255	1	1327.9838214004305	5.010567942343702	1.1148156085753211	
0D:FF	13	255	1	1791.5068869385836	6.759351154550508	1.4722792010498427	
17:FD	23	253	1	662.8807144712453	2.460232215478682	0.5044224037052207	
0E:FF	14	255	1	1573.5524102153379	5.937058437742675	1.30619792042727	
0F:FE	15	254	1	1202.6364658103203	4.487621994065888	0.9471122320385273	
0F:F7	15	247	1	1300.193996714035	4.955432461983501	1.10696824189289	
13:FF	19	255	1	822.847765842044	3.1046171577876764	0.6800896846215414	
17:F7	23	247	1	724.8967081084705	2.76274745729732	0.6031855951369113	
0F:FB	15	251	1	1153.7849551197694	4.266154091311668	0.8717343588259245	
2F:3F	47	63	1	718.5014681998125	2.705234150813559	0.699457560388489	
0F:FD	15	253	1	722.9463883509118	2.6823921035874787	0.342050430936146	
07:FD	7	253	1	1137.6625004371563	4.222173192581141	0.8180756391278754	
07:FE	7	254	1	1250.5317548749779	4.666356468657966	0.9885542059540668	
03:FF	3	255	1	1595.983722262438	6.0218009194985855	1.3536844214937014	
6F:3F	111	63	1	659.5381399991164	2.485922365275692	0.6648139076974784	
05:FF	5	255	1	2744.328793095791	10.354438958847142	2.2800762207081027	
47:FF	71	255	1	928.8083921157597	3.5004999481935277	0.6738890341227362	
06:FF	6	255	1	1901.3484848831454	7.1738427332538075	1.5783772535004081	
07:F7	7	247	1	1331.2811828040672	5.073865172123576	1.1202775627373722	
1F:1F	31	31	1	624.1577386254918	2.2088453841089155	0.531650989868112	
0D:FE	13	254	1	1719.946204169668	6.417965792883079	1.357033251264886	
0F:3F	15	63	1	1513.027120402499	5.692897960371884	1.48637142935421	
6F:1F	111	31	1	585.1245249277806	2.074439934566185	0.5245190874404778	
0C:FF	12	255	1	2143.691646951526	8.088167970472137	1.7682447081485893	
07:FB	7	251	1	1104.0827039557576	4.082143899959487	0.7704837121548882	
0F:1F	15	31	1	1364.023886048151	4.816187220134969	1.1994065020493685	
1E:1F	30	31	1	677.470299484054	2.39698974015345	0.5957423996946621	
01:FF	1	255	1	3080.3282713269423	11.62059706134903	2.13926238104499	
0B:FF	11	255	1	1668.5569574048436	6.295473102978407	1.374359937068355	
03:F7	3	247	1	1645.2857984076038	6.270825179749365	1.4385756130898086	
03:FE	3	254	1	1496.9033668218426	5.585719420821768	1.190798863297059	
4F:3F	79	63	1	1208.0964153705777	4.556158078025269	1.2095470051603332	
2F:1F	47	31	1	611.2401178452461	2.166326966180266	0.5089320402876731	
03:EF	3	239	1	1393.8477952247613	5.145366373849286	1.032449383669873	
02:FF	2	255	1	2658.7912497175244	10.031694210291402	2.206640002996343	
43:FF	67	255	1	1094.6318322918544	4.124561943618821	0.9030249962873773	
03:FD	3	253	1	1454.6238505118026	5.398792649666295	1.1244759780200144	
03:BF	3	191	1	1005.9946556404412	3.4840971476048233	0.5378343922071627	
45:FF	69	255	1	1059.8948241201178	3.9938169991919765	0.8637798266183009	
05:F7	5	247	1	2882.060849823437	10.984636760572995	2.5147005945209586	
3F:07	63	7	1	400.6749728695682	1.606300090854054	0.33502296909614776	
0E:1F	14	31	1	1695.4047431987744	5.975452206248152	1.4819647508186058	
05:FE	5	254	1	2612.9592144485077	9.750256913995182	2.0670161689990505	
0B:3F	11	63	1	2006.9292305303547	7.5461643353596015	1.9663773331962147	
16:1F	22	31	1	837.1381926109942	2.961150371110644	0.71980516126194	
1D:1F	29	31	1	710.1203969526812	2.512198471319235	0.6245759182874581	
4F:1F	79	31	1	1089.5741131704744	3.8628894033222236	0.9841114658600145	
07:3F	7	63	1	1573.9974154072663	5.9291277531671	1.5596778683594268	
23:FF	35	255	1	487.75765555779833	1.8395470118437325	0.2657590414859901	
2D:3F	45	63	1	788.9996135209568	2.9699105466831828	0.7660808259824075	
0E:3F	14	63	1	1883.1679766815596	7.078276958447104	1.8476455685444098	
03:FB	3	251	1	1432.4303585614196	5.296483818032199	1.090429659459488	
02:EF	2	239	1	2392.260034568581	8.831041832419587	1.786398387446122	
03:3F	3	63	1	1880.785669874737	7.093097165237122	1.8804957719820536	
07:1F	7	31	1	1294.06777371471	4.579661279186331	1.0512012242505178	
01:FE	1	254	1	3523.2619849404437	13.147097621513515	2.7995129389196243	
09:FF	9	255	1	2490.66105867825	9.397107944530337	2.0068870346181082	
3E:03	62	3	1	578.4721878835288	2.3931502491432197	0.6756619046357303	
02:FD	2	253	1	2456.6601246454356	9.117763883479215	1.8838739536039664	
01:EF	1	239	1	3382.561916247157	12.486947525410818	2.5804251152939934	
2F:03	47	3	1	870.9138253381392	3.6030552439949433	1.0338583348910277	
87:3F	135	63	1	640.6459002135601	2.4161051469643713	0.6422908174305517	
01:F7	1	247	1	3923.8817064111604	14.95559962301617	3.4724299428493333	
3B:03	59	3	1	530.0816836810707	2.1926620828587056	0.547354868972665	
27:3F	39	63	1	833.3047556725927	3.1369600775229247	0.8310064420939224	
01:FB	1	251	1	3423.548186810033	12.658879881950957	2.6433546786301294	
07:3E	7	62	1	1163.3576037600442	4.104184461494334	0.8557889482179419	
02:FE	2	254	1	2452.1857696048987	9.150097018943859	1.8769376611112367	
0B:F7	11	247	1	1755.6376265178887	6.69136776479423	1.5215709359653247	
11:FF	17	255	1	943.045275707383	3.558060074682138	0.7623744660147735	
41:FF	65	255	1	1118.1291959981022	4.213049412014905	0.9273155354216441	
05:FC	5	252	1	2401.104420089224	8.814201213949483	1.7454106981273378	
01:BF	1	191	1	2268.378770703224	7.855976439817591	1.1604085717238173	
0A:3F	10	63	1	2511.0263245351202	9.429482814887828	2.407691298846656	
47:3F	71	63	1	1274.5659628560006	4.806839408937863	1.2764162342509011	
02:3F	2	63	1	3203.7262130026656	12.082372767561575	3.204964893980595	
03:1F	3	31	1	1672.0928525758131	5.928021752222537	1.486670351863946	
06:1F	6	31	1	2043.7628335280158	7.219254709496069	1.798273668705942	
83:3F	131	63	1	635.3861792567454	2.3962065996014634	0.6204438461472332	
2B:03	43	3	1	953.9052618947268	3.946260836969632	1.098866867300527	
01:F6	1	246	1	3735.0044887527156	14.078120946829122	3.146180127438042	
06:3F	6	63	1	2290.1697755218574	8.637030460389735	2.2907194955529384	
01:E7	1	231	1	3575.0833282333138	13.365965914065738	2.8824972632192156	
02:1F	2	31	1	2440.4853735036713	8.651086089551429	1.8597503266488764	
42:3F	66	63	1	1316.498181857439	4.964942700256981	1.3083064182905904	
02:3D	2	61	1	2405.2210649171666	8.465555139536932	1.80644411862348	
09:F7	9	247	1	1792.1896366534443	6.828726564245387	1.0385624233982502	
06:17	6	23	1	1931.8724591851396	6.519705735811489	1.6006191125668339	
43:3F	67	63	1	1319.3826343839703	4.975855495843407	1.3203807423837441	
12:3F	18	63	1	989.5987381581035	3.7272897547276735	0.8786821699378926	
5F:03	95	3	1	895.1665860494065	3.7033805070659787	1.0600349714620747	
06:37	6	55	1	2038.1618090503375	7.503106486042336	1.7994331514161621	
02:17	2	23	1	2743.541596805796	9.301853492372238	2.351483277211016	
01:F3	1	243	1	3560.8843263212043	13.308335254491626	2.8596351250762386	
02:07	2	7	1	3401.0972446107535	13.459096265122605	3.4308592409433696	
02:37	2	55	1	2980.5132220729997	10.99426385467204	2.773996102116337	
03:17	3	23	1	1600.793550358298	5.4188142017276935	1.3543340824494365	
01:FA	1	250	1	3207.1776288652222	11.725129628773182	2.3197564627638854	
03:37	3	55	1	1789.8705748101445	6.602459693895942	1.7032044383028822	
03:07	3	7	1	1992.3548711500418	7.935419231916641	2.055218339903819	
01:F2	1	242	1	3382.5305499752326	12.498442081940809	2.5803594831235572	
0A:37	10	55	1	2416.367029910768	8.913355880745112	2.267052228787704	
0E:37	14	55	1	1782.8968387870964	6.576665056113705	1.677522709760931	
02:03	2	3	1	3818.051869548079	15.201930159418323	3.956553162339275	
03:03	3	3	1	2224.096697619178	9.025200891194771	2.4526472199268277	
82:03	130	3	1	777.0931230635335	3.2149221078586745	0.9254548869584185	
0B:37	11	55	1	1895.4395090986102	6.9917733487051645	1.7742264251519912	
0B:1F	11	31	1	1805.2290344405235	6.366606195446707	1.5762453443205937	
02:13	2	19	1	2590.9736174736904	8.448655737187794	2.0681780425346217	
03:13	3	19	1	1546.055122008887	5.049603997797319	1.2621678946281583	
05:F3	5	243	1	2641.4657622117725	9.872096552356474	2.1123748956650434	
22:03	34	3	1	1088.2405679217177	4.502175635530752	1.2963388295998326	
0D:F7	13	247	1	1393.6278004686262	5.310413237357605	0.8905441541605704	
01:FC	1	252	1	3279.1863934014123	12.037698961783997	2.425099809113917	
05:FB	5	251	1	2479.0688158311714	9.166384588359643	1.8605874310885926	
03:F6	3	246	1	1556.6643337718394	5.867350187700433	1.287762259587367	
06:07	6	7	1	2419.8936041828742	9.509763105830023	2.362273666022732	
06:03	6	3	1	2708.3285249343735	11.133921531589522	3.13178637589294	
05:F6	5	246	1	2742.4653541745893	10.33688034302646	2.2769957990510123	
23:01	35	1	1	736.9003605891813	2.802009287827066	0.6074761765195592	
03:FC	3	252	1	1377.5117336477917	5.056726233735403	1.008414354914826	
03:E7	3	231	1	1458.382962694619	5.452205660671776	1.1302386078671607	
0A:1F	10	31	1	2302.185194751286	8.098865641794129	1.995226342816658	
03:F3	3	243	1	1494.240853760124	5.5844780040888695	1.1865493376000424	
06:13	6	19	1	1660.8874515468667	5.434183102340284	1.2053476022872869	
01:FD	1	253	1	3463.1496077662605	12.853477967295492	2.704834683411653	
05:FA	5	250	1	2368.5009374929764	8.658955304357123	1.6983497639534515	
05:F2	5	242	1	2451.3785082062122	9.057650583138981	1.8192342655180573	
03:F2	3	242	1	1426.5147993764606	5.270943745515548	1.081440641809948	
09:FE	9	254	1	2427.3405830031697	9.057569129242637	1.906221419024666	
09:F6	9	246	1	2560.2742852539204	9.650148410929205	2.1207501743772226	
0D:F6	13	246	1	1723.1983407743796	6.49480879478384	1.362071573964033	
1A:3F	26	63	1	849.428528213775	3.199348511005331	0.820626480491765	
11:FE	17	254	1	810.3978433639821	3.02370884969333	0.562907798845689	
09:FD	9	253	1	2375.078947957806	8.814993420024498	1.8250330074078465	
01:F5	1	245	1	3618.357308273553	13.570325451546623	2.9526891062749923	
42:37	66	55	1	1228.053898007285	4.52992429727795	1.1384595349485311	
0D:FD	13	253	1	1673.8678801540634	6.212478224612757	1.2852930534676505	
09:F5	9	245	1	2499.463279567389	9.373944587473018	2.021199982730096	
02:33	2	51	1	3135.407931813764	11.630943024530847	3.069981826282601	
05:FD	5	253	1	2536.745345906611	9.415006647080132	1.9481828924975737	
06:33	6	51	1	2226.8915496502527	8.260705641590917	2.166029841893156	
83:37	131	55	1	590.54350797007	2.1782965381475345	0.5359727178592945	
0A:17	10	23	1	2186.1839593017917	7.41209927458971	1.8564824846129668	
02:3B	2	59	1	3256.6325240586366	12.30174956135826	3.3117616365490687	
0E:17	14	23	1	1599.1751817032248	5.4145359386209515	1.342827863006418	
03:33	3	51	1	1797.6261943306633	6.668222988967582	1.7179396536917593	
02:1B	2	27	1	2380.840636538599	7.951553042521409	1.7706183589068125	
05:F5	5	245	1	2665.9661151966507	9.998378580329057	2.151718236762398	
0B:17	11	23	1	1714.8476537396546	5.81405607734783	1.4528546319370061	
01:F4	1	244	1	3459.741820855073	12.82814910923787	2.699529775969896	
07:F6	7	246	1	1323.6849915294583	4.989256043776586	1.1076122348052364	
06:3B	6	59	1	2319.217318989574	8.760680579453327	2.349228136995727	
02:1D	2	29	1	2043.0223338372755	6.669577899244644	1.30371966323976	
05:F4	5	244	1	2512.975964882969	9.317517398922229	1.9118314427386316	
0A:3B	10	59	1	2616.4331636194484	9.834812060418589	2.6093322573834437	
0A:33	10	51	1	2513.7381291597	9.324801018478427	2.453525583721913	
06:01	6	1	1	1875.6868657030939	7.132121919753127	1.5359346509536123	
07:3B	7	59	1	1614.9884689072237	6.10055616415	1.649340719518214	
45:F7	69	247	1	1133.4882419285634	4.31366515346199	0.9873195771537048	
03:3B	3	59	1	1918.3487606450983	7.246477569335585	1.956414802043896	
0B:07	11	7	1	2135.2470891369876	8.544430254836316	2.232445444727875	
01:E3	1	227	1	3273.7993571203306	12.000406341049175	2.4171584840295277	
0A:07	10	7	1	2727.128718089721	10.936215100405523	2.8865047774317496	
03:FA	3	250	1	1324.008338290175	4.840350776331242	0.9315758763169818	
07:33	7	51	1	1543.4749473884367	5.725575488058665	1.506573941264726	
0A:13	10	19	1	2096.481491225934	6.85999023569533	1.7075446580788058	
0A:1B	10	27	1	1905.6781260295409	6.323516674082996	1.3694146114736063	
0A:03	10	3	1	3045.6120434094196	12.539652804671293	3.539762509098554	
0D:F5	13	245	1	1760.4120185740496	6.602212111034966	1.4216383505095376	
01:EB	1	235	1	3052.987124751983	11.049066734929916	2.1020743616095667	
0E:3B	14	59	1	1921.7273436980565	7.245441354079739	1.9351271403054384	
0E:33	14	51	1	1843.6757598545332	6.839160030006083	1.7938862632385368	
23:03	35	3	1	1057.734705380359	4.375935037294461	1.2516599106571342	
09:FC	9	252	1	2241.440041910113	8.228075762002454	1.6254235638820378	
06:1B	6	27	1	1696.1159221404193	5.664688281899926	1.256889993828449	
02:01	2	1	1	2626.0935633892113	9.985480421076986	2.152528727455406	
09:F4	9	244	1	2369.866998358348	8.786955395593141	1.8170391884257946	
04:FF	4	255	1	3560.526201421581	13.433759301816227	2.900150462033904	
02:0F	2	15	1	2899.5342761398038	11.09375589526199	2.5723426482904865	
06:0F	6	15	1	2050.937052760264	7.828476742103722	1.7812615294377183	
0B:03	11	3	1	2395.1380444971414	9.848905470169713	2.771912979524888	
0B:3B	11	59	1	2050.3891306862815	7.719465103198963	2.050381063028729	
0A:0F	10	15	1	2319.1238919677853	8.781565773436228	1.954376656502186	
0E:13	14	19	1	5.592392301969486	0.01828432155559898	1.6487723826526328E-5	
0B:FE	11	254	1	6.417231748052541	0.023927103740868805	2.029735936243096E-5	
09:FB	9	251	1	4.424912620676394	0.016348953686177784	6.325169026978977E-6	
87:1F	135	31	1	8.51605054920577	0.03016536501675842	1.13321361090122E-4	
29:FF	41	255	1	2.6307441031480816	0.009917695042649895	7.964741748714173E-6	
03:0F	3	15	1	1.2775385054832118	0.004906417075100731	8.657852422486539E-7	
02:27	2	39	1	1.0661847820885502	0.0037354383591928185	3.5443886036947777E-7	
15:FA	21	250	1	1.0327192269287429	0.003772804160913225	1.0289001551470333E-6	
0A:2F	10	47	1	3.7230186882948795	0.013821800336806671	5.3712760863317544E-6	
0F:F5	15	245	1	2.9129868850618394	0.01091603642023109	5.54770492399574E-6	
0B:FC	11	252	1	1.1095126861357307	0.004069956675480849	6.068184899180774E-7	
0F:1B	15	27	1	1.130529562726205	0.003772958102425125	8.362803351336685E-7	
0B:E7	11	231	1	1.8567488024903174	0.006936154518910826	1.6991913801487115E-6	
05:BE	5	190	1	2.989728022811006	0.010208482224918575	2.7035282383859626E-6	
0B:43	11	67	1	2.558354879306668	0.002667286932741116	3.243363227684397E-6	
06:15	6	21	1	2.8684540283965014	0.009457669389441035	3.589803901544368E-6	
2B:17	43	23	1	1.3328723024645888	0.004515192053341445	2.1436966840351E-6	
02:35	2	53	1	1.9936304818462778	0.00685062900021245	1.2394369402227912E-6	
05:F1	5	241	1	1.2746480415593662	0.004679815594660051	4.91161557720606E-7	
16:17	22	23	1	1.7681254228706473	0.005989641691906068	3.2361218473500753E-6	
43:FE	67	254	1	1.7068752326180154	0.006364193481474267	2.2055964174424143E-6	
12:37	18	55	1	1.229623431560764	0.004531530511022772	1.361255922865149E-6	
81:E7	129	231	1	1.823706085628021	0.0068127312344160315	5.060576484794392E-6	
06:FD	6	253	1	1.3785216229805324	0.005112404373487377	8.284184221284055E-7	
03:6F	3	111	1	1.2406296813973918	0.0025489179124228217	8.194095718036474E-7	
06:27	6	39	1	1.8450355495365944	0.0064641888628110145	1.484587967060801E-6	
2A:03	42	3	1	1.3447713093314417	0.005556881583838393	2.080093357987852E-6	
46:FF	70	255	1	1.5276426457680097	0.005759080171951095	1.8212934500570394E-6	
01:EE	1	238	1	1.2413107419024592	0.004525911509315502	3.470066095224741E-7	
8A:03	138	3	1	1.8908129050163405	0.007813252566567293	5.5371987084767754E-6	
0D:FC	13	252	1	2.0064439000712775	0.007360116632428103	1.8441024436795431E-6	
0A:53	10	83	1	2.7728386961768456	0.0045248844895157654	2.991966637763971E-6	
0D:E5	13	229	1	1.8648852205808402	0.006845395336899823	1.5930633188735616E-6	
23:37	35	55	1	1.4969796798658195	0.005516821422790098	2.5033672265451736E-6	
09:DE	9	222	1	1.9433376799763704	0.00611070888788242	1.2213405455363392E-6	
0F:17	15	23	1	1.5038467340202952	0.005094375937452891	1.4796298359795692E-6	
0F:03	15	3	1	1.617558325997844	0.006684092380698074	1.7092966696888648E-6	
1C:FF	28	255	1	1.82190459218449	0.006868428567176334	3.872697586794388E-6	
05:7C	5	124	1	1.675041528814325	0.0037732414511542065	8.506039382577992E-7	
04:FB	4	251	1	2.0193957386957235	0.007461158754645778	9.315274967844096E-7	
07:FC	7	252	1	1.9879289196641055	0.0072922016920717115	2.494491139422627E-6	
0D:EF	13	239	1	1.7393573741670123	0.006416076191196388	1.3857685527330219E-6	
8A:0F	138	15	1	1.1266441820770843	0.00432690844433426	1.967066891889088E-6	
6D:3F	109	63	1	1.1071387184292392	0.0041712540578834395	1.8181492036267674E-6	
85:FF	133	255	1	1.8464584614749326	0.006960999671080585	5.2826492938251744E-6	
02:0B	2	11	1	1.7931103396372097	0.0060045790750709324	1.0028082783089228E-6	
1F:03	31	3	1	1.9222301751251822	0.007943073274531566	5.064829358701491E-6	
01:D5	1	213	1	1.8089654438014238	0.0057562525946982385	7.376333874773832E-7	
46:03	70	3	1	2.034179463520304	0.008405663302732718	3.2270373444181003E-6	
0B:F3	11	243	1	1.9414896863699829	0.0072502634221646095	1.8578356891158735E-6	
1B:F7	27	247	1	2.01649540010493	0.00767897414509484	4.8979090618126755E-6	
0D:DF	13	223	1	1.8997091791862752	0.006016739810274149	1.6547812249232103E-6	
27:F7	39	247	1	1.0816485344542999	0.0041189986251479556	1.4068635623794271E-6	
9A:3F	154	63	1	1.528351351780416	0.005758220301287427	4.15870728918999E-6	
2F:1E	47	30	1	1.433977920548559	0.004647122820152338	2.8011975353645016E-6	
06:1D	6	29	1	2.006487041687157	0.006546147024616993	1.7566418343220656E-6	
11:FD	17	253	1	1.925312276155322	0.00714024721276056	3.1729302744159678E-6	
05:B4	5	180	1	2.0056821429277862	0.006850826927568761	1.2167195005144007E-6	
13:3F	19	63	1	2.012019706675563	0.007580485026210899	4.059530215471531E-6	
0A:1D	10	29	1	1.9369140678537402	0.006319164977041622	1.455139911325352E-6	
12:7F	18	127	1	1.9946340533759408	0.005059735393257047	3.590221849999984E-6	
01:D3	1	211	1	2.0006322160059624	0.006246941325438094	9.023319607197283E-7	
45:DF	69	223	1	1.971273752728319	0.006243402435216358	3.0044558880041927E-6	
01:75	1	117	1	1.2295786691265282	0.002975958919061103	3.4131397576520395E-7	
81:E3	129	227	1	1.9446568820581225	0.007123092432108484	5.754919649267363E-6	
12:EF	18	239	1	2.0055746165291417	0.007398095803619799	3.6213780411544006E-6	
09:EF	9	239	1	2.005583870741873	0.007398121400729095	1.2994181274240116E-6	
83:FD	131	253	1	2.004442226766995	0.007433720459930307	6.163369633244717E-6	
03:01	3	1	1	2.0047452607426925	0.007616644008347986	2.1321185221274348E-6	
2A:1F	42	31	1	2.003486743114149	0.007096628395495873	4.622453174286793E-6	
51:FE	81	254	1	2.0045704404762255	0.0074741743959490115	4.017789395555654E-6	
02:5B	2	91	1	1.6471622361059735	0.0028917713941685884	8.489203752582261E-7	
4B:17	75	23	1	2.0026436243436128	0.006784086015209774	3.169572060085878E-6	
02:41	2	65	1	1.9881372258391818	0.0020174750221210853	1.2385954015344831E-6	
0F:D7	15	215	1	2.000928194895346	0.006412448210428501	2.620416523129584E-6	
03:E6	3	230	1	2.002879767895437	0.007394447444515248	2.128652639000449E-6	
0F:F6	15	246	1	2.003174499922478	0.007544115637000965	2.6233550889156577E-6	
0A:73	10	115	1	1.9980053825691653	0.004979314043114382	1.5507937959327794E-6	
0B:39	11	57	1	2.0018554559162154	0.007033656204579202	1.976017829433389E-6	
05:D7	5	215	1	2.000390238258233	0.006410719699417552	1.210818394682275E-6	
01:F8	1	248	1	2.001166646361598	0.007189155199351955	9.019655669706067E-7	
01:72	1	114	1	1.998743740260774	0.0047589584573143355	9.019655669706067E-7	
4A:37	74	55	1	2.001350321169226	0.00737557842138413	3.0976936243213077E-6	
4A:33	74	51	1	2.001391645721668	0.0074170273213958636	3.0976936243213077E-6	
09:DC	9	220	1	2.00022970224237	0.006249783753927674	1.2939493752785812E-6	

