BMLVN	12	x2	MULTI	
metabolism	0.9970000
mutations	0.0000100
catastrofic	0.0010000
minWeight	0.1
start biomas	2.0	_
env.size	25000.0
feedSourceH	0FF
0C7
0B5
023
011
feed port max	50000.0	limited
timeQuant	0.01

key	suscepBits	activeBits	maxsize	popBiomas	currincome	currloss
FFF:000	4095	0	1	9195.626370633725	126.6126937866211	192.2145220401039	
0FF:000	255	0	1	11325.64874045967	266.367431640625	174.80631206911974	
00F:000	15	0	1	16045.470726598704	84.06346893310547	212.2868056799338	
777:000	1911	0	1	10026.894107309543	147.2637939453125	247.45938972495935	
555:000	1365	0	1	11074.601348174616	218.54678344726562	220.95040189119499	
FFF:FFF	4095	4095	1	520.0456812818884	2.1613204267257835	0.6002357506382503	
FEF:FFF	4079	4095	1	524.8777181402511	2.1813746568442443	0.6071233819600131	
DFF:FFF	3583	4095	1	618.759964449476	2.5707555382164626	0.6688477558120228	
FBF:FFF	4031	4095	1	567.9856511490378	2.3602956664901593	0.6948588517895318	
FFF:F7F	4095	3967	1	382.93887346067135	1.550657164511147	0.32568168127974306	
FFF:7FF	4095	2047	1	581.2655209390554	2.653936719251959	0.7507052577132931	
FF7:FFF	4087	4095	1	524.9697872617783	2.181761349817241	0.6094976471543201	
FFF:FFE	4095	4094	1	498.81917169635494	2.0718501670527107	0.5522724412912511	
FFF:FF7	4095	4087	1	524.8772743852735	2.1780366253168397	0.6114449354041092	
FFF:FFD	4095	4093	1	507.34075735184757	2.106917761893057	0.5712908380453972	
FFB:FFF	4091	4095	1	499.01311835069134	2.073981076226168	0.5517660642505294	
FDF:FFF	4063	4095	1	531.2385168364723	2.207774665349849	0.6173977769236924	
FFF:FFB	4095	4091	1	484.9259558232102	2.0101981544772993	0.5219668478109862	
FFD:FFF	4093	4095	1	547.6793266045865	2.2760466592378656	0.665178696417799	
EFF:FFF	3839	4095	1	499.13497061429086	2.074344600959312	0.488041264405749	
FFB:FFD	4091	4093	1	532.1538629101067	2.209863380782286	0.6274355000365387	
7FF:FFF	2047	4095	1	402.45644090069857	1.6737201940162718	0.43744071068276064	
BFF:FFF	3071	4095	1	1038.1171680651985	4.306043742795029	1.3207889131358104	
FDF:FDF	4063	4063	1	406.3897752075109	1.6637508062109114	0.36146967746952996	
9FF:FFF	2559	4095	1	1478.9862865626758	6.120727468717648	1.6756396743912658	
FEF:FEF	4079	4079	1	497.3796676390249	2.0496125487490464	0.5452491973011927	
FFF:FF5	4095	4085	1	469.01505270230734	1.9448852061439446	0.4882988997525522	
F7F:F7F	3967	3967	1	427.5969688207912	1.7312923269387033	0.38258339923152196	
FEE:FFF	4078	4095	1	543.3479929258025	2.2580576665283463	0.6504500355149652	
FEF:FF7	4079	4087	1	403.1369054329599	1.6731301097432956	0.35828035550075377	
FBF:7FF	4031	2047	1	225.31132401406614	1.028417645629103	0.10945794072340845	
DFE:FFF	3582	4095	1	687.3159577792916	2.8550654087870933	0.8248216182744789	
FFF:F7D	4095	3965	1	344.629792300508	1.3945618470065029	0.2638063784782318	
AFF:FFF	2815	4095	1	993.5014273133	4.121989270787952	1.0098162274136713	
DFF:FFB	3583	4091	1	619.5659440288828	2.5673539975586372	0.6706076822378257	
BFF:FF7	3071	4087	1	846.9947218912685	3.5107354486281532	0.8804957763142215	
FE7:FFF	4071	4095	1	428.8145437727371	1.7823844618567626	0.403906974199568	
5FF:FFF	1535	4095	1	561.5978455870413	2.335537889783295	0.6877455817143454	
FBE:FFF	4030	4095	1	501.60416679303745	2.0847067109121635	0.5419365878008651	
EBF:FFF	3775	4095	1	548.3782486873602	2.2787529303159886	0.5702112905410912	
DF7:FFF	3575	4095	1	584.9677835740863	2.4305448471251734	0.5953674268914986	
FFF:FDD	4095	4061	1	505.05525484311175	2.0658752886113665	0.5662457664741383	
FDF:FEF	4063	4079	1	345.574688975517	1.424282077672638	0.26141873283186623	
DFF:FF7	3583	4087	1	469.04595328545474	1.9463104628223669	0.384606458144907	
DFF:FFD	3583	4093	1	689.7658031836752	2.862982860910313	0.8309045919565731	
DEF:FFF	3567	4095	1	632.9719827787792	2.629701219998598	0.6939839466388705	
FF5:FFF	4085	4095	1	439.95233945765983	1.8286627515275147	0.42785567884314507	
FFF:7FE	4095	2046	1	658.914352941571	3.004712929981622	0.9647442618021013	
FFF:FFC	4095	4092	1	489.2904162611424	2.030714837903322	0.5313926446891806	
FFF:FEB	4095	4075	1	461.9800081468508	1.8988495941742596	0.4738078382566272	
FBD:FFF	4029	4095	1	531.649387010003	2.2094593039971344	0.6084057664854758	
DBF:FFF	3519	4095	1	651.2075510085697	2.7053050585036913	0.7148684657043008	
FFF:7FB	4095	2043	1	488.5288561085988	2.2191494401137235	0.5302594344422001	
FFF:FDE	4095	4062	1	489.3700585445501	2.0020231692242114	0.5316423794018358	
DFF:FDF	3583	4063	1	624.7800459421335	2.55662820218239	0.6820270331825848	
FBF:FFE	4031	4094	1	520.5048098975333	2.16180385128434	0.5836278759975269	
7FF:FFE	2047	4094	1	465.6788088804034	1.9355335247898435	0.5857657463907627	
FBF:FFB	4031	4091	1	500.89979545753226	2.0763270863201453	0.5405329066803853	
FFE:FEF	4094	4079	1	503.1923653621875	2.073569668893317	0.5619329238480993	
EFF:F7F	3839	3967	1	455.9141657744289	1.8459061391368279	0.4073838691800782	
DFB:FFF	3579	4095	1	690.8934037036512	2.8698938415880733	0.8319264256185223	
FEF:7FF	4079	2047	1	608.3080741425989	2.7774124396090145	0.8164198269647888	
FFF:FE7	4095	4071	1	468.3755175361685	1.9257215341144982	0.4870089904983457	
FF6:FFF	4086	4095	1	502.4929507942951	2.0884297566671286	0.5583554315888654	
DFF:FEF	3583	4079	1	568.0614134031222	2.3403349285194937	0.563914735157201	
EEF:FFF	3823	4095	1	593.9068343537223	2.467731663775442	0.6854133176903224	
F7F:FFD	3967	4093	1	588.9811180893785	2.4454779404183413	0.7254180775104934	
FFF:FF3	4095	4083	1	454.3946598296766	1.8779908234965819	0.4583622377861627	
FFD:FFB	4093	4091	1	549.2889314858029	2.2767465745322104	0.6691084888581206	
DFF:FFE	3583	4094	1	622.2661563420553	2.583645190741422	0.6764432063941099	
BEE:FFF	3054	4095	1	814.4358118395307	3.3813504436550694	0.8061963780640126	
7FB:FFF	2043	4095	1	430.7717816097303	1.7915274203508076	0.49967176185811263	
FFB:FEF	4091	4079	1	404.2222956208747	1.6659419053741216	0.3621776519873456	
FFB:FED	4091	4077	1	448.05400587410526	1.8450484273342485	0.4449313598226112	
FEB:FFF	4075	4095	1	377.25620781512305	1.568153434199701	0.31324068284323275	
FBF:FFD	4031	4093	1	337.59599675396487	1.402215246118192	0.24565172552690687	
FFF:FFA	4095	4090	1	162.8842752553892	0.6748432619762105	0.05894375449494126	
DDF:FFF	3551	4095	1	671.1091493232867	2.787853355918503	0.7732557542251021	
EF7:FFF	3831	4095	1	550.2837111439785	2.2866946101419448	0.5908042287200126	
FBF:FF7	4031	4087	1	457.7871540537853	1.89980528745786	0.4515451764412017	
F7F:FFE	3967	4094	1	556.076582562709	2.309348065673201	0.6466956769409994	
FFD:FF7	4093	4087	1	476.68748061136415	1.9782228607458074	0.5040192770531877	
FFB:FDF	4091	4063	1	262.6292052791017	1.0752741710279141	0.15295471264976943	
BF7:FFF	3063	4095	1	884.8972994316084	3.672937679458196	0.9561646441915255	
7FF:FDF	2047	4063	1	396.281913744307	1.623220215750042	0.42417964356644133	
FED:FFF	4077	4095	1	199.3517563153731	0.8286532369503611	0.08759472772592514	
EFB:FFF	3835	4095	1	493.7841944553479	2.052123486453339	0.4767650257002251	
FFB:FF7	4091	4087	1	442.4242707533988	1.8361144752773766	0.43379598868917296	
FDB:FFF	4059	4095	1	479.33345821766324	1.9922334633240941	0.5018637319392547	
BFB:FFF	3067	4095	1	939.6172895455715	3.8992002665580454	1.0803365709432455	
BFF:FFE	3071	4094	1	938.0787402953256	3.890344727126948	1.0792986363188561	
CFF:FFF	3327	4095	1	763.1481736509493	3.1691700501211897	0.8749716960277444	
EDF:FFF	3807	4095	1	515.2781411642848	2.141358508714627	0.5120067275090778	
FFF:FEE	4095	4078	1	538.7060107611279	2.218344929899383	0.6441100336487346	
FF7:FEF	4087	4079	1	458.587334020125	1.8898826197074285	0.4652265119473716	
FFF:FCF	4095	4047	1	448.6224452098954	1.8208906134866292	0.4468770569968893	
DF5:FFF	3573	4095	1	707.956987670126	2.9406224061687722	0.8707729680288034	
7BF:FFF	1983	4095	1	441.47952168844074	1.8359313225952667	0.48416093727226067	
FEF:FFB	4079	4091	1	523.2550418186913	2.168939030815582	0.6033934672211524	
DFB:FFD	3579	4093	1	631.475850645021	2.6214526808481913	0.695180394569018	
FEF:FFE	4079	4094	1	538.7573882361526	2.237566105192524	0.6396359502747457	
FFE:FFB	4094	4091	1	254.7308474385446	1.0561071290970951	0.14409569503965441	
FBF:FDF	4031	4063	1	435.83562397880223	1.7842487542186425	0.40935974734141883	
EFF:FEF	3839	4079	1	596.660935234841	2.458102300107519	0.6971991783791204	
EFF:7FF	3839	2047	1	575.9245213469856	2.6294347855617026	0.6506579408669215	
FFB:FDD	4091	4061	1	435.3310880151429	1.7808516376386432	0.42006432052984966	
FFF:7DF	4095	2015	1	447.90600412263416	1.8902444758669983	0.44602235006911983	
DFD:FFF	3581	4095	1	465.82403228971555	1.9359172162574922	0.3790014880177569	
BFB:FFD	3067	4093	1	869.8265582275297	3.6077721689727094	0.9262976855287627	
D7F:FFF	3455	4095	1	607.0830492034116	2.5222408558023077	0.5997210973996604	
FDD:FFF	4061	4095	1	519.1383252339739	2.157534384992926	0.5891744918015592	
FFF:F77	4095	3959	1	403.706064931803	1.6327923592527251	0.36195011049956727	
EFF:FFB	3839	4091	1	608.9149834296717	2.523380082777163	0.7260512705436913	
B7F:F7F	2943	3967	1	886.9237756999121	3.5857771766095556	0.889240162925442	
F7F:7FF	3967	2047	1	759.8496946626454	3.46922500070658	1.2093274153193843	
FF7:FFD	4087	4093	1	523.9482508507996	2.1758187589335334	0.6071347253166391	
EFF:FBF	3839	4031	1	496.78427316775145	1.971699753276576	0.4836729103609601	
3FF:FFF	1023	4095	1	651.0815348946023	2.707146366079042	0.6381802239270056	
FDF:FF7	4063	4087	1	410.8278393433479	1.7050308101253824	0.3693722631472034	
9FF:FFB	2559	4091	1	1625.2846495787846	6.701936664116946	2.020265006642572	
9FF:FFD	2559	4093	1	1421.2904696268945	5.879484706062391	1.5485232022167366	
6FF:FFF	1791	4095	1	464.3720489484748	1.9311569336201357	0.5151913845954905	
BFE:FFF	3070	4095	1	970.914979561086	4.028536156180567	1.155517575660102	
9FF:FBF	2559	4031	1	929.611925545286	3.684263716201855	0.6666999831785039	
7FF:7FF	2047	2047	1	531.2777522996814	2.4250827378869184	0.7607148024349245	
DE7:FFF	3559	4095	1	647.8034336494683	2.691212410646115	0.7237670434237528	
DFB:FFB	3579	4091	1	642.8242856288523	2.6635660226169535	0.7203595253125364	
9FF:EFF	2559	3839	1	823.5835186673102	2.9758454131722893	0.5248338769987102	
5FF:FDF	1535	4063	1	464.81881184487935	1.9038364687285454	0.4711400852420286	
FFF:F5F	4095	3935	1	404.0239031543574	1.6159226348800297	0.36255876269644194	
FEF:7F7	4079	2039	1	610.5812295667656	2.7787449670632047	0.8225660309177155	
DEF:FDF	3567	4063	1	549.1525995553673	2.2475280666168853	0.5226451187669071	
8FF:FFF	2303	4095	1	1017.7796236264626	4.223482968169116	0.8423266728170761	
DEF:FBF	3567	4031	1	492.6182251831746	1.9550912031851744	0.42080161894263385	
3FF:F7F	1023	3967	1	612.7580047889455	2.4821197147066822	0.5655699451364541	
77B:FFF	1915	4095	1	491.23028299271886	2.0428471109633026	0.5791731693276434	
EF7:7FF	3831	2047	1	520.7292543793699	2.3773813127632284	0.529870459586432	
FEB:FFB	4075	4091	1	507.1045124214302	2.1020471891133394	0.5657811754746062	
DEF:7DF	3567	2015	1	593.8106112526651	2.5059858393441505	0.6126883028933252	
1FF:FFF	511	4095	1	984.6252394174146	4.094541148715797	1.1542395495374895	
FE7:FFB	4071	4091	1	501.29621117804123	2.0779925962068275	0.5518900358377588	
7FD:7FF	2045	2047	1	563.4111878800271	2.5716635304724025	0.8544838128889196	
3FF:FFE	1023	4094	1	835.5019653181029	3.4717797835737207	1.0509929982950645	
3FF:77F	1023	1919	1	821.3455886338697	3.56263092451765	1.0138943170576562	
2FF:FFF	767	4095	1	782.6490256548836	3.254112045946651	0.7739936185038886	
EFF:7FE	3839	2046	1	721.7529389578796	3.2911561729567835	1.021979062531013	
FFB:FF5	4091	4085	1	398.2281437335459	1.6514791516424063	0.3515021686877525	
EFB:FFD	3835	4093	1	548.0363305875704	2.275589169428079	0.5871704428846912	
F3F:7FF	3903	2047	1	580.466122031134	2.650209170448313	0.6842205910199083	
6FF:7FF	1791	2047	1	553.0820419347368	2.524455053412268	0.7291678225549668	
F7F:FFF	3967	4095	1	530.0377452925245	2.202733357334715	0.5875949563440334	
FED:7FF	4077	2047	1	658.7463479381698	3.0077054382648916	0.9567541604853275	
1FF:FFE	511	4094	1	879.4807399015534	3.65485096083507	0.9208296999837497	
FED:FFE	4077	4094	1	448.4022048020166	1.862568850172494	0.4428647526611656	
7FF:7FB	2047	2043	1	526.7865379718239	2.392407455936217	0.747948654996199	
B7F:FFF	2943	4095	1	950.4616156320459	3.9440873875207405	1.0207768321099446	
E3F:7FF	3647	2047	1	646.2048358933534	2.950284659816736	0.742654397443115	
3FD:7FF	1021	2047	1	758.6122351237634	3.4617017995592687	0.8614622580623797	
3FF:77B	1023	1915	1	645.2224818163543	2.789753598270132	0.6258680484886531	
3FF:7FF	1023	2047	1	687.4591492482872	3.137249604456588	0.7096175123588163	
77F:7FF	1919	2047	1	417.87147962478656	1.9074000940694564	0.4189668673483273	
2FF:7FF	767	2047	1	1134.2365846709477	5.173736157288037	1.619975925329449	
1BF:FFE	447	4094	1	942.8847748319469	3.9176363528151397	0.8191190869546112	
FEF:7FE	4079	2046	1	622.8409225925662	2.840212290865086	0.8559164017442468	
37D:7FF	893	2047	1	1175.8243811001057	5.3602570160010705	1.4776842008673121	
FF7:7FF	4087	2047	1	603.5603051543926	2.7557363824192023	0.8065746386401514	
FBF:7F7	4031	2039	1	652.0947076296108	2.9676567027334477	0.9171996786165143	
3FD:7FD	1021	2045	1	847.3945415212357	3.860425039708411	1.0746874510516413	
6FF:5FF	1791	1535	1	487.05773871052327	2.110088597696723	0.5662922017972495	
7FF:7FE	2047	2046	1	546.5335147224612	2.4915569816193885	0.8050340625043999	
37F:7FF	895	2047	1	1508.5199340013087	6.869935251115724	2.4329041590779483	
375:7FF	885	2047	1	1293.4103573616167	5.894482567194083	1.7708251058207691	
FFD:7FF	4093	2047	1	747.0623275741171	3.4108710999815393	1.2392981286423517	
1FF:FBF	511	4031	1	791.7468252052602	3.145159461781654	0.7474922221878645	
F7F:7FE	3967	2046	1	644.4102724550423	2.938532975360239	0.8697263447316944	
AFF:7FF	2815	2047	1	1263.7324758007876	5.770125916851657	1.6475852322710467	
3ED:7FF	1005	2047	1	825.7498227848417	3.7676899708651557	0.993430808998394	
1FF:7FE	511	2046	1	1370.0880180345591	6.243283915195281	2.2285646965325774	
2FF:7FD	767	2045	1	490.26949817629145	2.2341431684027597	0.3031133224920652	
37D:7FD	893	2045	1	1324.465430590356	6.026072931153919	1.8736877172474795	
1EF:7FE	495	2046	1	1030.0465279496739	4.695100373151975	1.2045054579174883	
27F:7FF	639	2047	1	2020.7214843732986	9.192651221107404	3.0603443297003605	
B7F:7FE	2943	2046	1	1206.1577007957706	5.500152727054079	1.655680436269939	
3E5:7FF	997	2047	1	983.6347531895419	4.486849968975174	1.383623429099235	
7ED:7FF	2029	2047	1	533.1669207710155	2.433678682220336	0.7564643406816194	
1DF:7FE	479	2046	1	1137.0750423599936	5.182212757325422	1.3493436170521136	
FEF:7FC	4079	2044	1	556.4910123651603	2.533722218366635	0.6832448674306345	
6FD:7FF	1789	2047	1	522.5322210054866	2.3850798344659747	0.6499406570153506	
AFF:7FD	2815	2045	1	1263.1811691700907	5.758745978578996	1.6461846957882278	
1FF:7EE	511	2030	1	1106.375246948255	4.9486691949866275	1.454141620151077	
0EF:7FE	239	2046	1	1030.724771162209	4.701305680827588	1.4123651125858516	
27F:7FD	639	2045	1	1655.911546134564	7.530563060395175	2.059105133281913	
1DF:5FE	479	1534	1	1030.8970209845907	4.455234254879974	1.1084435529061578	
1AF:7FE	431	2046	1	1484.6204837920318	6.763050190219551	1.91602588827337	
9FF:7FE	2559	2046	1	2103.4737094008947	9.601015122281698	3.455438671321783	
3EC:7FF	1004	2047	1	731.9216219642886	3.3399605056444077	0.7805772277832892	
7BD:7FF	1981	2047	1	578.9455334079836	2.642284771851596	0.8300226125743518	
3DF:7FE	991	2046	1	1107.802178760685	5.045481071839493	1.7181755454901906	
2FD:7FF	765	2047	1	1170.2828357067667	5.337813320538764	1.7178470483473751	
1FF:7FF	511	2047	1	1458.1550198471498	6.652131303567127	2.5239808377230046	
0ED:7FE	237	2046	1	1056.6995935389148	4.819819463037825	1.4756454521638067	
0E7:7FE	231	2046	1	1088.7260378454923	4.965780211794081	1.5111636833771327	
1DE:7FE	478	2046	1	1456.3011805104434	6.634778570972784	2.212854480072837	
8EF:7FE	2287	2046	1	2605.015398850492	10.03813379634482	3.5286332218581196	
3F5:7FD	1013	2045	1	637.8759411120432	2.906572533241344	0.5983980678963361	
0EF:7FA	239	2042	1	980.4465695652135	4.449264548419896	1.2779698371814368	
0EF:7FC	239	2044	1	1128.2163636398896	5.138335767563023	1.6924533534552122	
4EF:7FE	1263	2046	1	757.1279313122119	3.450691823270357	1.0554558729049162	
375:7FD	885	2045	1	1350.384347275121	6.14358923547108	1.9297942657923461	
0FF:7FE	255	2046	1	747.4200375885821	3.408582981161481	0.7674635464500265	
0EF:5FE	239	1534	1	685.0485694043088	2.962906021636846	0.6237072877286732	
0AF:7FE	175	2046	1	1880.3153417671679	8.58189333011011	2.9686146754669975	
0EE:7FE	238	2046	1	1221.2491130947074	5.570765615786178	1.9881704261745194	
2EF:7FF	751	2047	1	1109.6260961901967	5.06161518552241	1.4969972017458217	
1BF:7FE	447	2046	1	1071.788324929547	4.884567681640176	1.055392400375769	
3FF:7FD	1023	2045	1	948.7095423437517	4.321288053062976	1.3506616276961234	
1ED:7FE	493	2046	1	1235.6398486436074	5.6313107603933545	1.7241114526773238	
0E7:7FC	231	2044	1	980.9530203681479	4.150263097870718	1.058819622366056	
0BF:7FE	191	2046	1	1670.323669603296	7.62254356785895	2.4317677733033194	
8EF:7FA	2287	2042	1	2260.7048121110824	10.266490050144432	3.7288444129739364	
0ED:7FC	237	2044	1	1197.9105417162798	5.45582288590756	1.8967489106531714	
0AF:7F6	175	2038	1	1886.8097628798319	8.58369663680852	2.989277870605458	
08F:7FE	143	2046	1	2311.7918636657	10.549712771059534	3.326225589838095	
0FF:7FF	255	2047	1	1079.3286924302924	4.929338056114777	1.6010839750705828	
0AF:7FC	175	2044	1	1709.043802847902	7.787091393190855	2.4517729300723534	
0AF:7FF	175	2047	1	1647.5931233659921	7.5276783609360685	2.2783371044589256	
8EE:7FE	2286	2046	1	2338.886572886397	10.676197399934127	3.9902442399829736	
0AF:5FE	175	1534	1	1357.767293119292	5.870876825897612	1.5427599910950698	
1CE:7FE	462	2046	1	1679.9101700869617	7.65084055683793	2.799118639530351	
0AF:7FA	175	2042	1	1634.9570551770487	7.422747045695418	2.2436062975074678	
0AE:7FE	174	2046	1	1491.5628149610814	6.805414063169191	1.873920550915483	
0A7:7FE	167	2046	1	2080.5192706642133	9.496188032678385	3.405685230185015	
0AF:6FE	175	1790	1	806.2355874516477	3.076166861217279	0.5456109681523955	
0AF:7EE	175	2030	1	2051.095054016563	9.18741576758316	3.533970237209496	
02F:7FE	47	2046	1	2831.999029379968	12.928234254541835	5.084933155453143	
0AF:7BE	175	1982	1	1159.0967001933611	4.701077730595702	1.1278389955111052	
8AF:7FE	2223	2046	1	1872.2065989315684	8.542281323134612	2.382844222147777	
0AB:7FE	171	2046	1	1549.53638877854	7.069964286608061	1.9554769934578713	
0BF:5FE	191	1534	1	1029.960278535424	4.453662846379844	0.9218712667119209	
1AF:5FE	431	1534	1	1311.1609847246875	5.6636726414149825	1.4931816944726868	
0AF:5FF	175	1535	1	1869.6621827469198	8.095533040275267	2.9244299835469576	
0AF:5FC	175	1532	1	1261.00472663761	5.441142704520238	1.3308674152070894	
0AB:5FE	171	1534	1	1735.9552400024338	7.5047382472249415	2.446968577611789	
0AF:5DE	175	1502	1	908.6553062263195	3.7323028224693675	0.6927526546188939	
0E7:0FE	231	254	1	994.0080912263963	4.085083265890327	1.2482189292473305	
0E7:0FA	231	250	1	783.965486945069	3.1117044466995334	0.77824003517381	
0E7:0F6	231	246	1	990.7849499227323	3.9422955267541875	1.2400383304855258	
0E7:0FC	231	252	1	1049.337460217557	4.239922338454733	1.3907081430914536	
0F7:0FE	247	254	1	1064.3118287617808	4.3711717895672315	1.4808254078549743	
067:0FE	103	254	1	2524.6819268706167	10.309838682234	3.2473317169018854	
0A7:0FE	167	254	1	1809.212871847692	7.400670211175833	2.514932328421838	
4E7:0FE	1255	254	1	703.7769292187211	2.9014757406787495	0.9046184366504622	
0AF:0FE	175	254	1	1610.7310300400006	6.597577403747838	2.133761884904768	
8E7:0FE	2279	254	1	1983.251783965002	8.179779811699172	2.741047031904644	
0E7:0EE	231	238	1	1029.8150041253425	4.226359080760035	1.3382912309507387	
0C7:0FE	199	254	1	1444.0738501517153	5.918141434804742	1.8499999425431963	
2E7:0FE	743	254	1	1266.7887652933878	5.21634306263877	1.910171518847716	
1E7:0FE	487	254	1	1279.721302244694	5.263934852835847	1.7955669740963376	
0E5:0FE	229	254	1	1065.7755636670975	4.378268319072704	1.4256385592860892	
0E7:0FF	231	255	1	1017.7493968516814	4.21746773115353	1.3081175665795242	
0EF:0FC	239	252	1	844.9016561378553	3.4175273812811198	0.9419495466988309	
067:0FC	103	252	1	2296.7017299730346	9.240192408233268	2.6971286320823307	
067:0FA	103	250	1	2660.937012272145	10.47651076242732	3.610152946768817	
0E7:0FB	231	251	1	1136.5672292432337	4.540649519774145	1.6305238744813781	
0A7:0EE	167	238	1	1695.481055321088	6.931977256083842	2.2082995759939035	
CE7:0FE	3303	254	1	907.7648858332755	3.743908574767872	1.2296284615731028	
8E7:0FC	2279	252	1	1857.0074450655825	7.532259421585829	2.4030949936643045	
067:0EE	103	238	1	2502.0467983767917	10.202833295884535	3.1835121059032514	
067:0FF	103	255	1	2472.0951624916815	10.183591203052316	3.113615062943992	
067:0FD	103	253	1	2991.5284765205392	12.072418557192611	4.537861507567156	
067:0FB	103	251	1	2813.767746699743	11.157891701251895	4.027707787601542	
02F:7FF	47	2047	1	3137.648111235598	14.34424866338964	6.244112246648035	
027:0FE	39	254	1	2975.1437208861166	12.204286471170127	2.811651953531063	
027:0EE	39	238	1	3573.769294709744	14.609219699190758	4.033536311430668	
02F:0FE	47	254	1	1998.3983882124578	8.218660928039611	2.5089096159186552	
02F:0EE	47	238	1	1680.779671931407	6.909276854105364	1.775714363049647	
027:0FC	39	252	1	2690.925680744408	10.86907592992662	2.309132684431362	
027:0EC	39	236	1	3212.553601933631	12.933504405486161	3.276179304883302	
06F:0FE	111	254	1	1936.4568361916363	7.936435654431962	2.5173896040735295	
067:0EC	103	236	1	2286.9012257358013	9.182770513101067	2.6694788729710304	
22F:0FE	559	254	1	1908.899446207483	7.872223367928501	2.420196643725969	
427:0EC	1063	236	1	943.792802040965	3.8226355292269982	1.2449062100515536	
02F:0EC	47	236	1	1661.654780139045	6.715589768874105	1.7369683272940548	
02F:7FD	47	2045	1	2679.236942595513	12.226160969058398	4.550283207556167	
02F:0FC	47	252	1	1773.9728456175305	7.179640667005982	1.9799816947497388	
02F:7FC	47	2044	1	1925.7446274364704	8.772589223767252	2.348575396581919	
02F:06E	47	110	1	902.8993774569466	3.216088979740624	0.5118122681437913	
00F:06E	15	110	1	499.7439234254199	1.7821968999746276	0.20117067794423202	
00F:02E	15	46	1	479.18084003870604	1.6721768370925985	0.18469613575843274	
027:02E	39	46	1	1131.6796660784314	3.931620430236559	0.39706296830297805	
82F:02E	2095	46	1	724.9125041086949	2.5306562905723986	0.33878126520975765	
06F:02E	111	46	1	651.6639539269407	2.2730636450296298	0.28876245209943363	
02F:02F	47	47	1	898.9755699052637	3.397906245406235	0.5003016670982517	
02F:00E	47	14	1	1786.215937748083	8.307910059124293	1.9926496028039673	
02D:02E	45	46	1	823.7102374857812	2.867190623122513	0.3754886488453743	
03F:02E	63	46	1	638.4866772257699	2.2256610567083475	0.2250550133133545	
10F:02E	271	46	1	1495.4453661817997	5.22024830156633	0.6057166127487069	
22F:00E	559	14	1	1909.7987545335764	8.912913494712903	2.4198441768681573	
04F:02E	79	46	1	975.8636889264483	3.4067712299459068	0.4701298773660401	
01F:02E	31	46	1	1025.9099905333621	3.5790911029520647	0.48645196929522305	
82F:00E	2095	14	1	1928.7320159363057	9.001053037088125	2.396314513078615	
00F:00E	15	14	1	1467.3343034202994	6.800271701863357	1.6881346945542035	
00E:02E	14	46	1	556.0159587241046	1.940229003061825	0.26605696944155854	
03F:00E	63	14	1	1730.1686626915805	8.053800987945117	1.6546281598979333	
00D:02E	13	46	1	536.7015627232882	1.872832606722013	0.19638791780300974	
86F:02E	2159	46	1	686.3690373588882	2.3960725582579383	0.31237627935820816	
007:02E	7	46	1	1141.1440515145919	3.980636179897214	0.41003788770592803	
42F:02F	1071	47	1	547.375051193213	2.0764308590025333	0.42143046521296346	
0AF:00E	175	14	1	1370.0809172611357	6.393332727184142	1.574427704848072	
007:00E	7	14	1	2844.91612735976	13.137175378790442	2.4267120288781023	
04F:00E	79	14	1	2146.387107692595	9.986987380128216	2.243632857314559	
047:00E	71	14	1	3529.3504484528225	16.468713442717686	3.9235495713460433	
407:00E	1031	14	1	900.3027018775442	4.201463563310647	1.099029253523194	
005:00E	5	14	1	7272.7631587693395	32.53875866279507	8.398385966593603	
087:00E	135	14	1	1854.9471494752065	8.655388740113892	2.0198807401973773	
8AF:00E	2223	14	1	1529.2152620243835	7.135132097883811	1.588665450875901	
205:00E	517	14	1	1911.3517524512029	8.919372763475332	2.252139939682546	
004:00E	4	14	1	4187.602778797366	19.202250044053187	3.670905218384535	
006:00E	6	14	1	2803.628975429244	12.930477937044637	2.7441361036250695	
00D:00E	13	14	1	1817.4925285077575	8.406007605179118	2.181694612912389	
045:00E	69	14	1	3603.9997408292597	16.81720333301465	4.040994304894775	
085:00E	133	14	1	1891.5498346743943	8.826313495764348	2.0882666393457487	
046:00E	70	14	1	3579.158856259375	16.701583383097038	4.07642867987649	
27D:7FF	637	2047	1	1493.1077151883628	6.8035850870536	1.6714601094417891	
77F:FFF	1919	4095	1	88.63399595014562	0.3683958319968965	0.018878814972116346	
DFF:F7F	3583	3967	1	62.694503610414245	0.2538237259132039	0.006885406396081158	
0EF:1FE	239	510	1	36.51510197053579	0.11687454728271925	0.0017749047086806943	
067:1FE	103	510	1	116.16974606672784	0.371827386140189	0.007082530875037951	
7FF:F7F	2047	3967	1	1.025615054264549	0.004151895438448227	2.8387039364220053E-6	
7FF:7BF	2047	1983	1	19.547902894231886	0.07927862802355572	0.0010311961266124803	
0AF:1FE	175	510	1	49.35607477729809	0.1579735855547817	0.002044014494858105	
7FF:7EE	2047	2030	1	60.66357223376148	0.27130348202094673	0.009922592091958345	
FFD:F7F	4093	3967	1	47.510988008538845	0.1923520639955431	0.005013857595408483	
EFF:DFF	3839	3583	1	12.696177397322307	0.04622036549861245	3.1666944949302266E-4	
FFF:FEF	4095	4079	1	20.96408023312862	0.08638131606316476	9.768299568872008E-4	
005:00C	5	12	1	1.8663678761685896	0.00757757734634714	6.446624871052295E-7	
9FF:FFE	2559	4094	1	1.1962412265941957	0.004967861168472607	1.1147839015871402E-6	

