BMLVN	12	x2
metabolism	0.9970000
mutations	0.0000100
catastrofic	0.0000100
minWeight	0.1
start biomas	2.0	_
env.size	25000.0
feedSourceH	0FF
0C7
0B5
023
011
feed port max	50000.0
timeQuant	0.01

key	suscepBits	activeBits	maxsize	popBiomas	currincome	currloss
FFF:000	4095	0	1	18093.63085792872	386.3782043457031	222.1310060941958	
0FF:000	255	0	1	8860.567117129112	147.99618530273438	214.00697703932934	
00F:000	15	0	1	25000.0	148.27684020996094	5.557036237275762	
777:000	1911	0	1	15696.763651554016	51.48887634277344	214.8520566542777	
555:000	1365	0	1	14790.648696085533	232.0323944091797	215.6700943486561	
0FF:0FF	255	255	1	778.625671419898	3.5075224805239427	1.6128438569265224	
0FF:1FF	255	511	1	756.0423417369553	3.3348290365411715	1.5244374630573152	
0FF:0F7	255	247	1	717.5473825828795	3.09004620177378	1.3705243080074287	
0DF:0FF	223	255	1	891.8710225692539	4.016359811301146	1.8397326113931294	
0FF:0FE	255	254	1	770.7500013230939	3.453397165650024	1.580496019466798	
0FF:8FF	255	2303	1	744.0464867077937	3.945781274486836	1.4763319263757009	
8FF:0FF	2303	255	1	3408.5755283662825	15.312043396702757	5.756053294192243	
0FF:0DF	255	223	1	554.3385829264042	2.073768748097704	0.8192205123081885	
0FF:0EF	255	239	1	654.2571896739333	2.6830839901395453	1.1400645079706178	
07F:0FF	127	255	1	1650.7779013909496	7.416253609795935	3.3458129374871666	
0FB:0FF	251	255	1	789.6409065240749	3.557046183436796	1.635016066276647	
0FE:0FF	254	255	1	781.1562046927305	3.518900289942047	1.6175775985257155	
0FF:4FF	255	1279	1	1683.8646557865616	12.40200432220782	7.556509431687679	
1FF:0FF	511	255	1	1108.6427405803893	4.993809389369383	2.2436057029747682	
0EF:0FF	239	255	1	827.6448742026448	3.7278671536475305	1.7137333166789455	
0FF:0BF	255	191	1	380.7924669112826	1.1725550942922494	0.38718837080722945	
4FF:0FF	1279	255	1	1529.3765578751354	6.894301812603071	3.48378458181389	
0FD:0FF	253	255	1	784.2896837982046	3.5329847059211756	1.624040917102381	
0FF:0FB	255	251	1	748.0009067631976	3.298576393633845	1.4888881547037207	
0FF:07F	255	127	1	741.488346023979	3.334097531121818	1.4660158658629148	
0BF:0FF	191	255	1	1064.425928304136	4.790819582174069	2.1940640421131956	
0BF:1FF	191	511	1	1033.5477230842614	4.55696147405116	2.0758114524196283	
0FF:1FB	255	507	1	729.0209465741486	3.152750958092693	1.417644927336042	
0FF:0FD	255	253	1	762.8902142476153	3.399105744136029	1.5485399360598147	
2FF:1FF	767	511	1	1892.144597692585	8.33535696307867	3.4979018112863414	
0FF:3FF	255	1023	1	997.5199358620597	5.5399730676557635	2.6531564747163974	
07F:1FF	127	511	1	1603.0799971802699	7.061727475747761	3.172961376963685	
2FF:0FF	767	255	1	1943.7930340104826	8.7345903287723	3.6709965743826256	
0FF:5FF	255	1535	1	2209.5509538610445	19.610104906468944	13.005783590697108	
0FF:2FF	255	767	1	875.3893192893216	4.648576542327457	2.0423938334764054	
0F7:1FF	247	511	1	777.4947408566863	3.429362739630046	1.5666739973747033	
07F:0FE	127	254	1	1633.8190286542874	7.301294468906519	3.2782158128728556	
0FF:1F7	255	503	1	711.645153625153	3.034945148936503	1.3510461884689267	
4FF:1FF	1279	511	1	1484.9194360340239	6.557917229523562	3.2951879301041096	
0FF:1FD	255	509	1	744.4299166104618	3.255886114975033	1.4780771404322863	
0FF:1DF	255	479	1	599.2605615246586	2.3344644381288946	0.958699014475615	
0DF:4FF	223	1279	1	1931.8788112688446	14.225920530084027	8.6507874067762	
1FF:1FF	511	511	1	1076.5206665098708	4.733136478219961	2.1059259461264404	
0DF:1FF	223	511	1	865.6765759871839	3.817805650691416	1.7382159670097397	
8FF:1FF	2303	511	1	3325.0190394833608	14.676376160692968	5.544745655059906	
0FF:1EF	255	495	1	643.452532049792	2.6049572893559083	1.1049178968933637	
2DF:0FF	735	255	1	2336.9010402305767	10.493694966821915	4.374677989402085	
1FF:0FB	511	251	1	1061.2587537797308	4.6797120279126165	2.056531735328323	
0FE:1FF	254	511	1	758.2085351664078	3.3443730831763876	1.527748663886124	
0FF:17F	255	383	1	406.73117498986596	1.206249439657257	0.44247564019278196	
0DE:0FF	222	255	1	891.5972826966184	4.015142077508542	1.8312227512717547	
0FF:9FF	255	2559	1	742.5848820779551	3.901118667034095	1.4714018749293163	
0DD:0FF	221	255	1	898.7830769241864	4.047415401396927	1.8524030760985406	
0FB:1FF	251	511	1	766.2986989719114	3.380023412582991	1.5436696379929462	
1FE:0FF	510	255	1	1111.739562737819	5.007750560151515	2.2472390647597105	
0EF:1FF	239	511	1	803.1912786909604	3.5425814326638143	1.618219563800391	
0FF:0FC	255	252	1	754.8990124204875	3.3452969215985924	1.5163767495853377	
0EF:8FF	239	2303	1	791.3118265477622	4.1963928984467485	1.5707533952477986	
0FF:0D7	255	215	1	484.0056996928452	1.7161800125675175	0.6248259410829637	
0DF:2FF	223	767	1	1001.7738553183641	5.319068483476104	2.326397070218603	
0B7:0FF	183	255	1	1101.7308402379551	4.958287368212549	2.261663771868277	
1FD:0FF	509	255	1	1113.6703356335765	5.016449046920336	2.2454796671426487	
0DF:8FF	223	2303	1	850.1766829498795	4.509384844240402	1.6777872821012723	
0FD:1FF	253	511	1	758.6286146531368	3.3462126757890793	1.523313550273876	
07E:0FF	126	255	1	1638.8192939248413	7.363108904792053	3.2747464604260443	
CFF:0FF	3327	255	1	3182.3723605384207	14.365558643628807	6.357790383223469	
07F:4FF	127	1279	1	3598.5676036881823	26.535820943961326	16.05579210744872	
0FE:0F7	254	247	1	717.9756820417936	3.091890402562776	1.3672913652010432	
0FF:0E7	255	231	1	590.076822602239	2.301629193145641	0.9278577179881264	
17F:0FF	383	255	1	2185.1994830013505	9.837069259508329	4.442341132331504	
07F:0FD	127	253	1	1601.2457511039477	7.1169066222659305	3.1497536942024444	
4FF:0EF	1279	239	1	1056.042345850316	4.333313717979425	1.6619889588329266	
0BF:0FD	191	253	1	1037.4067102740457	4.61852747616707	2.084602424805677	
09F:0FF	159	255	1	1263.4834507897554	5.683667529838831	2.577119586448916	
0DF:0FE	223	254	1	879.3475344595965	3.9387733546782386	1.7885961295480437	
0FE:4FF	254	1279	1	1689.2636726117555	12.441712166340716	7.578072900304021	
1FB:0FF	507	255	1	1118.5298040520272	5.038340028566717	2.247809989240216	
03F:0FF	63	255	1	3443.5223686359714	15.382010422026278	6.543655519429495	
4FF:0F7	1279	247	1	1392.3719957130018	5.999853900435667	2.888667579745543	
8FF:8FF	2303	2303	1	2804.373640159725	14.514174958124292	3.5832398936308274	
8FF:0F7	2303	247	1	2763.808248004567	11.881604630067555	3.7933567629597165	
0FF:0F3	255	243	1	653.7498643499085	2.754362286568589	1.1379711391910243	
0FB:07F	251	127	1	550.8074464352054	2.476537390516674	0.7970688946086173	
0FE:8FF	254	2303	1	741.9243845556493	3.9344846888228444	1.4626947571988826	
1FF:0F7	511	247	1	1005.4664133489971	4.3297866574209225	1.8465632337769324	
1FF:0DF	511	223	1	733.5534034853616	2.7442344738918747	0.9844314099714614	
0EF:0F7	239	247	1	751.8933701142112	3.237717147588924	1.4152832152065358	
0FE:0FD	254	253	1	761.3069967957547	3.3920702092961466	1.5366462396514284	
0FE:0FB	254	251	1	740.2751288713797	3.264577192288616	1.4531214235534893	
0FF:0BB	255	187	1	17.924699342382397	0.0537414234370601	8.578039711080838E-4	
2FF:4FF	767	1279	1	4541.75812332911	33.490745769649386	20.2424927206673	
8F7:0FF	2295	255	1	3197.8111271753896	14.373874240432338	4.81367434948762	
077:0FF	119	255	1	1723.749176566775	7.743048288891453	3.442752017197781	
4FF:0DF	1279	223	1	937.2183831249494	3.50756510447306	1.3099831791909	
8BF:0FF	2239	255	1	5561.246003409973	25.09264710588105	8.573679404414388	
07F:0DF	127	223	1	1087.3124744867525	4.065194175613675	1.4607712752864945	
0DF:0FD	223	253	1	851.674056605117	3.7937776347308234	1.6779844872290812	
8FF:0EF	2303	239	1	1299.8606552134845	5.3295633060269125	0.8425600208371843	
0BF:0DF	191	223	1	719.4702375868305	2.6908661739173056	1.0056738223029738	
0F7:3FF	247	1023	1	1015.8726028155779	5.641726289271881	2.673970731979571	
0DF:0F7	223	247	1	815.4192176580335	3.5106708863099017	1.5389327644889084	
0FE:0DF	254	223	1	499.6410406823645	1.8692779700088826	0.6631680319877262	
0FF:0F9	255	249	1	684.3587793725875	2.984830887794992	1.246518754960322	
0FF:077	255	119	1	200.75852744332718	0.6190261271850862	0.10763969968228844	
0FF:8FE	255	2302	1	737.104021547518	3.9050644089743827	1.4488835700366869	
07F:0FB	127	251	1	1558.2217024688225	6.8560628016625165	2.9842451847825697	
0FF:CFF	255	3327	1	1640.5917847084131	12.667619877273047	7.18087322991251	
8FF:0DF	2303	223	1	1136.3688839025156	4.252161415385011	0.647085882295627	
0BF:0FE	191	254	1	1038.9453712590775	4.651382038435296	2.090590258649041	
07F:0EF	127	239	1	1298.775704408754	5.31960352568491	2.0789115049620803	
0FB:8FF	251	2303	1	746.092884590474	3.9565503835539926	1.4632003513126013	
0FF:6FF	255	1791	1	2192.1907138622814	19.514477802647676	12.804602754142728	
4FF:0FE	1279	254	1	1484.307736510758	6.655250110746199	3.2815619382787773	
0EF:0FE	239	254	1	812.6737309577617	3.6408590161969574	1.652436040867529	
4FF:8FF	1279	2303	1	1388.3816750176452	7.3647656868223725	2.874695649612443	
0FD:0FB	253	251	1	742.1026954260084	3.272621331442449	1.4544518127151667	
0BF:8FF	191	2303	1	973.7670868398952	5.164509343523129	1.844772496083086	
0FF:2DF	255	735	1	628.8218602277257	2.983012753950715	1.0544793117627793	
0EB:0FF	235	255	1	821.8058036140172	3.7016560714841327	1.6639682978111512	
07F:0F7	127	247	1	1339.4665190122455	5.760135492629161	2.2083015276760514	
0FF:4BF	255	1215	1	1346.4498412289088	9.042153659949323	4.834306954119379	
0FF:0DE	255	222	1	474.8796192811259	1.7662851004182307	0.6012278577096769	
0ED:0FF	237	255	1	819.6458402550156	3.6919352656743225	1.6673233247646921	
0EF:4FF	239	1279	1	1770.380531384555	13.037990288671033	7.8559081996753015	
0FE:0BF	254	191	1	157.97169911277587	0.4863727397102089	0.0663871446788029	
0D9:0FF	217	255	1	655.3849560508536	2.953131387248103	0.9689835667456609	
0FF:1DB	255	475	1	461.36803410021884	1.7604783569235463	0.5681399905430771	
0E7:0FF	231	255	1	837.3336413105737	3.7714433286354083	1.698890936665269	
17F:1FF	383	511	1	2019.8753334864277	8.818582194491537	3.719787917076988	
27F:0FF	639	255	1	7387.229914216488	33.322718149128235	9.41429959937781	
0EF:0EF	239	239	1	629.2438911432284	2.5801302812712814	0.991337145415177	
07F:8FF	127	2303	1	1428.5935532854098	7.57579923347878	2.5272587344164976	
0BF:4FF	191	1279	1	2296.9683423024067	16.909062905770064	10.24609260137525	
07D:0FF	125	255	1	1650.2228061688345	7.414118499520698	3.2932672832938	
2FF:8FF	767	2303	1	1279.8387697888083	6.783470951734149	1.603778570648536	
8FF:07F	2303	127	1	2027.673175538913	9.117543004330573	2.0589745616121955	
0FE:0FE	254	254	1	726.6453847966881	3.256121247997511	1.3997966049140103	
4FF:0FB	1279	251	1	1193.283999822872	5.266261320463869	2.1207463696956164	
0FB:0FB	251	251	1	714.1313530121527	3.149313771088217	1.337510630378296	
0FD:8FF	253	2303	1	688.8046760547863	3.6523394806698533	1.2553822216672539	
0FB:4FF	251	1279	1	1697.6624178642467	12.503271488287865	7.570659640554336	
05F:4FF	95	1279	1	4305.332648248219	31.73281993396774	17.20308925981891	
0FB:2FF	251	767	1	569.041089391924	3.0206009615753824	0.8498011551951755	
0DF:0EF	223	239	1	694.6625635892723	2.848554107547708	1.1176866358687456	
0FF:07E	255	126	1	543.980016596026	2.3523856594619876	0.788951616679678	
8FD:0FF	2301	255	1	2885.18545068668	12.9748066536274	4.095187459653416	
0F9:0FF	249	255	1	760.2902560647168	3.425117493758234	1.5041709976043307	
8FB:0FF	2299	255	1	2283.1773598515165	10.27712700577696	2.552687192743304	
0FF:47F	255	1151	1	1401.5041695188338	10.110904802592664	5.239024739653205	
1BF:0FF	447	255	1	1445.343854110397	6.508532516605276	2.77898419477132	
0FB:0FE	251	254	1	724.259572974043	3.245502582063502	1.3756302947890966	
2FB:1FF	763	511	1	1707.6272085466587	7.524253460129211	2.7896982713887533	
0DF:07F	223	127	1	783.8977432149325	3.5252120154431514	1.425790833252036	
07F:0BF	127	191	1	95.58499032622	0.29423034830875844	0.011324600998956692	
0BF:0EF	191	239	1	684.2955058014147	2.8060655803935606	0.9087219687304585	
0BD:1FF	189	511	1	736.8818994265343	3.2493713597428022	1.0443006158380146	
0FF:4FD	255	1277	1	1610.4534131734874	11.841260161200758	6.910242107695123	
2FF:3FF	767	1023	1	1796.1712187351388	9.90428323345297	3.091106634246468	
0FF:87F	255	2175	1	330.63403910681734	1.5692845770883375	0.29135250374090577	
0EF:1FB	239	507	1	662.3432971406289	2.8642122424613574	1.1003702139925706	
0AF:0FF	175	255	1	609.8793564030597	2.748071214094187	0.6594236660858188	
07E:1FF	126	511	1	1291.5710415268588	5.691952416564023	2.0457982721608983	
0FD:0EF	253	239	1	458.4015919499801	1.8804029149670871	0.5554798882755388	
1FF:3FF	511	1023	1	1309.8793343958168	7.260070856519806	3.1250352898494986	
0FD:0F7	253	247	1	365.7975288815632	1.5759523234741608	0.3535588119441883	
87F:1FF	2175	511	1	1226.744113975919	5.4075462938293	0.40525502415615977	
1FD:1FF	509	511	1	497.521016946846	2.1923888416305344	0.44744696496672914	
4DF:8FF	1247	2303	1	511.4572470279565	2.7093700697532426	0.35984463421295054	
2FF:0FB	767	251	1	758.0278011583416	3.3430209044008796	0.5607540618909541	
0BF:0FB	191	251	1	877.8310047080219	3.86983980374545	1.4933870147057173	
8FE:1FF	2302	511	1	1349.3203015625515	5.94989332139676	0.9067542145993637	
2FF:0EF	767	239	1	834.0591697238791	3.4197445251761955	0.6792746158662523	
0DF:1FB	223	507	1	253.56522716264973	1.0960337568325345	0.14901327160978337	
1FF:8FF	511	2303	1	779.182656340204	4.130574178199488	1.1105394496131444	
3FF:0FF	1023	255	1	640.1450214587493	2.884861397807344	0.43718906458985135	
06F:0EF	111	239	1	545.2402975416933	2.2357401060720643	0.32278996173650176	
0F7:0BF	247	191	1	4.119290038166481	0.012678760706394216	4.401957725111499E-5	
05F:0FF	95	255	1	1550.930493076156	6.974944076064913	2.211551929413186	
17F:0FE	383	254	1	998.0580662280187	4.47371150545508	0.9278545043939685	
0FF:0FA	255	250	1	214.94129172930676	0.9430686189173889	0.12298670928127628	
2FF:5FF	767	1535	1	5680.5002744478115	50.47256188894035	31.640491963969694	
1DF:0FF	479	255	1	992.9860678023905	4.474226966624768	1.568777127012063	
07F:5FF	127	1535	1	4682.908993818201	41.618391733038926	27.180374843714986	
0FE:1FB	254	507	1	402.085535660278	1.7385154375863352	0.429379132272987	
0FF:1DD	255	477	1	353.85634317029076	1.3663273874586555	0.3340652125370967	
2EF:1FF	751	511	1	590.1427169080787	2.6014049819827405	0.3119291193041358	
8DF:0FF	2271	255	1	479.40108114071234	2.1600537659609604	0.06444607161828773	
0DB:4FF	219	1279	1	1912.9890156847393	14.085915562385555	8.341559872948313	
0BE:0FF	190	255	1	700.7982248960404	3.1573594251769355	0.9473352405497208	
1FF:4FB	511	1275	1	1899.730171107527	13.917604520563927	6.601778358240674	
0FD:2FF	253	767	1	580.9015294266824	3.0836374692339588	0.8917226653918083	
4F7:1FF	1271	511	1	206.76780361392372	0.911416707218795	0.062481682843159116	
4FE:0FF	1278	255	1	939.8301431503173	4.237332818959849	1.311880169229014	
0F5:0FF	245	255	1	365.0887818640761	1.645565277438365	0.3420211879027689	
0FE:07F	254	127	1	66.39072945280579	0.2982776943304311	0.01169287944130724	
07F:0F6	127	246	1	620.7672179247609	2.6585963944539963	0.4755015697776629	
4FF:1FB	1279	507	1	711.2731098750243	3.0762301469286726	0.7544329071836167	
0F7:1BF	247	447	1	20.054911671212885	0.062069357170303	0.0010434106209732596	
2DD:0FF	733	255	1	248.21843971316434	1.11841375200703	0.049149647832012124	
9FF:0FF	2559	255	1	321.1375579888621	1.4469412013186844	0.03889101387230931	
09F:2FF	159	767	1	34.72388574292761	0.18411684649479018	0.0019506603845139876	
0BB:0FF	187	255	1	897.0531249393574	4.039772383834738	1.5291540853944405	
1F7:0FF	503	255	1	589.7117307786469	2.657939523325532	0.6151402040643625	
0FF:8FD	255	2301	1	302.5958571386162	1.6002869303208636	0.24368357859849477	
4FF:5FF	1279	1535	1	3176.9593562694436	27.778467075088884	14.598564847708445	
1FF:5FF	511	1535	1	3170.5454004098715	28.007974665764166	18.24716385225832	
2F7:1FF	759	511	1	57.932305432942364	0.25529761918302524	0.00314835842110507	
07B:0FF	123	255	1	1061.8721996298352	4.780734416302141	1.3480305085870659	
CFF:1FF	3327	511	1	724.3139397395258	3.193201798619409	0.3284035236144202	
4FF:0FD	1279	253	1	127.86411420940097	0.5698333271832965	0.024325205514221387	
2DF:1FF	735	511	1	530.8547808968177	2.339947968694464	0.22760607113638487	
8DF:4FF	2271	1279	1	4714.544006322206	34.65653182075478	6.211993637516999	
1FF:1FD	511	509	1	315.98271166660004	1.3809413975329585	0.1821625701327859	
0BF:9FF	191	2559	1	124.86235415141921	0.654820553494027	0.030235024829821856	
0F3:1FF	243	511	1	425.971648142192	1.8785341696635418	0.46299617589288744	
0FD:0DF	253	223	1	48.932407693411605	0.18301754652655364	0.006335058075872916	
0FA:1FF	250	511	1	369.88623377815736	1.6311184021986795	0.3580485097912246	
0FF:4F7	255	1271	1	1541.141497372809	11.322380597422681	6.326960994692433	
2FE:1FF	766	511	1	285.336545935105	1.2576502115988486	0.079229559569702	
0EF:1DF	239	479	1	224.603776418862	0.8745146218053258	0.12654089414520636	
0FF:3FD	255	1021	1	548.7696656482808	3.0305057845304955	0.8016449915084791	
47F:0FF	1151	255	1	196.09792375449567	0.8836166921754559	0.037850402682684504	
4FD:0FF	1277	255	1	261.85218393272936	1.1800781966109304	0.1015305293371785	
8FF:2FF	2303	767	1	476.26137474583226	2.5257450061702733	0.11323165407639678	
0FC:1FF	252	511	1	435.80864674507427	1.9219820146734319	0.5005423874589975	
0FF:1ED	255	493	1	80.21367145981	0.32173734646577173	0.017146922687227503	
2FF:2FF	767	767	1	45.000205956562986	0.23860091585236912	0.00197647378884618	
1DF:1FF	479	511	1	64.00538957055826	0.28207065695117156	0.006522456398818123	
CEF:0FF	3311	255	1	381.38476390935904	1.7185902056891358	0.0895401031568285	
07F:2FF	127	767	1	609.0167308548712	3.2308450218732205	0.45776187256264916	
87F:0FE	2175	254	1	419.20520975161463	1.8786061358410995	0.04729561351913757	
4FB:0FF	1275	255	1	438.1494967379422	1.9749329258925308	0.28304689975666203	
07F:0FC	127	252	1	90.43075082518061	0.40078841813263033	0.010105032087372193	
079:0FF	121	255	1	338.9882816282576	1.527502213917078	0.1356553635997946	
0DF:0FC	223	252	1	182.53543141130734	0.8091746312015249	0.07715285416316772	
8FF:1FD	2303	509	1	398.9340539571492	1.743439617346526	0.079589871341003	
05F:0FE	95	254	1	470.7829474587507	2.10981512774129	0.20481432869367702	
0BF:0EE	191	238	1	30.202109813105157	0.12313430848182436	0.0017721724866297287	
1F7:1FF	503	511	1	62.799036105876745	0.27675677780017327	0.006978058522798984	
06F:8FF	111	2303	1	93.38327247449828	0.4943874812234418	0.009471800413263802	
0DF:3FF	223	1023	1	605.4738008023952	3.360062296223524	0.8487982851245205	
0FF:4FB	255	1275	1	1471.2625915738024	10.773563412862925	5.764503025962247	
07F:1FE	127	510	1	43.37745807393547	0.1902105922953608	0.002325989216825292	
8FF:8F7	2303	2295	1	51.29159120642806	0.2691951791183977	0.0013107655902625708	
0FF:9DF	255	2527	1	22.13952833772891	0.11445215813075804	0.0013030972090762806	
27F:1FF	639	511	1	40.68268536667341	0.17927341509379202	2.8486091860578975E-4	
4FB:1FF	1275	511	1	251.8748728719647	1.1103220148262913	0.09359013040305651	
0FF:7FF	255	2047	1	2363.763128389469	24.22047996638623	14.862213325478178	
07F:1FB	127	507	1	9.456388348978013	0.040855801894684546	1.1055970492471472E-4	
07F:1F7	127	503	1	198.63013965903488	0.8464373472713392	0.04878172212705513	
1FB:1FF	507	511	1	141.7050204359923	0.6245505217323456	0.03608770457148861	
2FF:CFF	767	3327	1	238.62692260636877	1.834946107423419	0.055373550352299954	
CFF:0FE	3327	254	1	42.337436010384884	0.18971262517874485	0.0011209055518652397	
0FF:1EB	255	491	1	10.753724917039595	0.042632099620588726	3.08153935458922E-4	
0FF:1FC	255	508	1	44.775431783284375	0.19469071819065345	0.005338629470902302	
1FE:0FD	510	253	1	65.17930911038923	0.2904555512993076	0.007730990237583628	
47F:4FF	1151	1279	1	1829.2098979910204	13.365439139757779	3.197788321100982	
2FB:8FF	763	2303	1	13.883694119500444	0.07349626104008376	1.8433237497822045E-4	
2DF:4FF	735	1279	1	478.71335184497576	3.51574538062008	0.18424303609553833	
2FF:9FF	767	2559	1	41.87500450499412	0.21956268196565282	0.00171292585820664	
0F6:1FF	246	511	1	82.69279867450705	0.36446690442686386	0.017630946113960457	
8FF:1FB	2303	507	1	20.13114007386862	0.08697534089387621	2.0261467115544735E-4	
6FF:1FF	1791	511	1	31.79535088075288	0.1401144509443948	0.0011792838053030204	
0CF:8FF	207	2303	1	4.984586927717509	0.02638689501873486	5.358598044918636E-5	
0FF:8F3	255	2291	1	24.754930881639467	0.12951029072627632	0.0016289546858915603	
0DB:0FE	219	254	1	28.537785625481337	0.12788145346004406	0.0018550592192803147	
0F7:2FF	247	767	1	16.177848854339615	0.08577879989716793	6.759730052606349E-4	
077:0FB	119	251	1	22.08776994485728	0.09740713124560432	5.693331116419653E-4	
47F:1FF	1151	511	1	36.005019376024606	0.15866518406788488	0.0012758507481089836	
0BF:1DF	191	479	1	32.29757709159948	0.1257002931083276	0.002027569118652424	
5FF:1FF	1535	511	1	41.86121401081119	0.18447716691815527	0.0027521032313100845	
0DF:17F	223	383	1	3.6868113524903086	0.010923895330710044	3.1575191263703844E-5	
0FF:8E7	255	2279	1	5.2630077613554125	0.0261514141835424	7.366203583605346E-5	
13F:0FF	319	255	1	74.3436106032018	0.3349396249170617	0.002666744059347168	
07E:0FB	126	251	1	11.750553017332498	0.05181941548641029	1.6949102145829298E-4	
06F:0FF	111	255	1	11.579840719776179	0.05216933472993751	1.4584002679106456E-4	
0DE:2FF	222	767	1	7.962343138698853	0.042217257267335585	1.4600026662997732E-4	
9BF:0FF	2495	255	1	9.56552350021154	0.043094070204161915	3.143535752060926E-5	
0BF:0F7	191	247	1	23.103065957540203	0.09948980874738157	0.0010365075924924194	
0FF:2FD	255	765	1	11.680586373128154	0.06155164941822853	3.626170143391689E-4	
0EF:1F7	239	503	1	7.941753583573162	0.03383626973135424	1.580014314333245E-4	
2FF:07F	767	127	1	13.782336506458302	0.061911175513725124	1.858181910123206E-4	
0FB:6FF	251	1791	1	515.5991043825732	4.574577620223515	0.6929818760796137	
1FB:07F	507	127	1	11.04015710992538	0.049593438094786405	2.1917591869577776E-4	
03F:4FF	63	1279	1	1592.283133094179	11.699901900597853	1.4225569293091573	
0EF:3FF	239	1023	1	16.243178907600804	0.09003950152932082	6.592821980250768E-4	
8BF:2FF	2239	767	1	34.37426784872586	0.18225471535975996	3.2603980539331934E-4	
0FD:1F7	253	503	1	16.34960350630219	0.06965996209213336	7.065375903893826E-4	
09B:0FF	155	255	1	34.99853283949747	0.1576812530255598	0.001941010991126448	
1BF:0FE	447	254	1	38.23324303600526	0.17132577279038666	0.0019479065341915368	
1FE:8FF	510	2303	1	6.243798178682101	0.0330527979459269	7.082935254889621E-5	
1DE:0FF	478	255	1	10.104771063353132	0.045524030026692724	1.618882431608201E-4	
0FF:2DD	255	733	1	5.476872568035846	0.025800221759930853	7.981093304739622E-5	
0DF:4FD	223	1277	1	261.31346423867853	1.9163963512871807	0.15737964837494628	
0EF:0FC	239	252	1	11.044243670430083	0.0489445717881335	3.054496297746348E-4	
16F:0FF	367	255	1	11.212614444439257	0.05051475564005154	1.0472478783451164E-4	
87F:0FF	2175	255	1	15.623191309316553	0.07038480631059366	6.567375428204914E-5	
0EF:9FF	239	2559	1	12.014012883055926	0.06299223946672995	3.6088426733018735E-4	
0EB:07F	235	127	1	13.83520420626	0.06214993019487233	4.7203880263944464E-4	
07F:8DF	127	2271	1	3.150921368762199	0.01562544132924193	1.225946465032958E-5	
07A:0FF	122	255	1	11.119752744252988	0.050096585745798436	1.4739229090332136E-4	
0FF:0BE	255	190	1	2.803495259496808	0.008571623085427554	2.0980998419325293E-5	
2BF:0FF	703	255	1	70.09747925775335	0.3158111321213487	0.0031105619891172117	
4FF:1DF	1279	479	1	7.36957875317619	0.02868052478658398	8.089047709608098E-5	
09F:0EF	159	239	1	5.43066047982471	0.022267228040607545	4.782479891435315E-5	
17F:1EF	383	495	1	8.19430395670726	0.033141894768715846	6.265269584362302E-5	
07F:8FB	127	2299	1	7.63552173849735	0.04028084157408499	7.194542535615678E-5	
06F:0F7	111	247	1	13.855844521252958	0.059666363427669976	2.0888667310848852E-4	
0D7:8FF	215	2303	1	12.484401303632092	0.06608977583903274	3.4883252616036683E-4	
CFF:2FF	3327	767	1	28.86171858719214	0.1530281046886803	5.200467199211791E-4	
07F:1DF	127	479	1	7.843924913413371	0.030526519523444335	7.613600691545724E-5	
0FF:3F7	255	1015	1	12.632794147287703	0.06899803748503407	4.239891707249012E-4	
03F:0FB	63	251	1	8.522494378612615	0.037583466705676416	4.091888960429937E-5	
076:0FF	118	255	1	14.874952248700778	0.06701472384813932	2.56272081515321E-4	
03F:0EF	63	239	1	7.429037555709099	0.030460994064994168	3.111242874681394E-5	
2EF:5FF	751	1535	1	1495.3346180318483	13.230561196961078	1.9912713213560687	
07B:1FF	123	511	1	9.73401849764539	0.04289438454224844	1.1378384799921464E-4	
0BF:09F	191	159	1	3.250258694144113	0.007877481393903764	2.0593030451786584E-5	
87E:1FF	2174	511	1	7.414512917078611	0.03267282884172264	1.4788299560241919E-5	
03F:0F7	63	247	1	8.665657126547817	0.03731588544853571	4.2314190797493387E-5	
0DD:2FF	221	767	1	16.03967290758688	0.0850457357717841	5.898023781432811E-4	
07F:CFF	127	3327	1	155.26837524713522	1.1939028862764933	0.029617341460628926	
0FA:1FB	250	507	1	11.511520360665187	0.049735790904174015	3.4657540900657346E-4	
1DF:0F7	479	247	1	39.49273364808053	0.170072313643943	0.0024846186575729077	
4BB:0FF	1211	255	1	22.04987485629375	0.09934025601702313	6.050531119492908E-4	
6FF:8FF	1791	2303	1	4.084579595040276	0.021622399289743643	1.9426113377045928E-5	
0AF:0FB	175	251	1	7.375019868796937	0.032523469542209964	9.659932658595102E-5	
0DF:87F	223	2175	1	3.790143442266324	0.017973481437331965	3.325141370873947E-5	
0FB:5FF	251	1535	1	925.5007741539822	8.195543883880537	2.236624160122224	
0EC:0FF	236	255	1	9.641066376413947	0.043435279427741856	2.3000113411120212E-4	
0FE:17F	254	383	1	2.2542128861021773	0.006679138238404711	1.3519557387783504E-5	
0FF:2EF	255	751	1	7.475852659364215	0.03749053990451119	1.4861288983453291E-4	
07A:1FF	122	511	1	9.861623794279975	0.04345669896814042	1.1595326758522383E-4	
0DF:8F7	223	2295	1	5.1089715732144825	0.02681341144019987	6.03570417960241E-5	
03F:0FD	63	253	1	8.426211411826372	0.0375453526483487	3.9995767489370836E-5	
03F:0FE	63	254	1	11.372337400508096	0.05095803571802336	7.28482337822058E-5	
0FD:8F7	253	2295	1	5.978034016109333	0.031374634544585986	9.4269876356149E-5	
2FF:0BF	767	191	1	1.4300235676949233	0.004401428335073192	2.006140452533782E-6	
8FF:0FD	2303	253	1	10.084243656618298	0.044933195223259725	5.0825701689652796E-5	
0DE:1FF	222	511	1	9.263003839838417	0.0408191809884977	1.979484986095446E-4	
07F:0DB	127	219	1	7.06197840787478	0.02569761487153499	6.1743282941636E-5	
0CF:0FF	207	255	1	11.795750329240175	0.0531427201107854	3.005469012049887E-4	
07F:0DE	127	222	1	6.505109354782903	0.024185405069767858	5.238141309802351E-5	
0DF:CFF	223	3327	1	70.15089160416149	0.539394500511865	0.011327409485669812	
2BF:1FF	703	511	1	11.902065025757956	0.05244798503787591	8.971708634477421E-5	
09E:0FF	158	255	1	6.151678552551572	0.027714384580160283	6.0981464676807745E-5	
0DD:8FF	221	2303	1	7.121467844656347	0.03769910561708157	1.1626742130981518E-4	
1EE:0FF	494	255	1	13.98143460179806	0.06298965880424429	3.327809269112298E-4	
23F:0FF	575	255	1	16.097157770214626	0.07251995563903145	3.6441795078323816E-5	
0EE:0FF	238	255	1	6.813767784920379	0.03069742666461937	1.1581004981536696E-4	
0BF:0BF	191	191	1	6.893320418027791	0.021217001314577984	9.250483199512069E-5	
27F:4FF	639	1279	1	305.3294389675183	2.2416435840175675	0.015952684490656382	
87F:8FF	2175	2303	1	4.477837367924091	0.023704089194052043	5.385072221734587E-6	
8BF:07F	2239	127	1	8.500384949424797	0.03818387698012122	1.9970071394526837E-5	
0ED:07F	237	127	1	5.89858304447163	0.02649686130204832	8.642572546006318E-5	
27F:2FF	639	767	1	13.228439056290888	0.07013755219157417	3.0033410014244326E-5	
0FF:0B7	255	183	1	1.8514345017168947	0.005386051897816339	9.153176358689734E-6	
09F:0FE	159	254	1	9.577932919394986	0.04291791750508266	1.4864607160668128E-4	
0F7:0FB	247	251	1	11.459271991143689	0.05053563522864192	3.3974447775478355E-4	
3FF:4FF	1023	1279	1	286.0607506685203	2.1007052613913944	0.08694897109193768	
09F:0DF	159	223	1	5.57019885998976	0.02083140163569041	5.034987069459604E-5	
0CD:0FF	205	255	1	5.821776749868271	0.026228185718187684	7.25469382707863E-5	
4DF:2FF	1247	767	1	15.823666003531303	0.08389918251360551	3.439640386807098E-4	
0FE:0DB	254	219	1	5.258904102924923	0.019136562573325272	7.348048447063906E-5	
07E:0FE	126	254	1	28.75586901631147	0.12885502619022643	0.0010148227517262234	
1FD:0DF	509	223	1	6.738724392233954	0.025201527958889174	8.240803120027308E-5	
4EF:0FF	1263	255	1	6.3437678347375455	0.028579758277075665	5.761900551312823E-5	
0EF:8FD	239	2301	1	5.384584619962499	0.028454919182463984	7.248435634820266E-5	
0AF:1FF	175	511	1	7.044466415892743	0.03104250371168073	8.813654136400623E-5	
07F:4F7	127	1271	1	185.52111332865368	1.3590412825699303	0.04231717150890227	
0F7:1FD	247	509	1	12.403887543888949	0.054198969035869404	3.981114822011647E-4	
0FB:8FE	251	2302	1	5.180475871461999	0.027396967906619697	7.030550157192184E-5	
27F:0FE	639	254	1	11.892953371394052	0.05329062567457628	2.434020325523346E-5	
8FF:CFF	2303	3327	1	136.51161938569513	1.0495203985906527	0.009227495082121269	
8ED:0FF	2285	255	1	15.318362079413157	0.06901152743465314	6.934731101488636E-5	
0DB:2FF	219	767	1	12.73054619776831	0.06749952597267832	3.6857723298280696E-4	
1FB:0F7	507	247	1	16.187351772103906	0.06970731802533686	4.7135076899803256E-4	
0FF:5EF	255	1519	1	887.67598122045	7.713070622798081	2.0880527450649495	
0EF:0F9	239	249	1	7.278406980246873	0.031740805460838815	1.32679401701066E-4	
1B7:0FF	439	255	1	15.09438647251092	0.06800346515524393	2.904951859246616E-4	
07F:4FB	127	1275	1	561.5709996222074	4.102742843502501	0.38811479923864156	
27E:0FF	638	255	1	15.211416136501946	0.0685295889355436	3.97144053202034E-5	
0EE:1FF	238	511	1	5.293184218277203	0.02332523106888932	6.990348622049788E-5	
07F:2FE	127	766	1	11.403557891423029	0.060278430683156844	1.604689493785712E-4	
07F:4FD	127	1277	1	227.8070206201119	1.6701755387748018	0.06381228361231303	
0DF:07E	223	126	1	5.1002316300792785	0.022035708665962175	6.0261960522003445E-5	
0BF:1EF	191	495	1	9.344869071070496	0.037795758907165425	1.6968044394527368E-4	
0FF:2BF	255	703	1	4.76384932604457	0.020495461245349542	6.0432147131994414E-5	
8DF:1FF	2271	511	1	11.117213009729973	0.04898921999366939	3.465471150395735E-5	
09F:0BF	159	191	1	2.455480236018068	0.007557671184826614	9.797355046014793E-6	
0FF:BFF	255	3071	1	25.66662440279433	0.16887566873076235	0.001746455189254477	
0EE:0DF	238	223	1	6.073114101877859	0.02271233968998418	9.214305018370131E-5	
07F:9FF	127	2559	1	7.866632097121423	0.04124572978129231	7.637158801860225E-5	
0BF:0F5	191	245	1	6.6856522503618265	0.028464474929465047	8.681150961445801E-5	
0E7:1FF	231	511	1	12.7550790864702	0.056208201120748	3.9467536754782007E-4	
4BF:8FF	1215	2303	1	6.989829407965499	0.037001968641726335	6.124597773849103E-5	
07F:8EF	127	2287	1	5.358932310442464	0.026791501337258897	3.5458481008222854E-5	
07D:1FF	125	511	1	13.172261984553595	0.05804575788797947	2.1126585405339816E-4	
1FF:0BF	511	191	1	2.0677310786288037	0.006364225008247313	7.83316698810734E-6	
2F7:0FF	759	255	1	13.250478675395577	0.059695859949416744	1.6467212239508098E-4	
06F:0DF	111	223	1	6.1695449027653595	0.023072780841455608	4.1462971836045134E-5	
0F9:0FB	249	251	1	5.46632767763314	0.0241062601458997	7.781652780036983E-5	
8FE:8FF	2302	2303	1	7.568965983768932	0.04006752957549627	2.843655661480322E-5	
0CF:1FF	207	511	1	12.850140757936696	0.05662693419177679	3.5676197696530356E-4	
8EF:0FE	2287	254	1	5.604842273347786	0.02511448825196043	9.328511395510116E-6	
0FD:8EF	253	2287	1	5.7232554756581795	0.0286131444591485	8.644902416316291E-5	
4FF:2F7	1279	759	1	11.25387039816306	0.058476646022161856	1.88142181993704E-4	
9DF:0FF	2527	255	1	8.191122313781403	0.036902181368434026	2.419658193768798E-5	
0FF:EFF	255	3839	1	52.1376952769517	0.4709993549201891	0.007172037211051826	
0FB:2BF	251	703	1	4.130415443071493	0.01777021240892005	4.478087329338265E-5	
CFF:0DF	3327	223	1	3.9181804685817103	0.014653096749574376	9.614183159261027E-6	
0DE:0FB	222	251	1	4.627594683866797	0.020407413625039006	4.9402309780619876E-5	
06D:0FF	109	255	1	5.3848110624911945	0.024259413112526242	3.0971991929824356E-5	
0FD:1BF	253	447	1	2.2528939887373554	0.006972324267777888	1.3446261995407528E-5	
1BF:0FB	447	251	1	3.21156740221997	0.01416272912993894	1.3746721743160649E-5	
0FF:3EF	255	1007	1	5.038672524444001	0.02632773849556097	6.748100030623026E-5	
0BF:1FD	191	509	1	3.6502519218189318	0.015949435764552163	2.587288791428415E-5	
4FF:0EE	1279	238	1	3.2214868718730716	0.013133360181260783	1.5450969867671962E-5	
27F:0F7	639	247	1	3.300718463079567	0.014213429754197711	1.8754798194604213E-6	
0FF:8F7	255	2295	1	3.348942010236271	0.017576198578510418	2.9808659164625972E-5	
37F:0FF	895	255	1	2.498959797478118	0.011258150553651052	2.5039629899966134E-6	
4FD:0F7	1277	247	1	2.3774912321471975	0.010237893461716226	8.371453483064405E-6	
079:4FF	121	1279	1	3.319999830101123	0.024373338008985806	1.2956027225274331E-5	
09F:8FF	159	2303	1	2.5055659333553266	0.01326361938882016	1.0156160641237363E-5	
077:4FF	119	1279	1	2.5724588503612784	0.01888534786537622	7.677932351990468E-6	
05F:8FF	95	2303	1	2.1888675178822736	0.011587101545461082	4.4296034242870345E-6	

