BMLVN	12	x2
metabolism	0.9970000
mutations	0.0000100
catastrofic	0.0000100
minWeight	0.1
start biomas	2.0	_
env.size	25000.0
feedSourceH	0FF
0C7
0B5
023
011
feed port max	50000.0
timeQuant	0.01

key	suscepBits	activeBits	maxsize	popBiomas	currincome	currloss
FFF:000	4095	0	1	14545.009049420576	265.2555236816406	222.3136732857547	
0FF:000	255	0	1	10057.31448044247	337.443359375	211.29178500026262	
00F:000	15	0	1	24934.775127384448	23.38007164001465	13.575004327035339	
777:000	1911	0	1	12938.958332664915	431.7855224609375	214.27149184971023	
555:000	1365	0	1	11497.913704573191	211.22467041015625	194.18917910998317	
0FF:0FF	255	255	1	365.69419037071833	1.348474876970921	0.284031133910872	
0FF:1FF	255	511	1	169.83466251289352	0.5304017686499104	0.061408791821224655	
0FF:0F7	255	247	1	245.25847481710065	0.8223383678726651	0.12789860121746174	
0DF:0FF	223	255	1	425.74502575138825	1.569734744745859	0.3291266131830685	
0FF:0FE	255	254	1	353.06171102940766	1.2910131166358945	0.2647771308382757	
0FF:8FF	255	2303	1	302.8949605688188	1.1210418483795173	0.1952869159279427	
8FF:0FF	2303	255	1	1419.2411872394755	5.231292272873436	1.0882300761864634	
0FF:0DF	255	223	1	118.87863905282838	0.363172968193187	0.030080679835424427	
0FF:0EF	255	239	1	186.60914403760893	0.5957195548527462	0.07408320862516495	
07F:0FF	127	255	1	778.503402122248	2.8686645996796263	0.6232485051803351	
0FB:0FF	251	255	1	370.4776407727763	1.3661027153962062	0.2869950022267963	
0FE:0FF	254	255	1	366.91364547747406	1.3529693850089113	0.28497290511182893	
0FF:4FF	255	1279	1	825.763954392355	3.8026622232432787	1.4506189543269765	
1FF:0FF	511	255	1	575.3930809494283	2.121396507535015	0.4356429088123369	
0EF:0FF	239	255	1	390.65689698984477	1.4404628297335849	0.30272940674848997	
0FF:0BF	255	191	1	32.06627866905331	0.08504937616006694	0.0021909246367261817	
4FF:0FF	1279	255	1	407.1978961804642	1.5022455446527059	0.33657383003565605	
0FD:0FF	253	255	1	368.4584933469871	1.3586622539968396	0.2861364660639556	
0FF:0FB	255	251	1	280.0902305502103	0.9656791806851256	0.16675190672088228	
0FF:07F	255	127	1	684.2629567673671	3.017400975955184	0.994530002513675	
0BF:0FF	191	255	1	505.885887491303	1.8649478589455206	0.3907999906145924	
0BF:1FF	191	511	1	233.91416339541834	0.7305001751236393	0.08383337152197753	
0FF:1FB	255	507	1	145.8972476867952	0.4458044093808966	0.045324291834830846	
0FF:0FD	255	253	1	339.2676262300374	1.2299444700988336	0.24452046613051054	
2FF:1FF	767	511	1	359.35135735204	1.122240695431743	0.13300540913594966	
0FF:3FF	255	1023	1	515.1026078803536	2.0675009703258973	0.5645300872531631	
07F:1FF	127	511	1	364.6700181103847	1.1387906158028278	0.13742444646276794	
2FF:0FF	767	255	1	759.425772918497	2.7996415722817827	0.5920573189071362	
0FF:5FF	255	1535	1	1266.1452163981721	7.019818938276575	3.40922993918627	
0FF:2FF	255	767	1	522.9025818090215	2.096508778529072	0.5815815251106122	
0F7:1FF	247	511	1	174.1776749571874	0.5439631685638034	0.06256681453433882	
07F:0FE	127	254	1	752.0002214632173	2.747996154636316	0.581699037543944	
0FF:1F7	255	503	1	124.79318405460911	0.37115749436781287	0.03316565742078622	
4FF:1FF	1279	511	1	198.56705883019154	0.6202059102578372	0.08010978492839349	
0FF:1FD	255	509	1	158.9292117151914	0.4911402348971856	0.053779214219130296	
0FF:1DF	255	479	1	59.524249250785104	0.15948043533274694	0.007549963668924462	
0DF:4FF	223	1279	1	963.2946449898585	4.435579113347477	1.6881747969381415	
1FF:1FF	511	511	1	262.0706851069971	0.8182187123503645	0.09042801589316957	
0DF:1FF	223	511	1	196.35510528775387	0.6132162916408064	0.07020579711402485	
8FF:1FF	2303	511	1	650.0905311660215	2.030395723207182	0.2294575363095003	
0FF:1EF	255	495	1	85.2404119475659	0.2402556635351588	0.015478463499357886	
2DF:0FF	735	255	1	887.9422449666839	3.2731572610129867	0.6878109457421391	
1FF:0FB	511	251	1	439.26195030506983	1.5143140661811403	0.2541430280699108	
0FE:1FF	254	511	1	169.54880918080457	0.5295083615995528	0.06099802062139534	
0FF:17F	255	383	1	6.145724586228558	0.012766020634618066	8.057547007070031E-5	
0DE:0FF	222	255	1	427.34698643904045	1.5756379140479548	0.33035294221459033	
0FF:9FF	255	2559	1	253.4389711796881	0.9082735756149256	0.13675898681215928	
0DD:0FF	221	255	1	429.3968831152988	1.583190252644062	0.3318944092408307	
0FB:1FF	251	511	1	171.7476377134018	0.5363749759882904	0.061829056137951005	
1FE:0FF	510	255	1	577.9166768150429	2.1306969507854787	0.4377269686329657	
0EF:1FF	239	511	1	180.32774894737997	0.5631681741168632	0.06467009763684575	
0FF:0FC	255	252	1	328.38752181482334	1.1805845927700704	0.2291128288807892	
0EF:8FF	239	2303	1	322.3767136778285	1.193137940901765	0.2066459337987351	
0FF:0D7	255	215	1	59.37128710392361	0.16147652614542538	0.007509138463893442	
0DF:2FF	223	767	1	609.4276978273734	2.4432448909034457	0.6755634706413793	
0B7:0FF	183	255	1	527.8539514190171	1.9458605376520504	0.4069594707816512	
1FD:0FF	509	255	1	578.9832076449214	2.1346275690028915	0.43718482327998	
0DF:8FF	223	2303	1	352.51630443124606	1.3047484945691943	0.2263179261048294	
0FD:1FF	253	511	1	170.24488125151308	0.5316820176210919	0.06123488047661168	
07E:0FF	126	255	1	783.1976476831833	2.885946725190059	0.6270379692555679	
CFF:0FF	3327	255	1	807.9429759799366	2.9810736546836125	0.6576136622173199	
07F:4FF	127	1279	1	1731.7184346502538	7.97863381302362	3.1028978979145347	
0FE:0F7	254	247	1	245.12882249722531	0.8219031929688093	0.1273371526198023	
0FF:0E7	255	231	1	132.61636952453054	0.4008078248087298	0.037434770586535986	
17F:0FF	383	255	1	1146.2695457429809	4.225190055273315	0.8666479909462064	
07F:0FD	127	253	1	725.685332543421	2.6292475238555313	0.5418499864849876	
4FF:0EF	1279	239	1	217.45134963545658	0.694291802586925	0.09603490844621515	
0BF:0FD	191	253	1	470.9635248110624	1.7070046912706356	0.33882212275177714	
09F:0FF	159	255	1	621.5780754431263	2.2909408386188095	0.47516634666005714	
0DF:0FE	223	254	1	410.9395443304483	1.5024957595163067	0.30667592175762215	
0FE:4FF	254	1279	1	828.5169541624361	3.815334846473429	1.4554326699786495	
1FB:0FF	507	255	1	585.5411439298077	2.1587932572896777	0.4432150326287962	
03F:0FF	63	255	1	1752.6869494299453	6.445596973365901	1.4012902363070925	
4FF:0F7	1279	247	1	279.03378044479535	0.9358196621055721	0.1581036451272419	
8FF:8FF	2303	2303	1	1169.840011222668	4.304220060371185	0.7169813095073976	
8FF:0F7	2303	247	1	942.1812044561427	3.158490880822378	0.4804684745371147	
0FF:0F3	255	243	1	214.1255865251636	0.7018980221224548	0.0975151681303594	
0FB:07F	251	127	1	694.5747048569797	3.062917011755078	1.00894178508782	
0FE:8FF	254	2303	1	303.8099850657482	1.1244280991471214	0.19581321572647223	
1FF:0F7	511	247	1	382.0118142564596	1.2807669850520997	0.19229399384893556	
1FF:0DF	511	223	1	182.61232856684788	0.5578655914264351	0.044000378501354784	
0EF:0F7	239	247	1	260.822782239881	0.8745081834559558	0.13510720619071412	
0FE:0FD	254	253	1	341.6321725636071	1.2385136521013156	0.2471112476591774	
0FE:0FB	254	251	1	281.0004855830105	0.9688166044834715	0.16727691180540352	
0FF:0BB	255	187	1	1.3116510049037362	0.0033221875271108635	3.6668151630003382E-6	
2FF:4FF	767	1279	1	1695.3890556857095	7.8109069880681234	2.96264099965957	
8F7:0FF	2295	255	1	1461.4135604806002	5.386750262126805	1.121295242997131	
077:0FF	119	255	1	827.663446622036	3.049572268950101	0.6614845288218261	
4FF:0DF	1279	223	1	146.0012280951895	0.44607167410093373	0.043297557684564995	
8BF:0FF	2239	255	1	2056.675886698903	7.588167275785108	1.5743794872726837	
07F:0DF	127	223	1	255.4549712871317	0.780386324248465	0.06743970872813519	
0DF:0FD	223	253	1	396.2962916870233	1.436551230710219	0.2852485543699955	
8FF:0EF	2303	239	1	704.1528187695246	2.247647893498394	0.2686065932725932	
0BF:0DF	191	223	1	163.42215865906348	0.49924249180433666	0.04091170779584005	
0F7:3FF	247	1023	1	531.3342915414781	2.1326321062447833	0.5818508169195669	
0DF:0F7	223	247	1	284.14339645110687	0.9526697661134115	0.14679747690905137	
0FE:0DF	254	223	1	118.42666302611771	0.3617918306545991	0.029752851949747822	
0FF:0F9	255	249	1	263.4851733623657	0.8972108097677436	0.14758895398068944	
0FF:077	255	119	1	48.133087767400774	0.1385716323677422	0.004934643314763711	
0FF:8FE	255	2302	1	301.5378686683179	1.114959508179483	0.19354172833565397	
07F:0FB	127	251	1	598.5461979629731	2.06279092487909	0.3690480330474338	
0FF:CFF	255	3327	1	901.6650151409156	4.533425901997515	1.7307878235960532	
8FF:0DF	2303	223	1	434.0140922594751	1.325970996499996	0.1022632432171186	
0BF:0FE	191	254	1	488.3264639718951	1.7852029198939332	0.3642035840176234	
07F:0EF	127	239	1	397.521833130711	1.268841193284388	0.16310929835971635	
0FB:8FF	251	2303	1	306.4320093030005	1.134129533320011	0.1967847547613051	
0FF:6FF	255	1791	1	1357.4742087218003	7.876291975445351	3.9187984046184927	
4FF:0FE	1279	254	1	393.57936178615694	1.439827303580984	0.3144467868130433	
0EF:0FE	239	254	1	377.1104890738472	1.3788966162009284	0.2821332852251911	
4FF:8FF	1279	2303	1	339.71033644062845	1.2574103763747277	0.23433405016253137	
0FD:0FB	253	251	1	282.17524554454695	0.9728652912009899	0.167950541469425	
0BF:8FF	191	2303	1	418.8390642113786	1.5502250334631513	0.2688678594823797	
0FF:2DF	255	735	1	328.6091778908547	1.1621219911853664	0.22986017775889028	
0EB:0FF	235	255	1	396.43558605206397	1.4617569728392377	0.30661897815914774	
07F:0F7	127	247	1	521.7435757273331	1.7488685072203256	0.280635647757835	
0FF:4BF	255	1215	1	624.1140867854398	2.5967427525311373	0.8292422079801564	
0FF:0DE	255	222	1	110.78759294656528	0.33527669170071545	0.02612743359828939	
0ED:0FF	237	255	1	298.25339729998075	1.0998260065916408	0.1750266733536515	
0EF:4FF	239	1279	1	883.0905247860554	4.066507168916652	1.5496453495080837	
0FE:0BF	254	191	1	23.80750672780939	0.0631436533014699	0.0012036839037274912	
0D9:0FF	217	255	1	436.2141410575506	1.6083081078357877	0.336447913263615	
0FF:1DB	255	475	1	48.52700568392713	0.12723839507180582	0.005018451645681533	
0E7:0FF	231	255	1	404.49458791165637	1.4914503872370846	0.3127638459805043	
17F:1FF	383	511	1	521.7985099116252	1.6279910951378365	0.178761993094023	
27F:0FF	639	255	1	1882.3097682684881	6.945136897613087	1.5221501431919988	
0EF:0EF	239	239	1	198.72318261422208	0.6343685565148575	0.07845970919028555	
07F:8FF	127	2303	1	646.5687169351582	2.3931715953497905	0.4323682176242804	
0BF:4FF	191	1279	1	1144.5818294236828	5.269711906831765	2.005129473136607	
07D:0FF	125	255	1	789.8330099765775	2.9103623766645748	0.6322536113947179	
2FF:8FF	767	2303	1	628.1927783980974	2.325106226406711	0.4065906234818189	
8FF:07F	2303	127	1	2678.4410413952432	11.821101431503887	3.893626598919235	
0FE:0FE	254	254	1	354.1208162759474	1.294878513557563	0.2654723853685712	
4FF:0FB	1279	251	1	316.2984594878106	1.0908573493894338	0.20313163674953622	
0FB:0FB	251	251	1	284.2310355044562	0.9799388603192674	0.16904896534439076	
0FD:8FF	253	2303	1	305.11921200576575	1.1292734228324905	0.19665377955703306	
0FB:4FF	251	1279	1	838.5448261306456	3.861489590509607	1.4727300697360877	
05F:4FF	95	1279	1	2351.1294416165433	10.832448548729595	4.206461240240061	
0FB:2FF	251	767	1	530.8767477273137	2.1284678622047877	0.5901808209514146	
0DF:0EF	223	239	1	216.50876004221172	0.6911496801926974	0.08528513883907375	
0FF:07E	255	126	1	592.71761136753	2.5022040088979325	0.746481666197797	
8FD:0FF	2301	255	1	1424.921771381336	5.252261609785559	1.0915028486448775	
0F9:0FF	249	255	1	370.71065991559453	1.3669598145488822	0.2851303024547564	
8FB:0FF	2299	255	1	1430.5796491229844	5.273149360161464	1.095066623588966	
0FF:47F	255	1151	1	767.9257226774265	3.4142277838948925	1.2561766013106526	
1BF:0FF	447	255	1	806.0608896482612	2.9712544374409875	0.6010503720345277	
0FB:0FE	251	254	1	358.3020943500181	1.310164694164861	0.26847158314897995	
2FB:1FF	763	511	1	364.75048471281457	1.1391007956134476	0.1347655359862481	
0DF:07F	223	127	1	797.7173751426236	3.5180759355899593	1.1565744943173424	
07F:0BF	127	191	1	24.348088717986485	0.06457591004538714	6.135919130869563E-4	
0BF:0EF	191	239	1	256.1766544604921	0.8177520667023488	0.10045437470665695	
0BD:1FF	189	511	1	233.8829480184759	0.7304008470519491	0.08296611771979959	
0FF:4FD	255	1277	1	821.7756161029134	3.7768049791894387	1.4366756463526211	
2FF:3FF	767	1023	1	1059.665691371834	4.2400724033898225	1.1429618379392177	
0FF:87F	255	2175	1	157.2897201436911	0.515773821314151	0.05268617004164645	
0EF:1FB	239	507	1	158.42332668504278	0.48407861470534885	0.04992060605621371	
0AF:0FF	175	255	1	560.4389523721438	2.065826297170435	0.4279983817942025	
07E:1FF	126	511	1	364.24452353268356	1.1374608163873823	0.1362921932789767	
0FD:0EF	253	239	1	186.38969391493828	0.5950180149563009	0.07334511850577786	
1FF:3FF	511	1023	1	816.1216403939375	3.2721759381162085	0.8751200941149614	
0FD:0F7	253	247	1	243.84133798155506	0.8175855937945117	0.1254603605664227	
87F:1FF	2175	511	1	922.1364160322274	2.8800083008420483	0.3078330409830989	
1FD:1FF	509	511	1	258.7127295437946	0.8077370623348077	0.08734633575802228	
4DF:8FF	1247	2303	1	357.703814213577	1.3240114496320523	0.2466561252204857	
2FF:0FB	767	251	1	579.9209817361278	1.999116087043099	0.34562357911224445	
0BF:0FB	191	251	1	386.84412299302437	1.3335368474195748	0.2287768163350979	
8FE:1FF	2302	511	1	637.558837982046	1.9912408775158543	0.22014292524743767	
2FF:0EF	767	239	1	389.44131295758405	1.2431422116653146	0.15605019024815614	
0DF:1FB	223	507	1	162.3069068196986	0.49593632653729675	0.04797684131162294	
1FF:8FF	511	2303	1	475.43319350527264	1.7596684993047798	0.29837982561821935	
3FF:0FF	1023	255	1	760.909338156131	2.805643413553582	0.5815662847566317	
06F:0EF	111	239	1	441.5145534348033	1.4090547193091616	0.17489271462759798	
05F:0FF	95	255	1	1054.0034027606227	3.8819362067732945	0.8382723500296473	
17F:0FE	383	254	1	1099.5818535145181	4.019374190068365	0.7976791332808288	
0FF:0FA	255	250	1	267.18502939830483	0.9156005321335942	0.15175341712057808	
2FF:5FF	767	1535	1	2607.223895265698	14.466064609732081	7.006411760246253	
1DF:0FF	479	255	1	667.4692803953933	2.4606839044660425	0.5018037330326138	
07F:5FF	127	1535	1	2638.75549290079	14.641642083587424	7.2045813770209985	
0FE:1FB	254	507	1	145.30026599435925	0.4439795427718355	0.04480413284109761	
0FF:1DD	255	477	1	51.86301298240661	0.13759124806723316	0.005731816416490664	
2EF:1FF	751	511	1	370.7440488710504	1.1578096178987223	0.13216593497000861	
8DF:0FF	2271	255	1	1962.825261165247	7.241726943412993	1.4547527357184908	
0DB:4FF	219	1279	1	980.2509868458935	4.513611256923198	1.7174347712404303	
0BE:0FF	190	255	1	507.0701526119113	1.8693115436223366	0.39089791706026555	
1FF:4FB	511	1275	1	1295.4573455780467	5.931477373386118	2.216232642173684	
0FD:2FF	253	767	1	526.8100828184924	2.1121694960594812	0.5857981154727624	
4F7:1FF	1271	511	1	188.04937529946056	0.5873395225342927	0.07092805866150202	
4FE:0FF	1278	255	1	407.2549440152818	1.5024557696535799	0.33616053984355226	
0F5:0FF	245	255	1	378.2324344254058	1.3946799396882985	0.2919918928116953	
0FE:07F	254	127	1	680.0312688698465	2.9987599805997966	0.9790012255274121	
07F:0F6	127	246	1	499.1438422733961	1.6628491358009168	0.2569010785258847	
4FF:1FB	1279	507	1	173.03175036508028	0.5287669523461147	0.06083259514116955	
2DD:0FF	733	255	1	871.612600771147	3.2130459858693725	0.6574410947188081	
9FF:0FF	2559	255	1	1783.5509250743635	6.580118255967436	1.2710901188801171	
09F:2FF	159	767	1	883.3560779194767	3.5406209007137566	0.962236650041821	
0BB:0FF	187	255	1	515.7525836189136	1.901291606230057	0.3978656010364934	
1F7:0FF	503	255	1	591.8183509222986	2.1819280742288463	0.4444920940846104	
0FF:8FD	255	2301	1	299.29601269291834	1.1057090002297238	0.19067466931528146	
4FF:5FF	1279	1535	1	1337.4522922469635	7.389099759344036	3.6016339349360385	
1FF:5FF	511	1535	1	2026.7195600241125	11.200680946528614	5.380055072156594	
2F7:1FF	759	511	1	244.22379441227528	0.7626522027665988	0.059416056179290244	
07B:0FF	123	255	1	798.9456949489105	2.943905742576071	0.6372939167755678	
CFF:1FF	3327	511	1	376.7691856985613	1.1767759483666183	0.14304572423978235	
4FF:0FD	1279	253	1	369.03584164912877	1.3384143505156894	0.27645305951325316	
2DF:1FF	735	511	1	400.3066931374514	1.2501195119505801	0.1403002947800274	
8DF:4FF	2271	1279	1	4663.25808192489	21.48460974378251	8.212844879287122	
1FF:1FD	511	509	1	234.08896731659166	0.7232279576103965	0.07217337242288847	
0BF:9FF	191	2559	1	339.0898179229161	1.2152046292569698	0.17622597859584885	
0F3:1FF	243	511	1	174.096842006348	0.543708235922326	0.06151417485853952	
0FD:0DF	253	223	1	74.05145265908236	0.22621360808914212	0.011584228343781535	
0FA:1FF	250	511	1	168.573844770829	0.5264605488955912	0.059363384414084	
0FF:4F7	255	1271	1	818.8426461487036	3.7569915778650538	1.4265227114356358	
2FE:1FF	766	511	1	331.02068554859164	1.0337514973096293	0.11244367582904928	
0EF:1DF	239	479	1	54.672654058711935	0.14647944441689495	0.00594991082451433	
0FF:3FD	255	1021	1	505.506783946404	2.017884246943277	0.5437113468016248	
47F:0FF	1151	255	1	515.1109853246869	1.9006263334946458	0.4239506840287631	
4FD:0FF	1277	255	1	404.09395443669894	1.490787484207569	0.3304415091707851	
8FF:2FF	2303	767	1	2038.8539910989175	8.177425120646081	2.256371896964335	
0FC:1FF	252	511	1	168.4893646941834	0.5261977963208196	0.059764940840170026	
0FF:1ED	255	493	1	54.48086115523776	0.15206803845192482	0.006323216075782195	
2FF:2FF	767	767	1	1065.1027641414746	4.252532129091276	1.1498297087061684	
1DF:1FF	479	511	1	220.82579017764863	0.689461770192894	0.05498239757626663	
CEF:0FF	3311	255	1	807.1942655179469	2.9782735786351324	0.6467875602443381	
07F:2FF	127	767	1	1104.68636341301	4.4272571991587775	1.2589675385815347	
87F:0FE	2175	254	1	1955.465246961629	7.153967192815799	1.3838369245092195	
4FB:0FF	1275	255	1	407.4892260117443	1.5033193902342263	0.3349988060589107	
07F:0FC	127	252	1	640.8016249216686	2.3027292159384047	0.42275037661186937	
079:0FF	121	255	1	800.7120903547185	2.9504317002436315	0.6306307087180274	
0DF:0FC	223	252	1	374.4419146293454	1.3460464025733563	0.25469643957107746	
8FF:1FD	2303	509	1	538.6547841064803	1.6646401398217654	0.15752579892077598	
05F:0FE	95	254	1	1003.5262404817969	3.665629335739685	0.7602986168155479	
0BF:0EE	191	238	1	154.16921248570995	0.4890082796860828	0.0363983206985011	
1F7:1FF	503	511	1	202.49537388644808	0.6322530946504934	0.0520988989740667	
06F:8FF	111	2303	1	709.8444215863512	2.6272984139510767	0.45348436624209115	
0DF:3FF	223	1023	1	600.17768888309	2.4088446474364003	0.6554513263472422	
0FF:4FB	255	1275	1	812.8034587482368	3.719972664741255	1.405518699506199	
07F:1FE	127	510	1	203.57623688068563	0.6321319260229212	0.042841330432108554	
8FF:8F7	2303	2295	1	989.3785130768488	3.616612409025306	0.5156483773248046	
0FF:9DF	255	2527	1	203.02979538937214	0.7190268523366495	0.0877550480341999	
27F:1FF	639	511	1	320.8566966636021	1.0019010303923481	0.04421884735383483	
4FB:1FF	1275	511	1	189.41716390089175	0.59161470028474	0.07244881645661362	
0FF:7FF	255	2047	1	1751.564220226118	11.610959481915796	6.523335554678768	
07F:1FB	127	507	1	62.7625237484566	0.19173999184963883	0.004073456032100072	
07F:1F7	127	503	1	198.68262145782657	0.5908782624465366	0.04082041847244098	
1FB:1FF	507	511	1	234.87845355684013	0.73334324642399	0.0713779132709957	
2FF:CFF	767	3327	1	1853.2933320824118	9.317963604079825	3.5383741572906633	
CFF:0FE	3327	254	1	664.6053952139947	2.43133126921219	0.4448758775427065	
0FF:1EB	255	491	1	15.564999739424723	0.04296154817116526	5.161315313854358E-4	
0FF:1FC	255	508	1	113.54914683959566	0.3489041493911692	0.027452399298993766	
1FE:0FD	510	253	1	495.1456629163874	1.7948692050599113	0.32145980192534296	
47F:4FF	1151	1279	1	1123.7028917788896	5.156870121520263	1.997293858346628	
2FB:8FF	763	2303	1	516.1392391975671	1.910129956738917	0.2698712467919876	
2DF:4FF	735	1279	1	1987.527810757923	9.15677892803644	3.461299119873014	
2FF:9FF	767	2559	1	462.5969943621762	1.6577491223729115	0.22046064624419262	
0F6:1FF	246	511	1	150.89596616831884	0.4712394177692351	0.046796877990675646	
8FF:1FB	2303	507	1	128.62436879919557	0.3929522539069505	0.008978721184123264	
6FF:1FF	1791	511	1	157.39942864321284	0.4915568921460522	0.042388592304896985	
0CF:8FF	207	2303	1	265.6935322783704	0.9832070488358581	0.11925340694350164	
0FF:8F3	255	2291	1	265.54132432335507	0.9714520674022825	0.15008703258093342	
0DB:0FE	219	254	1	367.71755642800974	1.3445291894054856	0.24128860508721214	
0F7:2FF	247	767	1	531.7582023383909	2.1319776264177066	0.5825909842060139	
077:0FB	119	251	1	424.9041443508019	1.4646738074202967	0.17485884607906096	
47F:1FF	1151	511	1	143.64501308754944	0.4485841864790689	0.03296641147718604	
0BF:1DF	191	479	1	23.114138848875157	0.061923428215471824	8.194680787698103E-4	
5FF:1FF	1535	511	1	144.791398118076	0.45217344410230775	0.041381840948964556	
0FF:8E7	255	2279	1	105.4836099468172	0.3614501032343517	0.023683282039199328	
13F:0FF	319	255	1	1885.2299952589074	6.954277607032837	1.079960000283375	
07E:0FB	126	251	1	318.54401418905974	1.0981137635198934	0.10406245368859735	
06F:0FF	111	255	1	470.03442309552776	1.732891399493646	0.19803269232760098	
0DE:2FF	222	767	1	590.2185339829475	2.366209225197577	0.6312375993097871	
9BF:0FF	2495	255	1	408.9776445628364	1.5080171045147404	0.06327556937239123	
0BF:0F7	191	247	1	239.55194261615512	0.8031477058936127	0.08780836237692567	
0FF:2FD	255	765	1	501.5715044000181	1.9977693025688017	0.5351167495632392	
0EF:1F7	239	503	1	26.05903966211893	0.07749072596073651	0.0013508679243132494	
2FF:07F	767	127	1	1277.5351088206705	5.632012228635825	1.675912708191082	
0FB:6FF	251	1791	1	1378.5464863494133	7.998465524022826	3.9788732980486925	
1FB:07F	507	127	1	1004.4560371105779	4.4286168023070775	1.304578701298973	
03F:4FF	63	1279	1	3887.182718158333	17.909766230382093	6.998421437858191	
0EF:3FF	239	1023	1	542.6002323798901	2.177808947167454	0.5851155461081989	
8BF:2FF	2239	767	1	2865.5849874593914	11.492813934337685	3.056235845289062	
0FD:1F7	253	503	1	64.07423764785193	0.19054920489897076	0.008676215623832197	
09B:0FF	155	255	1	551.5269897055505	2.0330492622743828	0.3676336474542469	
1BF:0FE	447	254	1	651.2185743370393	2.380800493101732	0.39256673845379064	
1FE:8FF	510	2303	1	332.29163350878144	1.2296405314346583	0.14512392013702213	
1DE:0FF	478	255	1	482.14827804060764	1.7777805598304455	0.26085471060250537	
0FF:2DD	255	733	1	241.96847890610056	0.850587518712762	0.1246115827504281	
0DF:4FD	223	1277	1	958.6067202337301	4.405269855750289	1.671837834207797	
0EF:0FC	239	252	1	247.25786197581877	0.888929838122184	0.12136089241505119	
16F:0FF	367	255	1	433.8573400856868	1.5997432187637608	0.11031886850438875	
87F:0FF	2175	255	1	986.364970387046	3.6377409536889864	0.3518271843731412	
0EF:9FF	239	2559	1	214.44230968066654	0.7684308160446958	0.09144357365914642	
0EB:07F	235	127	1	692.8174894077416	3.0553585043510076	0.9369603813329205	
0BE:0F7	190	247	1	195.27658703831594	0.6547033890138376	0.0581035020197173	
07A:0FF	122	255	1	428.7860736868312	1.5808838028659546	0.1828318096071355	
2BF:0FF	703	255	1	928.9944149007905	3.4247040045393073	0.6437686883031315	
4FF:1DF	1279	479	1	7.375398415523603	0.019758514064366836	1.1053268975107939E-4	
09F:0EF	159	239	1	63.30996153050429	0.20207340260187534	0.004950220892523314	
17F:1EF	383	495	1	10.542050020545597	0.02970882472223056	7.364346342998002E-5	
07F:8FB	127	2299	1	392.1771899381506	1.4460468833183568	0.1589910100975468	
06F:0F7	111	247	1	268.25941125065305	0.8993380523287337	0.06463997574074787	
0D7:8FF	215	2303	1	285.7635436361449	1.0575325305321805	0.14339003561454455	
CFF:2FF	3327	767	1	1115.6168214302502	4.474586777643776	1.2538043361687536	
07F:1DF	127	479	1	6.6018486879963465	0.01768604858519943	4.510887755174109E-5	
0FF:3F7	255	1015	1	473.46611082275706	1.8672041752385788	0.47699767411378435	
03F:0FB	63	251	1	358.1404818115859	1.2345271301164948	0.05918886670806649	
076:0FF	118	255	1	570.0822490741068	2.1015132980896825	0.3123213571584497	
03F:0EF	63	239	1	63.90479142140395	0.20396368691401545	0.0018895042524754374	
2EF:5FF	751	1535	1	2789.398087853188	15.476800271155453	7.486968766507806	
07B:1FF	123	511	1	89.0052877664577	0.27791008926453253	0.00795310468165666	
87E:1FF	2174	511	1	82.52341505834357	0.2576583138776682	0.002462774214404385	
03F:0F7	63	247	1	260.22258569830757	0.8723505575708559	0.03128175924051321	
0DD:2FF	221	767	1	605.485667446614	2.4274232677377237	0.6610735923717644	
07F:CFF	127	3327	1	1888.9220946004436	9.497515261412206	3.6899124159278593	
0FA:1FB	250	507	1	58.16153376081954	0.17769327040432012	0.007067204229203628	
1DF:0F7	479	247	1	335.66720415605204	1.125390252871747	0.12715163469233784	
4BB:0FF	1211	255	1	389.8746226467974	1.4382653947900919	0.27621677232984865	
0AF:0FB	175	251	1	114.60005671638294	0.39506398093188994	0.017947551371084967	
0DF:87F	223	2175	1	49.5168181402069	0.16233258682578217	0.004464306355063859	
0FB:5FF	251	1535	1	1285.8375526664129	7.128912271511197	3.461690363540041	
0EC:0FF	236	255	1	283.00884413963774	1.04361622350444	0.15703784015744887	
0FF:2EF	255	751	1	400.38825020030333	1.5163807473259148	0.3410957553702566	
07A:1FF	122	511	1	96.36931891496918	0.3009051016178036	0.009266619498482589	
0DF:8F7	223	2295	1	219.84944438522234	0.8069663330507902	0.08798890457369288	
03F:0FD	63	253	1	594.243562538491	2.1536487901658736	0.16259251081201898	
03F:0FE	63	254	1	479.15709939963756	1.7517000260458364	0.10578161681143439	
0FD:8F7	253	2295	1	223.18352687716788	0.8192439704366398	0.10519565002356022	
8FF:0FD	2303	253	1	426.407939154352	1.545739787336174	0.09846079350238739	
0DE:1FF	222	511	1	29.692614927543936	0.09270965517439694	0.00159940129048798	
07F:0DB	127	219	1	3.111308947984206	0.009159845021731568	1.0013460108911082E-5	
0CF:0FF	207	255	1	345.7667303261094	1.2749496379018486	0.2014872774986875	
07F:0DE	127	222	1	7.836939333401026	0.023712894034048592	6.352049008081632E-5	
0DF:CFF	223	3327	1	1051.8248914148767	5.288383620103246	2.014657490841359	
2BF:1FF	703	511	1	110.77959156062634	0.34589712599769473	0.009188327820403427	
09E:0FF	158	255	1	414.86932643827095	1.5295757870533906	0.21091209180579523	
0DD:8FF	221	2303	1	267.81557561927724	0.9910938508225833	0.12945686355543007	
1EE:0FF	494	255	1	456.1959369008466	1.6821162163182293	0.25343718971821316	
23F:0FF	575	255	1	1032.7899312433515	3.8089868800127307	0.37638580673748895	
0EE:0FF	238	255	1	239.53410014092614	0.8833069864060702	0.11347283248578549	
0BF:0BF	191	191	1	1.7454745688344566	0.00462923980490851	4.673256262011348E-6	
27F:4FF	639	1279	1	4084.96248679073	18.82016550522721	7.169296429180541	
87F:8FF	2175	2303	1	505.01239547796246	1.8663746559422676	0.09024951608208874	
8BF:07F	2239	127	1	1924.0448765197827	8.485385165404416	1.3757455515594612	
27F:2FF	639	767	1	2416.907392506486	9.504843434705585	2.3208739126416664	
1EF:0FF	495	255	1	447.5165783221744	1.6501205692796106	0.24491453293559515	
09F:0FE	159	254	1	353.9627631288188	1.2941670172878053	0.1543344619636822	
0F7:0FB	247	251	1	201.3222625392482	0.694106506580518	0.08347302480546903	
3FF:4FF	1023	1279	1	1725.657655987575	7.9502901674809765	3.0005478727723967	
09F:0DF	159	223	1	13.750253445236144	0.0419996757142352	2.336170191721537E-4	
0CD:0FF	205	255	1	313.7240662387387	1.1568202238947891	0.16436264229805175	
4DF:2FF	1247	767	1	588.5534665852424	2.360633494646699	0.6679355863032472	
0FE:0DB	254	219	1	11.78385719311393	0.03469298127037323	2.9471959059121535E-4	
07E:0FE	126	254	1	605.3310838551891	2.2126234520544847	0.37496863128932456	
1FD:0DF	509	223	1	21.18819703719678	0.06471929101896076	5.873665628070293E-4	
4EF:0FF	1263	255	1	286.4323449827569	1.0565248395328597	0.1622784254867052	
0AF:1FF	175	511	1	62.2048910941591	0.19422829137186753	0.00529400083648305	
07F:4F7	127	1271	1	1717.3052690089073	7.883020030567228	3.0514745695449945	
0F7:1FD	247	509	1	71.49644358128106	0.22091542610997725	0.010542451371336988	
27F:0FE	639	254	1	746.1051690647107	2.7285330675006074	0.2389348433692022	
8FF:CFF	2303	3327	1	3548.3292062882197	17.34586226926913	6.336800043672163	
8ED:0FF	2285	255	1	949.1646519364502	3.500576868092144	0.3471838457996534	
0DB:2FF	219	767	1	608.3077376589977	2.4387253127918	0.6612555553486827	
1FB:0F7	507	247	1	165.78133195287222	0.5558057451081703	0.035604324941536904	
0FF:5EF	255	1519	1	1212.7811866640882	6.585293266202987	3.1286599634939924	
0EF:0F9	239	249	1	186.81578848848534	0.6361261332630972	0.06932189760854245	
1B7:0FF	439	255	1	577.3716455723929	2.1287383626049965	0.2857481472801702	
07F:4FB	127	1275	1	1704.9351948643593	7.806757397995542	3.00766391141691	
27E:0FF	638	255	1	920.9444943121002	3.396595969991645	0.36318517907153547	
0EE:1FF	238	511	1	82.67373331159088	0.2581579269115246	0.01354450665512143	
0FE:0FC	254	252	1	209.37773709542947	0.7527530444810027	0.0928635804550345	
07F:2FE	127	766	1	1052.6084471117827	4.204985887872226	1.143167631080641	
07F:4FD	127	1277	1	1723.1626917676701	7.923415328901612	3.0723151797309516	
0DF:07E	223	126	1	498.73381031501924	2.105462390983178	0.45214462137048794	
0BF:1EF	191	495	1	18.088952952821337	0.05097799457949468	5.0173953999932E-4	
0FF:2BF	255	703	1	89.45741068514144	0.2866853603571531	0.017037595672366967	
8DF:1FF	2271	511	1	78.05829623897013	0.24371702758985966	0.0023000566735437095	
0FF:BFF	255	3071	1	652.4927271294019	2.955370132156398	0.9063102441772137	
0EE:0DF	238	223	1	14.030648346461058	0.042856589372546695	3.901398161877884E-4	
07F:9FF	127	2559	1	262.77882215613784	0.9414942139072708	0.0713777898350594	
0BF:0F5	191	245	1	130.91602690551395	0.4333989632287209	0.026240397508510687	
0E7:1FF	231	511	1	85.44761576578459	0.26681950826340933	0.013994014839437286	
4BF:8FF	1215	2303	1	284.9387677028336	1.0545002987060546	0.1484097453146487	
07F:8EF	127	2287	1	64.81302730868502	0.22310932134831665	0.0043416143579795485	
07D:1FF	125	511	1	72.24267031357041	0.22556768429286264	0.0053185406474100675	
2F7:0FF	759	255	1	513.3960570084778	1.8930285582262554	0.261886202495498	
06F:0DF	111	223	1	19.609213314232008	0.05989571799942135	3.4605118967866334E-4	
0F9:0FB	249	251	1	148.58516648756492	0.5122682660239479	0.04586176877226138	
8FE:8FF	2302	2303	1	541.0326369202977	1.9992664152037187	0.15580065607446106	
0CF:1FF	207	511	1	89.51048741494503	0.2795028561639438	0.013537894135705804	
8EF:0FE	2287	254	1	781.6694384060845	2.8585400024943013	0.23582174468543723	
0FB:1FD	251	509	1	38.18609335006594	0.11798357024159244	0.0030565091667403978	
4FF:1F7	1279	503	1	23.558799108034115	0.07005569488349227	0.0011271940856218156	
0BF:CFF	191	3327	1	1249.6345765443536	6.282932507809274	2.3931182650975953	
03B:0FF	59	255	1	338.32395905856606	1.2473443175748906	0.04964789479479617	
0D9:8FF	217	2303	1	236.50298807825772	0.875160758449592	0.0991587271630639	
06F:0F6	111	246	1	69.2402315938351	0.23068370632252871	0.004310915455396397	
8FD:0F7	2301	247	1	65.93559841184337	0.22103222246093507	0.002345598705341492	
01F:4FF	31	1279	1	9179.925830551392	42.2943748970191	16.282639703380134	
07F:4DF	127	1247	1	1584.4273358115718	7.085365178576426	2.5974238760182358	
8FF:9FF	2303	2559	1	126.04762490669295	0.4514880458221378	0.008584676024299806	
05F:2FF	95	767	1	1098.1776450754646	4.400750532332704	0.914440237308929	
AFF:1FF	2815	511	1	14.37655916218123	0.044886085887706616	9.076277301058144E-5	
05E:0FF	94	255	1	165.47656364166272	0.6101143292610103	0.020615851367071693	
17F:8FE	383	2302	1	205.84302588712842	0.7607697795248082	0.02804043121864233	
8DF:4BF	2271	1215	1	2570.653890159652	10.693745068213223	2.4940398577097933	
47F:4BF	1151	1215	1	785.3872174848648	3.2615322972787006	0.9789269730508938	
0BF:6FF	191	1791	1	1882.923383982098	10.921501091927045	5.424001198639861	
07F:0FA	127	250	1	60.646768657568295	0.2077881825456747	0.003799804495268856	
27F:5FF	639	1535	1	6254.655700422508	34.7036714746387	16.807350908978112	
0EB:0FB	235	251	1	59.73329440268235	0.2059172127786603	0.006973097368745564	
AFB:0FF	2811	255	1	127.88418993901448	0.4714989874376786	0.007146248094540622	
07F:47B	127	1147	1	1489.4480997391063	6.582444231023285	2.2896293625162136	
0FF:CFD	255	3325	1	890.8699863842337	4.475310175148794	1.6895294533357623	
4FE:1FF	1278	511	1	13.240811942441768	0.041340934162538145	3.5540089836292113E-4	
07B:4FF	123	1279	1	1698.808555917449	7.826342194915701	2.8990612433929948	
0DF:0F6	223	246	1	16.21755734859654	0.05402975678692671	4.7870597638987103E-4	
47F:4FE	1151	1278	1	1075.7599953755612	4.930354582546078	1.8310641504466139	
05F:4FD	95	1277	1	2151.0312855392344	9.889390195324742	3.5199229115278414	
8DD:0FF	2269	255	1	88.47123353037996	0.3261791729668489	0.0029489322374773148	
07F:5EF	127	1519	1	2507.8033287655576	13.626010442188901	6.506983782384144	
03F:47F	63	1151	1	2596.9426104829777	11.541119904204109	3.1208775535500224	
07F:5DF	127	1503	1	2500.2053238417993	13.518863042538579	6.467854783319954	
073:0FF	115	255	1	38.50793421675164	0.1419725241915964	0.0013895071959062679	
4FF:5FB	1279	1531	1	1316.6170454890448	7.2350874461603905	3.4908025730643777	
0FF:5BF	255	1471	1	946.2738252515718	4.643458073007277	1.9071074610481387	
8F7:0DF	2295	223	1	1.0938940135645345	0.003341209277327823	6.309851095611365E-7	
DFF:1FF	3583	511	1	7.546911671813639	0.023562791673714226	6.009410021178543E-5	
2FF:5BF	767	1471	1	1849.2982648583588	9.073695602996668	3.5239640302089827	
07E:4FD	126	1277	1	1297.3951892643547	5.962989096295302	1.7297781133446486	
1BF:0EF	447	239	1	7.533133524462051	0.024042885533550756	5.270261914954158E-5	
07B:6FF	123	1791	1	2886.5326475733787	16.760407905572386	8.369816247435367	
2FF:1F7	767	503	1	3.1105786398159636	0.009249369934408834	9.97064472871147E-6	
0FA:3FF	250	1023	1	161.8299411216971	0.6492108137435706	0.05462787193715395	
08F:0FF	143	255	1	6.405375944367416	0.02361496347493644	4.415051707628167E-5	
2FF:5FB	767	1531	1	2437.669591552846	13.449489471280911	6.122986141008339	
0FE:CFF	254	3327	1	554.5080504707829	2.785910684634421	0.6514400791113708	
0FB:8DF	251	2271	1	4.342577390251554	0.014882735058132283	3.950180945933551E-5	
076:0FE	118	254	1	19.605153658768764	0.07167515313155721	3.7057062000704833E-4	
2BE:0F7	702	247	1	7.943369706569143	0.026627383822251667	4.703655941462079E-5	
077:4DF	119	1247	1	211.83855497922133	0.9459638911226967	0.04349094785005071	
07E:8FF	126	2303	1	10.609616685746046	0.039244076316290434	1.1557815300273805E-4	
0B7:4FF	183	1279	1	392.86813553498513	1.8077506698225636	0.22572734183879714	
2DF:07F	735	127	1	65.87122541742562	0.2903137005252919	0.0037906554675060894	
7FF:4FF	2047	1279	1	358.5439406680285	1.6495451290165921	0.22041040382391927	
4FF:5EF	1279	1519	1	1085.327236122114	5.877983740293036	2.3740582535008263	
4FF:CFF	1279	3327	1	386.0191937762096	1.9382924528531593	0.3014812856587129	
2F7:4FF	759	1279	1	320.38933187907963	1.4739814739783321	0.10203118509591437	
0FF:7DF	255	2015	1	1511.579904937368	9.465546497379691	4.864876187650093	
8BE:2FF	2238	767	1	49.201803843508294	0.1971244356188281	8.987292179866568E-4	
09F:4FF	159	1279	1	237.17587900910502	1.0910952720266263	0.06931212801473521	
0FF:7EF	255	2031	1	1626.0502196445152	10.568469284591554	5.6220313114886915	
03B:07F	59	127	1	30.956564333114372	0.13642838848318223	4.159295229367244E-4	
8FF:2FE	2303	766	1	27.025807340208047	0.10792597157617688	3.956051273868644E-4	
45F:4FF	1119	1279	1	125.59926368548055	0.577731102845788	0.024140038447380732	
8BF:2DF	2239	735	1	9.067286324882506	0.03204823917950189	3.056363085915365E-5	
CFF:4FF	3327	1279	1	97.60452073561648	0.44893448786448165	0.00956043359236412	
07F:4ED	127	1261	1	69.92013828847608	0.3127990311065541	0.005042420688177022	
27B:5FF	635	1535	1	646.1695662028767	3.5766372014909913	0.17663149908482828	
EFF:2FF	3839	767	1	21.204188482429267	0.08495367225497995	4.4695367240912197E-4	
8DE:0FF	2270	255	1	5.374349215476612	0.01981374056085949	1.0885648981143517E-5	
8FF:27F	2303	639	1	4.022521811357664	0.013313264824462143	8.775761887665556E-6	
2FF:CFD	767	3325	1	66.38779947522029	0.332894178131137	0.004523794129088611	
2FF:4DF	767	1247	1	18.92593634261724	0.08449800654833749	3.6802468955563595E-4	
01D:4FF	29	1279	1	41.71833106926058	0.19186966222245466	3.155533854203042E-4	
0DF:CEF	223	3311	1	28.258701105239304	0.14040314427607467	0.0014489370711251318	
0EB:8FF	235	2303	1	3.5142195669136957	0.012998749193000385	2.4128691445439584E-5	
4FF:0F6	1279	246	1	3.507760247411956	0.011686063039440598	2.4969145030402422E-5	
27E:5FF	638	1535	1	121.8166879119872	0.6741232742495662	0.006326616790902244	
8FD:0EF	2301	239	1	2.7648654821529393	0.008824347061934391	4.126270934222477E-6	
5FF:5FF	1535	1535	1	62.84516231280891	0.34780068274758635	0.007754949471566135	
0FB:6FE	251	1790	1	59.60811850484928	0.34469560486573597	0.007408944866864817	
3FF:8FF	1023	2303	1	2.6110604563587243	0.00965801256331823	6.858131329134608E-6	
8D7:4FF	2263	1279	1	16.736891665088383	0.07697569768274426	1.051096647513476E-4	
07F:4FC	127	1276	1	8.814807725051717	0.0403971139814203	8.01143626316003E-5	
8FF:07B	2303	123	1	1.0994062525195845	0.0033716316048150313	6.558644131326851E-7	
072:0FF	114	255	1	3.0789752428668873	0.011351340197347461	8.80519532514461E-6	
2FF:2FB	767	763	1	5.9142763415312904	0.023402839858235873	3.59712592408436E-5	
0BD:9FF	189	2559	1	2.9485579570877225	0.010561395376336064	1.3176996051606338E-5	
8F7:0F7	2295	247	1	3.0335073580065886	0.010168734914086227	4.849496672069491E-6	
ADF:4FF	2783	1279	1	11.754071302606155	0.054058821811648804	5.824672242735054E-5	
137:0FF	311	255	1	4.264964535474697	0.01572373380477256	5.38011674096461E-6	
26F:5FF	623	1535	1	30.079301914183247	0.16644974807527518	3.71112946669993E-4	
0FB:8BF	251	2239	1	2.4525810080715074	0.008287082751893928	1.2601059376098307E-5	
8ED:4FF	2285	1279	1	9.4424356052142	0.043427188413571224	3.4271845205517395E-5	
07A:4FF	122	1279	1	7.396274565154514	0.0340167110508609	5.443385378677725E-5	
23F:47F	575	1151	1	6.943524434541367	0.030820990453642158	1.6974688841499687E-5	
8FC:8FF	2300	2303	1	3.1104456190892606	0.011505169480921461	5.20553151071115E-6	
8EF:8FF	2287	2303	1	3.02894423408769	0.011203699903366393	3.5380866772491593E-6	
0CB:07F	203	127	1	6.020800422567973	0.02653416277293368	5.9757456682688835E-5	
03F:CFF	63	3327	1	7.65977343746755	0.03843867445739605	2.705469869957914E-5	
01E:4FF	30	1279	1	6.315987451440136	0.02904811015767401	7.508418278667464E-6	
1BF:2FE	447	766	1	3.9267941017242394	0.01568124918671713	1.4297840496251344E-5	
2FF:5F3	767	1523	1	10.761446632901084	0.05906312426237355	1.1874224474657093E-4	
17F:0EF	383	239	1	2.2868573882891994	0.007298736180175404	3.463446050903036E-6	
8FF:17D	2303	381	1	1.1689786121522758	0.002397820592752346	7.43006370902839E-7	
2FF:0FD	767	253	1	2.943593921847429	0.0106691161353372	8.917182871240084E-6	
8BF:27F	2239	639	1	1.274207880566114	0.004217214689613416	6.038425245692257E-7	
8F7:8F7	2295	2295	1	2.6886168232573366	0.009864754830927266	3.806779214466403E-6	
03F:43F	63	1087	1	3.0325281594773448	0.012374941860811998	4.248486632630418E-6	
27F:0EF	639	239	1	2.1297824053117567	0.006797411474623762	1.9474970069815332E-6	
01F:CFF	31	3327	1	3.466502374117137	0.01739573327068011	2.3116959426799444E-6	
07F:4EF	127	1263	1	3.1299914252730874	0.014036592010302483	1.0103024918316513E-5	
3FD:0FF	1021	255	1	2.340559236625169	0.008628997808544469	5.4692325547241516E-6	
5F7:0FF	1527	255	1	1.7868719773385642	0.006587712762779193	6.212156370879154E-6	
05F:4FB	95	1275	1	2.8694625222929107	0.013115991909430242	6.243720028979673E-6	
0FF:4F3	255	1267	1	2.28049018750782	0.01038598744383495	1.1039659027658255E-5	

