BMLVN	12	x2
metabolism	0.9970000
mutations	0.0000100
catastrofic	0.0000100
minWeight	0.1
start biomas	2.0	_
env.size	25000.0
feedSourceH	0FF
0C7
0B5
023
011
feed port max	50000.0
timeQuant	0.01

key	suscepBits	activeBits	maxsize	popBiomas	currincome	currloss
FFF:000	4095	0	1	14540.457993806087	424.6150207519531	216.48564186835875	
0FF:000	255	0	1	9266.146446532144	19.99378204345703	193.11606524920526	
00F:000	15	0	1	25000.0	90.8676986694336	8.41745088105588	
777:000	1911	0	1	12582.43908232842	289.0771789550781	204.63741519274154	
555:000	1365	0	1	11921.569091694826	56.33250045776367	209.0941722025871	
0FF:0FF	255	255	1	347.9208043345099	1.1837950803770585	0.26033037223921324	
0FF:1FF	255	511	1	259.62049030039765	0.8565821955024414	0.1451687313750085	
0FF:0F7	255	247	1	282.54018515860616	0.9168078452260106	0.17178277849932164	
0DF:0FF	223	255	1	404.2781782497162	1.3754074093040425	0.30204460464009036	
0FF:0FE	255	254	1	339.79627631259456	1.1496702861312365	0.2483323482105183	
0FF:8FF	255	2303	1	309.6646507374371	1.1202646496206197	0.20658713899906642	
8FF:0FF	2303	255	1	1335.5425980011858	4.542453920610005	0.9759547762245646	
0FF:0DF	255	223	1	124.30135124665692	0.3497147374423074	0.03329531249966885	
0FF:0EF	255	239	1	227.00972786430526	0.7043353674224173	0.11094938217899471	
07F:0FF	127	255	1	765.1348889648976	2.601262964195012	0.5684199261183468	
0FB:0FF	251	255	1	352.7077574235565	1.2000736427129044	0.26359488696615035	
0FE:0FF	254	255	1	349.06297396399816	1.187679533316784	0.26118853625752925	
0FF:4FF	255	1279	1	856.1184628934855	3.974471155393332	1.5778972423897268	
1FF:0FF	511	255	1	530.7148099954826	1.8055810873461773	0.39636872838663395	
0EF:0FF	239	255	1	371.6277938808265	1.264408722626697	0.27829646397430957	
0FF:0BF	255	191	1	33.67077603956346	0.08031300320087029	0.002445734780327554	
4FF:0FF	1279	255	1	415.2142718304424	1.4134417943948465	0.34232239535302966	
0FD:0FF	253	255	1	350.50772163540915	1.1925922692370075	0.2622545361735416	
0FF:0FB	255	251	1	317.39063115372113	1.0570252369514572	0.2167069581390137	
0FF:07F	255	127	1	441.76493767945186	1.6545997827958432	0.4199892225881368	
0BF:0FF	191	255	1	482.7526100877375	1.6421403104159706	0.3595864262456608	
0BF:1FF	191	511	1	359.92842829279147	1.187446471465727	0.20032461337343832	
0FF:1FB	255	507	1	233.1560250848438	0.7537565321797536	0.11709766173784068	
0FF:0FD	255	253	1	332.12225083566034	1.118089859326498	0.23725825723533703	
2FF:1FF	767	511	1	574.5858747223845	1.8956028929376358	0.3302527189687125	
0FF:3FF	255	1023	1	528.6528884395996	2.088976778840168	0.601819042870155	
07F:1FF	127	511	1	570.4306828925304	1.8816217384732155	0.3171287515658452	
2FF:0FF	767	255	1	759.6873062796116	2.583990686717008	0.5759461781309109	
0FF:5FF	255	1535	1	1331.5904519152473	7.5887066668672984	3.8155702575373462	
0FF:2FF	255	767	1	448.04213998944715	1.6650237489290929	0.4322753774201012	
0F7:1FF	247	511	1	267.39003655100515	0.8822125435770488	0.14943376197139024	
07F:0FE	127	254	1	747.2268460919553	2.5262562558269135	0.542244359191713	
0FF:1F7	255	503	1	204.69349071296568	0.6470851159703858	0.09026605659664727	
4FF:1FF	1279	511	1	316.7762930591208	1.0454030379264965	0.19934573365910754	
0FF:1FD	255	509	1	248.7414995829925	0.8133738899060342	0.13326592052677977	
0FF:1DF	255	479	1	113.2659116130952	0.3265753805003661	0.02765353830019039	
0DF:4FF	223	1279	1	994.5650665433287	4.616769927480759	1.8303204901972552	
1FF:1FF	511	511	1	395.2887546898564	1.3034225035395919	0.21952574386571638	
0DF:1FF	223	511	1	300.14681596160307	0.9902625875544703	0.1667777082081423	
8FF:1FF	2303	511	1	998.1894928890528	3.2938900061255865	0.5474515987498424	
0FF:1EF	255	495	1	151.5681780478308	0.4562104980562266	0.04950595166589421	
2DF:0FF	735	255	1	889.7704601338113	3.0261964389782565	0.6748213128339949	
1FF:0FB	511	251	1	483.9845390341614	1.6117178119941618	0.32974602978620365	
0FE:1FF	254	511	1	260.4754214875891	0.8594025665778947	0.1456508392005189	
0FF:17F	255	383	1	12.772339087499438	0.028581941485662843	3.520524969149859E-4	
0DE:0FF	222	255	1	405.79125055894497	1.3805523521229732	0.30318467421330225	
0FF:9FF	255	2559	1	275.2106568965418	0.9777199439739048	0.16321243967012256	
0DD:0FF	221	255	1	407.71318882421775	1.3870863503657263	0.3046032697783815	
0FB:1FF	251	511	1	263.4295525159194	0.8691476412954882	0.14725712902518975	
1FE:0FF	510	255	1	357.95975183597926	1.2179823728881336	0.17974556352302604	
0EF:1FF	239	511	1	276.7075930510162	0.912948503348356	0.1545299284537363	
0FF:0FC	255	252	1	324.0865943096454	1.0848792010264778	0.22593262713731138	
0EF:8FF	239	2303	1	330.128314140989	1.1942910393273294	0.2200296281186602	
0FF:0D7	255	215	1	86.49072710938795	0.23133268222256878	0.016126340047286938	
0DF:2FF	223	767	1	520.8313299353905	1.9354221765302986	0.5020889046390147	
0B7:0FF	183	255	1	502.6636503704957	1.7098146736809055	0.37409603816686815	
1FD:0FF	509	255	1	534.6492213934373	1.8189620891747103	0.39901494898745865	
0DF:8FF	223	2303	1	359.8454373672714	1.3018624946612232	0.23989102822530756	
0FD:1FF	253	511	1	261.5382238375166	0.8629084910996063	0.14622923957723888	
07E:0FF	126	255	1	769.7821167359461	2.6170472486246177	0.5718716374939269	
CFF:0FF	3327	255	1	814.9160356828158	2.774472527983218	0.6565959985049159	
07F:4FF	127	1279	1	1887.3135960435284	8.766122041765929	3.4791847247530487	
0FE:0F7	254	247	1	283.63237219199743	0.9203509496661442	0.17254958130783682	
0FF:0E7	255	231	1	168.66123045480109	0.49669915505920864	0.06127569676305478	
17F:0FF	383	255	1	1039.5086219575944	3.535984720096952	0.7853391086771175	
07F:0FD	127	253	1	730.3112863433894	2.4568335778554413	0.5180800285376096	
4FF:0EF	1279	239	1	276.93003594624486	0.8594241205718735	0.15232194269552676	
0BF:0FD	191	253	1	450.9266385088303	1.5177229383603217	0.3138208927919124	
09F:0FF	159	255	1	587.0700789174017	1.9965998336169206	0.4341296026100709	
0DF:0FE	223	254	1	394.8315912235724	1.3357458471713555	0.28811997212843493	
0FE:4FF	254	1279	1	858.910700076848	3.9874287201129994	1.5830368058867177	
1FB:0FF	507	255	1	539.3568104326706	1.8349722441355378	0.402822702331931	
03F:0FF	63	255	1	1703.8720403036207	5.7811284081214245	1.2591196138240577	
4FF:0F7	1279	247	1	342.2525426273976	1.1109452918513467	0.23262383920868868	
8FF:8FF	2303	2303	1	1185.8106161223925	4.263322692492355	0.7455779088625136	
8FF:0F7	2303	247	1	1082.37917425806	3.51129793064162	0.6416433025896299	
0FF:0F3	255	243	1	254.0893584196213	0.8065083836979371	0.1389640563863612	
0FB:07F	251	127	1	447.90621973405837	1.6776140909040171	0.42540325475758545	
0FE:8FF	254	2303	1	310.67578218696696	1.1239224550893405	0.2072621295858211	
1FF:0F7	511	247	1	430.81559909420764	1.3978561256775226	0.26136925232267316	
1FF:0DF	511	223	1	187.1540665427246	0.5265399155733194	0.04940510549789276	
0EF:0F7	239	247	1	301.3105175919417	0.9776920073822915	0.18306110944088755	
0FE:0FD	254	253	1	333.22259439690674	1.1217926727655263	0.23805482167693848	
0FE:0FB	254	251	1	318.4046790581439	1.0604011562978226	0.21738345963545344	
0FF:0BB	255	187	1	3.7358142678415565	0.008660973911814375	3.011259735610436E-5	
2FF:4FF	767	1279	1	1852.7163404816995	8.60553246782594	3.438432605049353	
8F7:0FF	2295	255	1	1378.4687276101447	4.688444596608336	1.0082623022951211	
077:0FF	119	255	1	810.920960958507	2.7567230230343496	0.6016317152914613	
4FF:0DF	1279	223	1	159.77107620827763	0.4495521204861275	0.050716806234615594	
8BF:0FF	2239	255	1	1929.7015615835749	6.569404722692453	1.4134408331628578	
07F:0DF	127	223	1	259.56996530103135	0.7302416511306158	0.06575343313634804	
0DF:0FD	223	253	1	385.8732357862172	1.298921263855912	0.2752168215982959	
8FF:0EF	2303	239	1	845.2300434849942	2.622051360873182	0.3916116398944616	
0BF:0DF	191	223	1	171.35830336768927	0.4820947627612051	0.04543897951107112	
0F7:3FF	247	1023	1	544.7236381202998	2.1524631241832477	0.6200690981199083	
0DF:0F7	223	247	1	328.0747133211989	1.0644922838855058	0.19905134816575054	
0FE:0DF	254	223	1	123.78339867249018	0.34825717514777815	0.0329110696565115	
0FF:0F9	255	249	1	301.8611425543674	0.994530552271951	0.1960461047788838	
0FF:077	255	119	1	28.162124325981022	0.06684768386947192	0.0017110891836870125	
0FF:8FE	255	2302	1	308.4004922744365	1.114660492357928	0.2049047135261227	
07F:0FB	127	251	1	697.7490191065542	2.3222755475633643	0.4731021665560681	
0FF:CFF	255	3327	1	877.3831579296517	4.368728045435838	1.6583982911283368	
8FF:0DF	2303	223	1	452.7566262311336	1.2738784668621108	0.11267081938063192	
0BF:0FE	191	254	1	471.41914062114444	1.5946201500493995	0.34294031917230905	
07F:0EF	127	239	1	494.46529568743483	1.5337474075894995	0.23811501566613802	
0FB:8FF	251	2303	1	314.24777792621734	1.136844056712779	0.20961428812481847	
0FF:6FF	255	1791	1	1307.3557265206455	7.404636073421535	3.6787879216510655	
4FF:0FE	1279	254	1	406.01742781274646	1.374360012618465	0.32733198096526006	
0EF:0FE	239	254	1	361.5183940512623	1.2231222936819608	0.2633837256834085	
4FF:8FF	1279	2303	1	370.5021824149504	1.340509106256401	0.27258342534556446	
0FD:0FB	253	251	1	319.7168312634069	1.0647689263232936	0.21826321331743803	
0BF:8FF	191	2303	1	429.60816791060597	1.554250136632868	0.2856728919056988	
0FF:2DF	255	735	1	285.0470226828955	0.9402249929326371	0.1750857592872872	
0EB:0FF	235	255	1	376.90247384794577	1.2823435514832715	0.28146845037138357	
07F:0F7	127	247	1	620.4790612177161	2.0124127751429164	0.374442367639102	
0FF:4BF	255	1215	1	652.3319630972805	2.733700540553552	0.916776814957055	
0FF:0DE	255	222	1	118.31273508275262	0.33096421024069184	0.030165849162284066	
0ED:0FF	237	255	1	373.91921136231804	1.2721999276611544	0.2794237029312429	
0EF:4FF	239	1279	1	913.0603394245584	4.238674605180769	1.6818056991022334	
0FE:0BF	254	191	1	23.474153202887035	0.0559905016790593	0.0011848791152795088	
0D9:0FF	217	255	1	413.79434858046886	1.4077619366029308	0.308452442749269	
0FF:1DB	255	475	1	94.87194024415396	0.26812241145358773	0.0194030761414035	
0E7:0FF	231	255	1	383.3521565757511	1.304273740816153	0.28623719877629167	
17F:1FF	383	511	1	774.6923425270218	2.5508419181913418	0.4321662270428058	
27F:0FF	639	255	1	2084.2111574462047	7.095874751935848	1.6632036500219154	
0EF:0EF	239	239	1	239.7787069069713	0.7439142464235261	0.11596236376562283	
07F:8FF	127	2303	1	680.7534304338728	2.4628509199957977	0.4525193950654095	
0BF:4FF	191	1279	1	1189.6270030959345	5.52150026573612	2.1871438599241295	
07D:0FF	125	255	1	776.2332210493112	2.638947348909648	0.5766365672826305	
2FF:8FF	767	2303	1	674.7527156531323	2.441168022210593	0.4559307174509832	
8FF:07F	2303	127	1	1696.321770974845	6.35596577635596	1.5808148134385245	
0FE:0FE	254	254	1	340.7946200062056	1.1530416399319452	0.2489749238208121	
4FF:0FB	1279	251	1	380.7921159551249	1.2686975503736717	0.28793764086486134	
0FB:0FB	251	251	1	321.9240638870426	1.0720996340714295	0.21963567046450952	
0FD:8FF	253	2303	1	311.8954772018636	1.1283345081585212	0.20802184684969385	
0FB:4FF	251	1279	1	868.8657156332945	4.033620863198127	1.6012775292797237	
05F:4FF	95	1279	1	2548.2568437599975	11.836030522536667	4.694263993435688	
0FB:2FF	251	767	1	454.55844556775133	1.6892327520756578	0.4383827229682908	
0DF:0EF	223	239	1	261.3808947981604	0.8109458651737851	0.12642383469546362	
0FF:07E	255	126	1	373.20473885137517	1.3354920747124825	0.2998348272009573	
8FD:0FF	2301	255	1	1341.4032545498649	4.56241076131226	0.9795686786161572	
0F9:0FF	249	255	1	356.03148808369747	1.211376614486251	0.2665639702054773	
8FB:0FF	2299	255	1	1345.5022272115405	4.5763849047084255	0.9811624569381412	
0FF:47F	255	1151	1	785.7217890070924	3.525731216954471	1.3307747251471982	
1BF:0FF	447	255	1	731.4186068109177	2.4880513567154434	0.5463281443482787	
0FB:0FE	251	254	1	343.8240174411712	1.1632903494893987	0.250502949491774	
2FB:1FF	763	511	1	581.5722447461663	1.9186475809166876	0.33274311616324376	
0DF:07F	223	127	1	513.3716776274797	1.9229047029086448	0.48771563714150185	
07F:0BF	127	191	1	24.729274604257363	0.05898279060506556	5.978133326721951E-4	
0BF:0EF	191	239	1	305.50057081572663	0.947780759594978	0.1442469634712537	
0BD:1FF	189	511	1	361.09245328398725	1.1912834771417617	0.19963838677272097	
0FF:4FD	255	1277	1	852.2549592888731	3.9493801333552105	1.5637250267979248	
2FF:3FF	767	1023	1	1146.428267395838	4.513354179272979	1.298420513989847	
0FF:87F	255	2175	1	172.8053585999292	0.5583732681800916	0.06436128703344136	
0EF:1FB	239	507	1	247.49288899271662	0.8000975945082319	0.12364022776690738	
0AF:0FF	175	255	1	530.1069810482163	1.803054209464826	0.39106948782519263	
07E:1FF	126	511	1	571.750030324778	1.8859722740510032	0.3166803270400158	
0FD:0EF	253	239	1	225.18917787724024	0.6986858771813569	0.10836840419562777	
1FF:3FF	511	1023	1	807.0864275928848	3.185903323478863	0.9149462232128235	
0FD:0F7	253	247	1	282.0260717970902	0.9151386679032976	0.16988966237753486	
87F:1FF	2175	511	1	1423.1006532928802	4.695930258622155	0.7473507356978558	
1FD:1FF	509	511	1	390.72913701771506	1.2883998415513598	0.2127613691725824	
4DF:8FF	1247	2303	1	390.87535011047544	1.4142219734888652	0.28784281870297707	
2FF:0FB	767	251	1	687.9768726849544	2.290608241098878	0.472554115458963	
0BF:0FB	191	251	1	439.7925008176314	1.4643675550570852	0.2985648786432163	
8FE:1FF	2302	511	1	981.0373742581908	3.2372554014078756	0.5274190940026121	
2FF:0EF	767	239	1	489.88297422957277	1.5197375374455415	0.23989401649779526	
0DF:1FB	223	507	1	258.2049995922591	0.8347084449068694	0.12344423344059452	
1FF:8FF	511	2303	1	472.0593512381564	1.707833015821812	0.31435453063369745	
3FF:0FF	1023	255	1	733.9987235532307	2.4972810525010902	0.5542601013581491	
06F:0EF	111	239	1	542.2357425094708	1.6815695496558076	0.25119247218930074	
0F7:0BF	247	191	1	1.355599800874027	0.0032332291424727396	3.847325538297518E-6	
05F:0FF	95	255	1	1030.3428589781793	3.5011783013205764	0.7611333643378485	
17F:0FE	383	254	1	1008.5521782989538	3.4115328098340703	0.7393712943025011	
0FF:0FA	255	250	1	303.86666119169604	1.0062427833208547	0.1986501341543202	
2FF:5FF	767	1535	1	2878.4487412198096	16.41800652554144	8.299122449631678	
1DF:0FF	479	255	1	611.277501311576	2.079553092800342	0.4556864759450265	
07F:5FF	127	1535	1	2935.9695411958432	16.745831419507613	8.41903268471846	
0FE:1FB	254	507	1	230.00254633498855	0.743558603282568	0.11358045768109495	
0FF:1DD	255	477	1	100.85551401526527	0.2883794153532348	0.021926395187819973	
2EF:1FF	751	511	1	594.1015836571245	1.959968979008485	0.32961294683742537	
8DF:0FF	2271	255	1	1828.7825354286852	6.225665616980186	1.28818932446207	
0DB:4FF	219	1279	1	1012.4033995646489	4.699534013365607	1.8647862342419086	
0BE:0FF	190	255	1	483.59332835673064	1.6449993517828534	0.35928347112384107	
1FF:4FB	511	1275	1	1287.2611377663654	5.943017572998207	2.3382528399784084	
0FD:2FF	253	767	1	450.10947490418965	1.6727012276205138	0.43303837393110134	
4F7:1FF	1271	511	1	303.18467396997914	1.0005145031252272	0.18032444118012889	
4FE:0FF	1278	255	1	414.99030753064005	1.4126788692108951	0.34143796948034816	
0F5:0FF	245	255	1	359.0238803544821	1.2215513875423865	0.2669488086004648	
0FE:07F	254	127	1	431.46012969098854	1.616001697707097	0.3993218795672042	
07F:0F6	127	246	1	594.9836601897169	1.9186732447753054	0.34438347577352885	
4FF:1FB	1279	507	1	283.70934764159	0.9173634923413222	0.15990047048628286	
0F7:1BF	247	447	1	1.7833056431258933	0.004133622228157515	6.658983891952725E-6	
2DD:0FF	733	255	1	866.7337383943355	2.9479609799278212	0.6349640181596835	
9FF:0FF	2559	255	1	1591.439490866661	5.417631615285682	1.104877171585333	
09F:2FF	159	767	1	740.3318600865335	2.750601302922811	0.6920882370532812	
0BB:0FF	187	255	1	491.8206850702255	1.6729627133497382	0.36588252134319355	
1F7:0FF	503	255	1	545.7171706483516	1.85660532504535	0.40557818977894067	
0FF:8FD	255	2301	1	306.1059838201495	1.1054112327897234	0.20186708034065975	
4FF:5FF	1279	1535	1	1486.4991331258195	8.435408184927917	4.345127471609557	
1FF:5FF	511	1535	1	2031.7384412943304	11.543682392063525	5.779849806727743	
2F7:1FF	759	511	1	406.6236117301581	1.3414267530186785	0.15995583265014657	
07B:0FF	123	255	1	785.138911272274	2.6691928632730813	0.5814219485423001	
CFF:1FF	3327	511	1	603.9487854327817	1.993045564084446	0.36056396416760084	
4FF:0FD	1279	253	1	382.9000540601305	1.289584024458835	0.29111327743627385	
2DF:1FF	735	511	1	643.0892026187802	2.1215476083281386	0.3534375575689309	
8DF:4FF	2271	1279	1	4723.81130399577	21.940444671317294	8.592735558319974	
1FF:1FD	511	509	1	360.6920061032081	1.1788429731592456	0.18284834932448574	
0BF:9FF	191	2559	1	369.1118723955185	1.3112872171676813	0.21087026614472426	
0F3:1FF	243	511	1	267.891305071752	0.8838617005639688	0.14772115876117328	
0FD:0DF	253	223	1	80.24635375080034	0.2257570526587977	0.013775117324792953	
0FA:1FF	250	511	1	259.90956234474925	0.8575303093725107	0.14287471233640012	
0FF:4F7	255	1271	1	849.2704918929055	3.929774454129341	1.552882290531792	
2FE:1FF	766	511	1	531.0462110267374	1.7519530048457497	0.28103926153231873	
0EF:1DF	239	479	1	105.77619041710213	0.30497302932285514	0.022600478959125765	
0FF:3FD	255	1021	1	519.1054837821052	2.0409432681741837	0.5802949130714117	
47F:0FF	1151	255	1	532.3734536715751	1.8125499032161991	0.4363475697241587	
4FD:0FF	1277	255	1	410.25507756864323	1.3965512200895636	0.33313285464647857	
8FF:2FF	2303	767	1	1715.4745943470439	6.37676804204914	1.6168439552061469	
0FC:1FF	252	511	1	259.3872352191549	0.8558088842989603	0.14333336820542059	
0FF:1ED	255	493	1	93.77843789500794	0.2799336748230082	0.01895164698991939	
2FF:2FF	767	767	1	950.1984488200517	3.5183772403975047	0.8907283298549828	
1DF:1FF	479	511	1	349.2476361443118	1.151691363826134	0.1485324072087064	
CEF:0FF	3311	255	1	809.9910907341548	2.7576593283581428	0.6391609710579259	
07F:2FF	127	767	1	983.2184886496724	3.652368451112352	0.9418192514451286	
87F:0FE	2175	254	1	1841.3431129593614	6.233081937436837	1.2513613009109565	
4FB:0FF	1275	255	1	414.88722633190736	1.412327072285346	0.339645270667097	
07F:0FC	127	252	1	640.9575395639126	2.144488383502324	0.3993174496381123	
079:0FF	121	255	1	782.7221395626146	2.661024902873732	0.5693682267644092	
0DF:0FC	223	252	1	315.6793771582521	1.0567072361815992	0.1842535526032437	
8FF:1FD	2303	509	1	855.8877783793537	2.7989498251168317	0.4024493115388264	
05F:0FE	95	254	1	988.3272236357631	3.3400153646976727	0.7006512912416524	
0BF:0EE	191	238	1	171.31051390758543	0.5283321228747867	0.045383237568898886	
1F7:1FF	503	511	1	317.1422785603928	1.04590359754586	0.13683556715436768	
06F:8FF	111	2303	1	740.0418116915249	2.6772664039775695	0.46977399293152167	
0DF:3FF	223	1023	1	614.4629836345116	2.427929766792126	0.698859376200057	
0FF:4FB	255	1275	1	843.3986963366712	3.891941602029538	1.5314427527008425	
07F:1FE	127	510	1	341.2665670355929	1.1199993936430392	0.1135671431054478	
8FF:8F7	2303	2295	1	990.5512924062014	3.5392246555370894	0.5232942492300857	
0FF:9DF	255	2527	1	222.13210767459236	0.7786687104250078	0.10631315988185563	
27F:1FF	639	511	1	571.7902688862251	1.886210442285469	0.1250616999570378	
4FB:1FF	1275	511	1	304.7574472175206	1.0057115239989933	0.18334091669066985	
0FF:7FF	255	2047	1	1744.272612423453	11.560038535668726	6.5467275736117365	
07F:1FB	127	507	1	126.6305323705563	0.409267910032918	0.015645436218052682	
07F:1F7	127	503	1	377.96446143312824	1.1946792406893008	0.1393485309767892	
1FB:1FF	507	511	1	360.7404764501708	1.1895925684519773	0.17994884497948976	
2FF:CFF	767	3327	1	1898.3975369292154	9.452732431517035	3.6079892806793143	
CFF:0FE	3327	254	1	615.8040024771367	2.0843945075688737	0.37480343604910005	
0FF:1EB	255	491	1	31.512443655242766	0.09299987795124261	0.002139973230562531	
0FF:1FC	255	508	1	185.70706400300315	0.6041073221626134	0.07428111502370917	
1FE:0FD	510	253	1	462.89974129071356	1.558280753306098	0.30052014585607145	
47F:4FF	1151	1279	1	1264.5081130017404	5.844800106068676	2.432044200790155	
2FB:8FF	763	2303	1	537.1698295372337	1.9431266706829171	0.2841023217292165	
2DF:4FF	735	1279	1	2168.623676518302	10.07286755053707	4.025287051313187	
2FF:9FF	767	2559	1	518.8710712924515	1.8432186704775682	0.2695564437935302	
0F6:1FF	246	511	1	236.7084074737814	0.7809606714319539	0.11671416051273518	
8FF:1FB	2303	507	1	230.50438165041948	0.7450026540431806	0.029172294502661143	
6FF:1FF	1791	511	1	261.97537248980336	0.8643905533849818	0.11549885381140715	
0CF:8FF	207	2303	1	262.42031561697036	0.9491915585340286	0.11872829988472969	
0FF:8F3	255	2291	1	269.39754385455257	0.9631743068253478	0.15634770024932898	
0DB:0FE	219	254	1	344.1335667603187	1.1642990178540307	0.2152539861274028	
0F7:2FF	247	767	1	447.6918784053609	1.6636892642037104	0.4188246357772098	
077:0FB	119	251	1	480.03588062620724	1.5982846435515883	0.21133901435282632	
47F:1FF	1151	511	1	275.0582651123247	0.9075417333699961	0.1164116160378637	
0BF:1DF	191	479	1	54.3177535444387	0.15659119153274526	0.004567451887229158	
5FF:1FF	1535	511	1	239.2664666265787	0.7894116141285552	0.11220728240539768	
0FF:8E7	255	2279	1	94.26305565100604	0.3164103974680456	0.01913979284785971	
13F:0FF	319	255	1	1558.928396572387	5.306406523821231	0.9202220862989932	
07E:0FB	126	251	1	353.7774688590821	1.1780344707526742	0.12113657437702713	
06F:0FF	111	255	1	475.1272569743343	1.6162350313241551	0.19288856469306442	
0DE:2FF	222	767	1	487.97912702129855	1.8133041499218807	0.4391014657114492	
9BF:0FF	2495	255	1	581.7720510821628	1.9795868319229293	0.13823169912366653	
0BF:0F7	191	247	1	269.4929301405492	0.8744151347144015	0.11221916421560722	
0FF:2FD	255	765	1	372.15807422759417	1.373459787411796	0.29822548257513903	
0EF:1F7	239	503	1	59.86331446394993	0.18919940990170842	0.0072341368786868355	
2FF:07F	767	127	1	738.8951316930744	2.7669754619572258	0.5455939274359825	
0FB:6FF	251	1791	1	1327.162469811666	7.51674807008808	3.735213388188507	
1FB:07F	507	127	1	517.7567052258141	1.9390540454088858	0.3715340770600182	
03F:4FF	63	1279	1	4200.262981534767	19.509337569830674	7.7682461017954925	
0EF:3FF	239	1023	1	550.6200675558849	2.1757108345742084	0.6117738171551101	
8BF:2FF	2239	767	1	2306.3624145946355	8.572643004886803	2.018389089246012	
0FD:1F7	253	503	1	112.11746312471982	0.3543841089438922	0.026878344484704157	
09B:0FF	155	255	1	507.4242328233901	1.726004636389009	0.3172856259730487	
1BF:0FE	447	254	1	584.2087483536736	1.976415073015868	0.34871679247589504	
1FE:8FF	510	2303	1	264.7155943615901	0.9574168235278047	0.0984302561350368	
1DE:0FF	478	255	1	418.7755628493995	1.4248728594014177	0.2131189193289408	
0DF:4FD	223	1277	1	990.9803678960465	4.591828664310682	1.8172109749377514	
0EF:0FC	239	252	1	234.66653806101573	0.7855685586553596	0.11103374039296575	
16F:0FF	367	255	1	509.8776526524405	1.734840631039715	0.17009139128648806	
87F:0FF	2175	255	1	827.1579417081545	2.8147468317646567	0.2523186639903662	
0EF:9FF	239	2559	1	244.2169586940616	0.8675245707828743	0.1204179805118676	
0EB:07F	235	127	1	415.7173680718388	1.557049686849433	0.3427652541859303	
0BE:0F7	190	247	1	225.35526195820935	0.7312088097057627	0.0781474444061852	
07F:8DF	127	2271	1	94.32364181404901	0.316471655571332	0.008682190932873259	
07A:0FF	122	255	1	482.85190495661425	1.6424872935003856	0.2189564601603245	
2BF:0FF	703	255	1	911.0278966066022	3.098778174425976	0.5977246352097167	
4FF:1DF	1279	479	1	14.831623433952283	0.04275555268264167	4.368381456219604E-4	
09F:0EF	159	239	1	68.37840133761424	0.21212026319211413	0.005909956507805419	
17F:1EF	383	495	1	35.37678733172034	0.10645530223947584	9.118959464991716E-4	
07F:8FB	127	2299	1	426.0390307504182	1.5355268395812505	0.17715439233624217	
06F:0F7	111	247	1	306.6322662641874	0.99484157443149	0.08047309069253637	
0D7:8FF	215	2303	1	261.0074960041189	0.9440950845288139	0.12191408960631922	
CFF:2FF	3327	767	1	995.258958850908	3.6997320580843875	0.9791015435815934	
07F:1DF	127	479	1	18.09327019661047	0.052157370006040496	3.1970471645312835E-4	
03F:0FB	63	251	1	390.2940396027864	1.2995662399462138	0.06681593185913712	
076:0FF	118	255	1	518.5685355432307	1.7639087427756812	0.24491373453981893	
03F:0EF	63	239	1	118.57801810422504	0.36783544267432655	0.006184186143301828	
2EF:5FF	751	1535	1	3084.2701844224794	17.59198238572674	8.895703030891251	
07B:1FF	123	511	1	156.58366119870016	0.5164841501133801	0.023236614250476385	
87E:1FF	2174	511	1	138.32063586246852	0.4562130859818181	0.007050576502279967	
03F:0F7	63	247	1	281.4222616529351	0.9130177582130791	0.03478082074056358	
0DD:2FF	221	767	1	507.3643890929274	1.8853550225930573	0.47243063065575985	
07F:CFF	127	3327	1	1933.215727806911	9.625975549659517	3.648358092017414	
0FA:1FB	250	507	1	100.22887451171044	0.3239648265052617	0.021247952592215874	
1DF:0F7	479	247	1	376.86318858705823	1.222825530296671	0.1733903352394036	
4BB:0FF	1211	255	1	281.9274737169483	0.9595193867352726	0.14057130415686134	
6FF:8FF	1791	2303	1	257.3297544265201	0.9307604286400419	0.11136634077917712	
0AF:0FB	175	251	1	234.3217298187542	0.7803331587069203	0.07654107000614964	
0FB:5FF	251	1535	1	1351.294139010532	7.7009073527572385	3.8713792067406403	
0EC:0FF	236	255	1	251.4258565949429	0.8555128360495426	0.12594997823252477	
0FF:2EF	255	751	1	319.9310165900345	1.12628394495538	0.22046464543341293	
07A:1FF	122	511	1	131.0204163756663	0.43215794055922213	0.016169121222064847	
0DF:8F7	223	2295	1	153.39044094856263	0.5503185808264814	0.04355844314661953	
03F:0FD	63	253	1	518.006582751915	1.7434100459061797	0.11755176957858592	
03F:0FE	63	254	1	597.1371388709983	2.019695593638673	0.15608639896257795	
0FD:8F7	253	2295	1	223.47496711847594	0.8018971767018493	0.10676920568430433	
8FF:0FD	2303	253	1	369.67632539238537	1.2444383222159203	0.074936073940802	
0DE:1FF	222	511	1	121.50091661255934	0.4007945503140928	0.027228921728477837	
07F:0DB	127	219	1	13.431638898721712	0.03691107336414437	1.7622865079271264E-4	
0CF:0FF	207	255	1	259.8108202920932	0.8840119803573085	0.1161997044945817	
07F:0DE	127	222	1	6.963153515823973	0.0194750355564016	4.73582354346064E-5	
0DF:CFF	223	3327	1	1020.0489808443003	5.0790949887770465	1.9270964227049145	
2BF:1FF	703	511	1	163.25233321363757	0.5384724135734107	0.019248894527701423	
09E:0FF	158	255	1	356.00054991073137	1.2111643624489576	0.15906327104454343	
0DD:8FF	221	2303	1	290.1012990711	1.0493995049529135	0.15455768918822665	
1EE:0FF	494	255	1	398.28029510369925	1.3551534037422894	0.2079486482244599	
23F:0FF	575	255	1	920.6757285524925	3.132957128405904	0.2741727904469055	
0EE:0FF	238	255	1	184.08795139237125	0.6263830147922408	0.06809545221581094	
0BF:0BF	191	191	1	2.081685838200222	0.004965012371304216	6.714919229713772E-6	
27F:4FF	639	1279	1	4940.5403511679815	22.948720335105968	9.342927436857723	
87F:8FF	2175	2303	1	525.8031212512531	1.8991803831280483	0.09969735489733933	
8BF:07F	2239	127	1	583.952976061491	2.186470740461658	0.1292152527256196	
27F:2FF	639	767	1	2158.3503978528156	7.888021569000423	1.6485469038419434	
1EF:0FF	495	255	1	389.9400729153339	1.32677956370607	0.20010920227767223	
09F:0FE	159	254	1	333.80942227831065	1.129311730338528	0.14055850315976903	
0F7:0FB	247	251	1	223.8555711472133	0.7455436487657656	0.10464255207480888	
3FF:4FF	1023	1279	1	1803.613070842497	8.377493427293428	3.355257346483374	
09F:0DF	159	223	1	7.656578043742981	0.021537448260341534	7.416048925876387E-5	
0CD:0FF	205	255	1	149.28547900425255	0.5079374759443684	0.038035584452028176	
4DF:2FF	1247	767	1	532.8589707359408	1.9808669914095727	0.5351181905828956	
0FE:0DB	254	219	1	13.38137699659557	0.036773502082663036	3.8475246839822866E-4	
07E:0FE	126	254	1	571.9132350664418	1.9342429896559552	0.3160602087850718	
1FD:0DF	509	223	1	12.52806795601398	0.03524089820306029	2.1967641823685306E-4	
4EF:0FF	1263	255	1	241.0793990918322	0.8204645785719884	0.11242854371735003	
0EF:8FD	239	2301	1	236.93696994848418	0.8554902395630203	0.1133074557301639	
0AF:1FF	175	511	1	99.24355540860478	0.32735116520260144	0.013745036100466344	
07F:4F7	127	1271	1	1871.0618807798107	8.661884225790162	3.4195204925739615	
0F7:1FD	247	509	1	94.87750775715743	0.3101806878859452	0.018813824059739373	
0FB:8FE	251	2302	1	177.32014210004206	0.640729042022676	0.06671032034779137	
27F:0FE	639	254	1	525.9825610897731	1.779640956363568	0.10580463187060579	
8FF:CFF	2303	3327	1	3401.5573472670426	16.50112016299158	5.916987853835453	
8ED:0FF	2285	255	1	799.4353398007555	2.7204369043230443	0.25202491659672743	
0DB:2FF	219	767	1	494.15204378002085	1.8362350420834146	0.444377307709399	
1FB:0F7	507	247	1	91.4322755427558	0.29665122340154676	0.011594753742855143	
0FF:5EF	255	1519	1	1266.6652071288195	7.0418349596298535	3.4534526795805456	
0EF:0F9	239	249	1	210.35167566276652	0.6930454943919413	0.08923487167960914	
1B7:0FF	439	255	1	497.93909478869233	1.6941458979925532	0.2378018877716725	
07F:4FB	127	1275	1	1858.3928589743175	8.57980357791947	3.373371474909522	
27E:0FF	638	255	1	825.1793160944926	2.8080414949501753	0.2598983077337246	
0EE:1FF	238	511	1	128.7088445792446	0.42458334405163434	0.033316897459909234	
0FE:0FC	254	252	1	192.28944095329152	0.6437119469126096	0.07930900852110387	
07F:2FE	127	766	1	891.6380635225368	3.3016812769671575	0.7746419338590808	
07F:4FD	127	1277	1	1877.823907741261	8.70617069908715	3.444279349837643	
0DF:07E	223	126	1	216.35326363313874	0.7740838161171194	0.08662776234284972	
0BF:1EF	191	495	1	22.739741903056377	0.06842899729128726	8.00282979661057E-4	
0FF:2BF	255	703	1	57.793587165975595	0.17201868368032142	0.007198428017563226	
8DF:1FF	2271	511	1	207.7730477192102	0.6853028155779062	0.01661053564192614	
0FF:BFF	255	3071	1	646.6600446043159	2.9152431371740084	0.9008235230254832	
0EE:0DF	238	223	1	5.34279032692142	0.015028933896494312	5.746227518496518E-5	
07F:9FF	127	2559	1	323.5382079010424	1.149091967316645	0.10215579672430185	
0BF:0F5	191	245	1	151.02462774076196	0.4846744294270254	0.035263438557283644	
0E7:1FF	231	511	1	143.1502854482277	0.47222868495067494	0.03997667395057866	
4BF:8FF	1215	2303	1	288.78249083315677	1.0446091532182131	0.148374935735411	
07F:8EF	127	2287	1	171.6606179893231	0.5789377080854807	0.028759413102844193	
07D:1FF	125	511	1	183.42289933609553	0.6050222230465289	0.03234846032531149	
2F7:0FF	759	255	1	293.9925936433298	1.0002828274253566	0.08354043851766262	
06F:0DF	111	223	1	20.062842053820653	0.056435853866191654	3.4536867471233383E-4	
0F9:0FB	249	251	1	186.7203416627848	0.621858954813163	0.07336662988248514	
8FE:8FF	2302	2303	1	606.9562610033163	2.1915647534283362	0.19809908383223865	
0CF:1FF	207	511	1	150.3299253375242	0.49590340329054855	0.038950528541414224	
8EF:0FE	2287	254	1	662.3315450771421	2.2411074131614255	0.17329672342494465	
1EF:0FE	495	254	1	343.0433693900587	1.160673127807884	0.15489884025306347	
17F:1DF	383	479	1	15.369811243143907	0.044306157364681194	1.7222017324033275E-4	
17F:07F	383	127	1	717.0743758761731	2.6837628850718636	0.37273196482053095	
27F:0EF	639	239	1	96.10622357260745	0.29812530514077984	0.0035331874152079628	
0F7:8FF	247	2303	1	244.04785217123057	0.8827630323240584	0.1244895048515058	
2EF:0FF	751	255	1	189.56327094149015	0.6449526607615491	0.03354369810484655	
1ED:0FF	493	255	1	302.5821702268875	1.0295558338514452	0.11951094065938471	
0FE:4F7	254	1271	1	851.7988940580075	3.9414686545066244	1.5570570528973244	
0FF:1EE	255	494	1	15.644771945445717	0.04684348196623841	5.273971292782359E-4	
0FD:1FD	253	509	1	73.38421748862488	0.23990519658835263	0.01151194230368212	
0BF:8DF	191	2271	1	110.15369227578714	0.3696130088511834	0.01877242785328121	
8FF:1DF	2303	479	1	8.808796121826116	0.025392749889413445	4.262290920179417E-5	
057:0FF	87	255	1	278.29771259635345	0.9467926793339815	0.051533270274347495	
47F:0F7	1151	247	1	102.55890258924295	0.33276817223893124	0.016177471856825065	
9FE:0FF	2558	255	1	278.3020492381076	0.9468641913752412	0.03371661310646349	
0FF:1D7	255	471	1	4.146702901198553	0.011591682009387452	3.706583646095974E-5	
0FD:87F	253	2175	1	43.17177512195944	0.13945883992334418	0.003985100252924648	
0FC:0DF	252	223	1	7.128722410443873	0.020052735228831328	1.0834941732000066E-4	
077:1FF	119	511	1	55.28538777792298	0.1823432002124899	0.002810947115313905	
87F:1FE	2175	510	1	31.158548777173852	0.10224037230758534	3.5791307500092747E-4	
2BF:0FD	703	253	1	169.08444587888778	0.5691667852296914	0.0206382045804198	
1FF:0F3	511	243	1	52.386449551726315	0.1662524888236183	0.003869130055450595	
0FF:5DF	255	1503	1	1257.8964304908375	6.971042017092639	3.406394850811018	
0DB:6FF	219	1791	1	1545.833623446308	8.754113012668398	4.346533253473234	
1FA:0FF	506	255	1	134.05376567663996	0.4561002470312037	0.024820017630998673	
C7F:0FF	3199	255	1	144.24206872068333	0.49075538541524033	0.01808921287817322	
0BD:4FF	189	1279	1	1189.678651777938	5.521682519448263	2.165757839370206	
CF7:0FF	3319	255	1	125.33433581808002	0.4264244481099399	0.015399693059148992	
8BF:8FF	2239	2303	1	230.84071415758368	0.8344713321541997	0.020000901944208775	
37F:4FF	895	1279	1	3649.7349376342568	16.95151533422067	6.590979793344304	
0DB:4FE	219	1278	1	995.6450294866706	4.614616471753251	1.8035453237333605	
1FF:7FF	511	2047	1	2662.729636997384	17.587718677214603	9.927926871354456	
0BE:4FF	190	1279	1	1169.569130976463	5.4283462210790345	2.1048135782691584	
4FF:2F7	1279	759	1	265.33217668330593	0.9639877582849666	0.1397343166891388	
07D:4FF	125	1279	1	1806.9154795291406	8.391822748712695	3.1429315881964466	
0FF:7EF	255	2031	1	1681.9500740602136	10.921651712518125	6.088706645186673	
0FC:4FF	252	1279	1	832.4546619852159	3.8644696196638932	1.4755253671172859	
0FF:4BD	255	1213	1	503.24988459817007	2.1050041708216987	0.5453576989153694	
0BF:4FE	191	1278	1	1094.394634850847	5.071541185593075	1.8507729417364729	
07E:07F	126	127	1	102.5432938321491	0.3838848415443055	0.01017475328623534	
0BF:4DF	191	1247	1	965.2452541733456	4.362576143087095	1.4403708672442874	
A7F:4FF	2687	1279	1	3502.3351765387606	16.25835245846329	4.474709169547115	
8BF:1FF	2239	511	1	20.92874744932799	0.0690248329433918	1.6605303449032012E-4	
1EB:0FF	491	255	1	54.15800262117237	0.18425072966883208	0.003799292974347647	
1FF:5EF	511	1519	1	1921.513093170338	10.653589404740247	5.173698940998123	
0FB:1FB	251	507	1	11.558292959399694	0.03735321739200115	2.8348780468830554E-4	
0FB:0FC	251	252	1	35.666729496864065	0.1193787355605647	0.0026985036193034172	
07B:4FF	123	1279	1	1369.8842526430433	6.359335861618868	1.7789168746374195	
0EF:0FB	239	251	1	30.50231758278141	0.10156867787795663	0.0018772714966932425	
2CF:4FF	719	1279	1	1410.2321332953984	6.545496345437331	1.5837767631467288	
8FF:4FF	2303	1279	1	1713.9343731632523	7.9536586558229585	1.6109550825780186	
07F:1EF	127	495	1	4.1287442904625555	0.012423944897276754	1.664341967696272E-5	
0DD:CFF	221	3327	1	841.8033577044603	4.19012644159097	1.3004994213533219	
CFF:0EF	3327	239	1	11.746501688622963	0.03643719861566223	1.3628961973884365E-4	
03B:0FF	59	255	1	23.809317037464865	0.08099715677665853	2.347299296265551E-4	
0D9:0FB	217	251	1	24.32791160112849	0.08100743223906193	0.001067969598024035	
04F:4FF	79	1279	1	1208.5466395146545	5.607194604732943	0.88299472419531	
07F:0E7	127	231	1	4.6219989499474865	0.013608597015888738	2.0860122858423952E-5	
4FF:5BF	1279	1471	1	940.5199094782575	4.719126068166471	1.745100903310437	
CFF:CFF	3327	3327	1	954.2222495842739	4.732982660080621	0.8838277714826831	
07D:5FF	125	1535	1	2788.0649934264443	15.899317705959188	7.48110244692556	
9FF:0F7	2559	247	1	16.288558571975262	0.05284280339574285	1.1562220082113609E-4	
8FB:2FF	2299	767	1	49.68142653106752	0.18450756002102386	0.0013406963226317461	
0DB:6DF	219	1759	1	1308.1546351634038	7.188934051850726	3.1117536070221936	
25F:0FF	607	255	1	20.454656347882366	0.06958476638178676	1.4889587749685232E-4	
0FF:5DB	255	1499	1	1125.857794930991	6.20842449744932	2.727843741093824	
8DF:4F7	2271	1271	1	558.9926704951183	2.583643739091193	0.11994547015885947	
8BF:2DF	2239	735	1	11.80705285084519	0.03892585481694868	5.2849568201880696E-5	
0FE:5F7	254	1527	1	1155.0497842801876	6.561222931558113	2.8603146348296424	
0FF:2F7	255	759	1	24.797839065369025	0.09005134497012002	0.0013233901658902523	
3FF:5FF	1023	1535	1	2080.2704382149914	11.832730483052357	4.432726294840808	
03F:4F7	63	1271	1	378.15556168237725	1.7477365163244598	0.06275781985105953	
0FF:6EF	255	1775	1	955.6006440257484	5.288612384936773	1.9639723363472772	
3FF:0FB	1023	251	1	10.041889288136089	0.033436587719573745	1.0389359711033374E-4	
4EE:0FF	1262	255	1	9.043052646597348	0.03076390225964167	1.5786629327812338E-4	
4BF:0FE	1215	254	1	11.194306039773531	0.03786864113604346	2.22834618705885E-4	
8F7:CFF	2295	3327	1	257.91128091516924	1.2817810656336768	0.03510716691060588	
27F:6FF	639	1791	1	1670.8391182462578	9.422848828906812	1.0372700516219864	
45F:4FF	1119	1279	1	152.39447996725312	0.7066472246710894	0.03436416029657909	
0FF:2CF	255	719	1	4.4222489984244495	0.013875100262978333	4.2126898393078154E-5	
04F:0FF	79	255	1	4.061795397390571	0.01381776910093799	9.983798784810558E-6	
03F:6FF	63	1791	1	936.3249718019191	5.294127253752403	0.3841441941625849	
0D7:0F7	215	247	1	4.1764382178195545	0.013549066881382965	3.1208339453601374E-5	
17F:0F7	383	247	1	5.55758907633392	0.01802969159352131	2.250557375370955E-5	
9FF:7FF	2559	2047	1	2015.184488413398	13.329398749577768	1.7608717049996463	
CEF:0DF	3311	223	1	2.29182361128285	0.006446702045491189	5.114964504478745E-6	
4DF:2F7	1247	759	1	8.019146441132476	0.029119794437526228	1.2097537508331217E-4	
079:1FF	121	511	1	3.8553788994988665	0.01271532044714636	1.3884680694952034E-5	
1FE:1FF	510	511	1	3.715446010144744	0.012253830730360234	1.9387932968885164E-5	
4F5:0FF	1269	255	1	5.450630846364737	0.018542581709268435	5.801724927333922E-5	
27F:2F7	639	759	1	6.49511238469906	0.023585294691218103	1.6115752640364482E-5	
4EF:4FF	1263	1279	1	23.98942075984306	0.11122564230802653	0.0011097559418010322	
1F7:1FE	503	510	1	3.3954017020898664	0.011141235915527972	1.57286687292476E-5	
CFF:4FF	3327	1279	1	17.26975916738769	0.08006808622268591	2.936584279914539E-4	
1FF:1EF	511	495	1	2.2510985141013915	0.0067738512802453426	7.147560402940517E-6	
07B:5FF	123	1535	1	31.67426414755791	0.18015021773714812	9.466468975383366E-4	
2FB:0FE	763	254	1	3.3527109711547793	0.011341526007943635	1.106071780183969E-5	
1FB:87F	507	2175	1	2.0786152838587038	0.006714003143134511	5.994203391008322E-6	
0FF:9CF	255	2511	1	2.4677969025904143	0.008568456844173953	1.3109947098902592E-5	
AFF:5FF	2815	1535	1	16.397221317075527	0.09325855012083693	1.1679797606784287E-4	
8FF:2FB	2303	763	1	1.342216038167421	0.004919568685165733	9.880327026614541E-7	
0DB:6FE	219	1790	1	12.765708425482954	0.07205765660562419	2.95266483018671E-4	
8DF:5FF	2271	1535	1	12.263122864859293	0.06974585925868473	5.757895218612279E-5	
1DF:0F3	479	243	1	2.543421041159076	0.008071228815629206	7.906628474786976E-6	
0F5:2FF	245	767	1	2.8996071213729326	0.010768375170654789	1.7422176136521794E-5	
06D:0FF	109	255	1	2.57060914212056	0.00874491946972441	5.570678773014587E-6	
0DD:4FF	221	1279	1	3.3279234353721723	0.015429147679417417	2.0276459506419236E-5	
8FF:4BF	2303	1215	1	3.062557345578232	0.012818639262477746	5.138582962948928E-6	
8EF:0EF	2287	239	1	2.172008465380833	0.006737414931244097	1.8637029981778593E-6	
0DB:0FC	219	252	1	2.3382210253317557	0.007825658286761917	9.951215682015408E-6	
87F:2FF	2175	767	1	2.3790442736232658	0.008835097109700466	2.084698092961962E-6	
17D:5FF	381	1535	1	3.3644120045573116	0.019134870635478533	8.107064270920499E-6	
377:4FF	887	1279	1	2.6847831559775006	0.012447316980482176	3.474349333595005E-6	
0F7:6EF	247	1775	1	2.6817388484614413	0.014816270155365045	1.4962482538724922E-5	
877:1FF	2167	511	1	2.0627903111678503	0.006803213535394479	1.5636321623011085E-6	
03F:07F	63	127	1	2.099972685274197	0.007861112921744285	1.9380185722509546E-6	

