BMLVN	12	x2
metabolism	0.9970000
mutations	0.0000100
catastrofic	0.0000100
minWeight	0.1
start biomas	2.0	_
env.size	25000.0
feedSourceH	0FF
0C7
0B5
023
011
feed port max	50000.0
timeQuant	0.01

key	suscepBits	activeBits	maxsize	popBiomas	currincome	currloss
FFF:000	4095	0	1	19440.087084180297	354.4526672363281	238.18434579413218	
0FF:000	255	0	1	9118.821001472494	399.2040710449219	222.40777215570333	
00F:000	15	0	1	25000.0	305.5289611816406	5.260721944158462	
777:000	1911	0	1	15538.531290615872	7.770836353302002	191.23043361243657	
555:000	1365	0	1	15508.77978731896	478.9755554199219	208.55028558364126	
0FF:0FF	255	255	1	916.4151733632211	4.521345940571829	2.3121186732807644	
0FF:1FF	255	511	1	921.4116281064761	4.454558877839885	2.344176328609936	
0FF:0F7	255	247	1	852.3049527108475	4.017653221989751	2.001170332763794	
0DF:0FF	223	255	1	1047.4328391111605	5.165695326533072	2.6307790886726554	
0FF:0FE	255	254	1	907.7817833116392	4.454562979795211	2.268934673641754	
0FF:8FF	255	2303	1	788.5923549186354	4.181891845244499	1.7179175768956558	
8FF:0FF	2303	255	1	3398.7153042551513	16.73059973660605	5.706684745677714	
0FF:0DF	255	223	1	680.8468471448613	2.7914838030241467	1.2790850860377985	
0FF:0EF	255	239	1	784.045574606257	3.5200830682668784	1.6944872933723283	
07F:0FF	127	255	1	1925.8446283107357	9.47007743044658	4.739621248571929	
0FB:0FF	251	255	1	928.468650644759	4.580670643008694	2.3394865423900106	
0FE:0FF	254	255	1	919.1798234355612	4.534954144121472	2.3178622060248864	
0FF:4FF	255	1279	1	1972.0779460605281	15.276374199583271	10.742154389070643	
1FF:0FF	511	255	1	1281.1311015571869	6.320512592487964	3.0954102574089033	
0EF:0FF	239	255	1	974.0411466974083	4.804883918878283	2.4563979428478415	
0FF:0BF	255	191	1	488.9770246294341	1.6588403843839632	0.6608637415582729	
4FF:0FF	1279	255	1	1859.542456543178	9.179644581529828	4.835153681130878	
0FD:0FF	253	255	1	922.8780927181185	4.553149863202892	2.3272501255081135	
0FF:0FB	255	251	1	882.2187044481811	4.259350895885221	2.143434470589099	
0FF:07F	255	127	1	848.8432731503001	4.108581609321238	1.9890800905631087	
0BF:0FF	191	255	1	1251.3307948082536	6.167011533741615	3.142511561282287	
0BF:1FF	191	511	1	1258.1971829310774	6.079318594346926	3.189709141715518	
0FF:1FB	255	507	1	891.0075387148615	4.222860370106884	2.192402349022	
0FF:0FD	255	253	1	898.8589121545748	4.3857134993881575	2.2247260829959585	
2FF:1FF	767	511	1	2158.827415810198	10.420663523147331	4.627364696675681	
0FF:3FF	255	1023	1	1058.7447839936058	6.087155070644691	3.0952423464458003	
07F:1FF	127	511	1	1938.6319804347524	9.35604056890458	4.8327068955323895	
2FF:0FF	767	255	1	2135.328676406325	10.507808403223635	4.500326810821535	
0FF:5FF	255	1535	1	2557.9069414890055	23.966768807592867	18.068701572307646	
0FF:2FF	255	767	1	905.3342249436928	4.903344739278357	2.2623375719511722	
0F7:1FF	247	511	1	947.2214184672299	4.5791762804225975	2.408086334664064	
07F:0FE	127	254	1	1908.062711121505	9.332919343234499	4.6537088415187	
0FF:1F7	255	503	1	872.7658799083953	4.076179065440782	2.1038634415675306	
4FF:1FF	1279	511	1	1868.7497506805005	9.047819027883863	4.905082060645758	
0FF:1FD	255	509	1	908.5482004246401	4.354954854150813	2.2793633456535227	
0FF:1DF	255	479	1	746.9574716653436	3.181082969156651	1.5422355020733518	
0DF:4FF	223	1279	1	2259.3434813817717	17.497347292820784	12.285923774627621	
1FF:1FF	511	511	1	1288.7328433542982	6.204155389937381	3.1157191727546456	
0DF:1FF	223	511	1	1053.2924624647785	5.091068359562087	2.669053196164207	
8FF:1FF	2303	511	1	3448.042694578497	16.679248381192803	5.946627244691135	
0FF:1EF	255	495	1	793.8093654884967	3.5214932946231743	1.741045344553902	
2DF:0FF	735	255	1	2550.6832512790184	12.542706670571395	5.274960929322037	
1FF:0FB	511	251	1	1227.7406532458447	5.927368562190026	2.8436952119268852	
0FE:1FF	254	511	1	923.568154487282	4.464966415293132	2.346843764371435	
0FF:17F	255	383	1	550.5421708687629	1.7630226310736752	0.8397024710962937	
0DE:0FF	222	255	1	1044.3806164162888	5.150718584599685	2.6050296694398187	
0FF:9FF	255	2559	1	798.7759728762825	4.274614346380577	1.763396256581189	
0DD:0FF	221	255	1	1055.6986895578848	5.206343290990458	2.6497986169138326	
0FB:1FF	251	511	1	933.2798449197576	4.511856151313848	2.370720263292235	
1FE:0FF	510	255	1	1283.5648835201043	6.3325234595495425	3.0948316875591226	
0EF:1FF	239	511	1	978.3853587406785	4.729607365424068	2.4859285302806096	
0FF:0FC	255	252	1	890.5245481646766	4.321390907823437	2.1838273778202657	
0EF:8FF	239	2303	1	836.9146922254612	4.438077184414975	1.8201173633837247	
0FF:0D7	255	215	1	592.4635649807491	2.299628767206596	0.9690464434692322	
0DF:2FF	223	767	1	1033.6433439671002	5.597576846864756	2.569892154162168	
0B7:0FF	183	255	1	1291.422216350247	6.36399684658507	3.2216745642051365	
1FD:0FF	509	255	1	1283.3553814952272	6.331527454530689	3.080666472643106	
0DF:8FF	223	2303	1	899.782294693059	4.772464832726765	1.9504549304094567	
0FD:1FF	253	511	1	922.6251771198737	4.460388691945821	2.332727903379411	
07E:0FF	126	255	1	1894.3652678145295	9.316996515620037	4.554564039197206	
CFF:0FF	3327	255	1	3406.6005694622945	16.843404476013625	6.668477969240166	
07F:4FF	127	1279	1	4192.315086754879	32.52602005139712	22.735624253792558	
0FE:0F7	254	247	1	851.0312714866101	4.011670730593116	1.988142809624004	
0FF:0E7	255	231	1	710.8216157865317	3.036538772193605	1.3935460897113254	
17F:0FF	383	255	1	2527.612379916488	12.460493201818068	6.092325078060008	
07F:0FD	127	253	1	1859.2316691107433	9.044615488115904	4.420190504125149	
4FF:0EF	1279	239	1	1158.6781082348064	5.205271922503389	1.8785693585836187	
0BF:0FD	191	253	1	1217.55491555608	5.934800073541335	2.97596302384924	
09F:0FF	159	255	1	1476.0362674634976	7.26981153346809	3.6533924050586655	
0DF:0FE	223	254	1	1031.086783665738	5.057783786888867	2.549566586187353	
0FE:4FF	254	1279	1	1976.7316608885606	15.312306461067676	10.75472817396326	
1FB:0FF	507	255	1	1286.1158981860935	6.345190238984633	3.0702551313728086	
03F:0FF	63	255	1	3874.584804593416	18.933329355832377	8.618522242875725	
4FF:0F7	1279	247	1	1690.9061235177194	7.9749341526506425	3.9998574614498477	
8FF:8FF	2303	2303	1	2485.684851744624	12.92701346653781	2.8396211555011104	
8FF:0F7	2303	247	1	2667.325298348527	12.558119021473518	3.524105691914067	
0FF:0F3	255	243	1	754.9647402705746	3.480641257017118	1.570628280814148	
0FB:07F	251	127	1	528.0638085610382	2.555541730216885	0.7582246936047145	
0FE:8FF	254	2303	1	779.8600342701864	4.13547568095606	1.674070632377009	
1FF:0F7	511	247	1	1162.0300264033503	5.477760013767424	2.5482907841555806	
1FF:0DF	511	223	1	858.1970852104005	3.518878130802786	1.3922435817814394	
0EF:0F7	239	247	1	884.1011256606618	4.167258514370503	2.025085976466564	
0FE:0FD	254	253	1	893.7496153033711	4.360860541414034	2.191732516671715	
0FE:0FB	254	251	1	865.1054153320115	4.1769456620383405	2.05380593700728	
0FF:0BB	255	187	1	17.68523234632022	0.05837583674144657	8.641615531121212E-4	
2FF:4FF	767	1279	1	5116.652584878805	39.68515080920216	26.14592961704553	
8F7:0FF	2295	255	1	3013.40488594261	14.845880090374978	4.256238625866102	
077:0FF	119	255	1	1991.0915807483216	9.790260766565723	4.782796155762367	
4FF:0DF	1279	223	1	1090.040472414908	4.471071383179699	1.6640833214190376	
8BF:0FF	2239	255	1	5145.235992706074	25.42488025139676	7.036151666133336	
07F:0DF	127	223	1	1277.4130315613472	5.233857877375604	2.0997269012021875	
0DF:0FD	223	253	1	983.6633366531349	4.798376640970154	2.320740730306071	
8FF:0EF	2303	239	1	1101.083388881986	4.943443080311658	0.6031936627379889	
0BF:0DF	191	223	1	858.3240665889118	3.518182621117133	1.4837374821829614	
0F7:3FF	247	1023	1	1066.2640067562422	6.13009389420491	3.05141835336705	
0DF:0F7	223	247	1	961.9661216613997	4.5332844492151025	2.220653880386015	
0FE:0DF	254	223	1	581.7953325903519	2.385739976202894	0.9306522821137058	
0FF:0F9	255	249	1	772.4283940422462	3.688331551912579	1.6434135134729773	
0FF:077	255	119	1	219.71678949905447	0.7497061905505209	0.1334329191053886	
0FF:8FE	255	2302	1	776.476275300616	4.11310091419634	1.6654610456576087	
07F:0FB	127	251	1	1802.1466910184217	8.677414225903718	4.1552853048614145	
0FF:CFF	255	3327	1	1736.8393801053123	14.05264748418307	8.334707982239266	
8FF:0DF	2303	223	1	1042.010208587851	4.273224214915397	0.542579190118088	
0BF:0FE	191	254	1	1209.1494678785455	5.927825242774969	2.93475793297835	
07F:0EF	127	239	1	1485.7603481368237	6.661267255195119	2.832888061599219	
0FB:8FF	251	2303	1	783.7415411750811	4.15600872763942	1.6726166547990937	
0FF:6FF	255	1791	1	2394.1428397212867	22.13909762412903	15.826412963713729	
4FF:0FE	1279	254	1	1777.599232727891	8.728194026089417	4.41852920970631	
0EF:0FE	239	254	1	951.1312005865389	4.6667598752377035	2.34242159172138	
4FF:8FF	1279	2303	1	1470.5442056385602	7.798972457068441	3.0311664589265406	
0FD:0FB	253	251	1	866.2576847877026	4.1824973240146255	2.0510889693245518	
0BF:8FF	191	2303	1	1007.0446491086869	5.340669474861971	2.047046134671022	
0FF:2DF	255	735	1	632.0226791241997	3.0274987356241403	1.103137416296885	
0EB:0FF	235	255	1	950.6370347580472	4.689834368761069	2.3044190932231445	
07F:0F7	127	247	1	1457.641640740617	6.8619334891968355	2.7233819143330598	
0FF:4BF	255	1215	1	1375.727120239153	9.699109553104979	5.224719357884031	
0FF:0DE	255	222	1	545.4839825012189	2.2237664847882463	0.8210415373756095	
0ED:0FF	237	255	1	952.2645809213595	4.697813657512291	2.3291344379358425	
0EF:4FF	239	1279	1	2017.8185259703898	15.627972466974073	10.574645929241678	
0FE:0BF	254	191	1	168.6493827942204	0.5720584103546145	0.07830847475168838	
0D9:0FF	217	255	1	630.0825361991597	3.110461120990348	0.9287085169566878	
0FF:1DB	255	475	1	519.666519699628	2.1674438779213805	0.7460822440458302	
0E7:0FF	231	255	1	970.3028707492756	4.786589525405346	2.3616545723948383	
17F:1FF	383	511	1	2337.08820069406	11.157789475075564	5.0909559717598	
27F:0FF	639	255	1	6477.947921923726	31.99814511880452	6.368245545624074	
0EF:0EF	239	239	1	710.9479079211777	3.1916933302261	1.309657780191589	
07F:8FF	127	2303	1	1425.9784734334721	7.560958744640346	2.6245004164346506	
0BF:4FF	191	1279	1	2661.5670821100452	20.603753876850302	14.279439585343932	
07D:0FF	125	255	1	1904.219334843606	9.365265770108623	4.5646361627036	
2FF:8FF	767	2303	1	1116.763456215474	5.917115830287464	1.2416981563878218	
8FF:07F	2303	127	1	1685.133294564546	8.153847129710673	1.4178332297846599	
0FE:0FE	254	254	1	817.3252129796595	4.011655804008236	1.832760892370447	
4FF:0FB	1279	251	1	1262.4705099432472	6.100310372175847	2.228533392039527	
0FB:0FB	251	251	1	807.5482034466703	3.899392149469088	1.7701198558165114	
0FD:8FF	253	2303	1	696.5556699703885	3.6930050920706647	1.3296788331912839	
0FB:4FF	251	1279	1	1958.0422112792855	15.16661529506582	10.437230773186133	
05F:4FF	95	1279	1	3995.1517139973166	30.948666636291236	15.471098993360142	
0FB:2FF	251	767	1	456.3744782554876	2.470140282229714	0.5657934508452162	
0DF:0EF	223	239	1	794.712577157101	3.5679478818898844	1.5167581779620398	
0FF:07E	255	126	1	550.2240597204516	2.5674795969070883	0.8353946305631701	
8FD:0FF	2301	255	1	2655.535714524725	13.088860370386529	3.459134844461045	
0F9:0FF	249	255	1	864.3247243917432	4.265042908822936	2.012038162790818	
8FB:0FF	2299	255	1	1936.9127761178063	9.554724793146825	1.8318779612843286	
0FF:47F	255	1151	1	1227.4772949841943	9.263113945957407	4.155687388844176	
1BF:0FF	447	255	1	1609.9555547494137	7.940874587228356	3.554497417728012	
0FB:0FE	251	254	1	806.7580308531305	3.959967690785659	1.7665418295701152	
2FB:1FF	763	511	1	1809.5163326701934	8.738244459035874	3.1823050463662055	
0DF:07F	223	127	1	849.6679402962403	4.113098201951988	1.7372939869955673	
07F:0BF	127	191	1	94.04914611222016	0.3189350906963868	0.011418644288578772	
0BF:0EF	191	239	1	712.9782946140774	3.201381026510059	1.0226347226567112	
0BD:1FF	189	511	1	731.6017525104943	3.5357429544820986	1.0670780346759405	
0FF:4FD	255	1277	1	1711.1686537022974	13.229391565535547	8.078963256788166	
2FF:3FF	767	1023	1	1419.1481451090006	8.119156666010923	1.9704232587125543	
0FF:87F	255	2175	1	305.5823214568551	1.44411204319744	0.2577000429818411	
0EF:1FB	239	507	1	731.2296287038445	3.465340810618392	1.3881448594035248	
0AF:0FF	175	255	1	522.0229864548893	2.576949174557027	0.5011021157471878	
07E:1FF	126	511	1	1356.5573465981172	6.552341453331244	2.350585435528897	
0FD:0EF	253	239	1	460.1561674738858	2.0668684988197996	0.5792884176766446	
1FF:3FF	511	1023	1	1263.745712653881	7.251456028417777	3.007125733139789	
0FD:0F7	253	247	1	321.47758364546013	1.516285804728784	0.28259318886563634	
87F:1FF	2175	511	1	901.5008562701863	4.354363162225998	0.20984076533227733	
1FD:1FF	509	511	1	425.3922407218615	2.0546320705067043	0.3380684480918226	
4DF:8FF	1247	2303	1	393.4754156701941	2.083550762366074	0.1988552122953856	
2FF:0FB	767	251	1	608.0685074773783	2.9366722945013874	0.36692580727290536	
0BF:0FB	191	251	1	936.3094349092485	4.519935034382224	1.7611410854474974	
8FE:1FF	2302	511	1	1074.9708564806817	5.193801364526654	0.5734413929920414	
2FF:0EF	767	239	1	745.5232130420766	3.3471935259126036	0.5517935018463261	
0DF:1FB	223	507	1	204.90293131572648	0.9704250212642743	0.10086590918928103	
1FF:8FF	511	2303	1	710.2392968267927	3.7640334785742247	0.9537675430369649	
3FF:0FF	1023	255	1	492.2729954494039	2.430038511743889	0.2609818663413693	
06F:0EF	111	239	1	460.78681516792744	2.0689009093914286	0.24019249467459342	
0F7:0BF	247	191	1	5.124505922685315	0.017376237909234624	7.051925387932444E-5	
05F:0FF	95	255	1	1474.4478178464608	7.267273607007526	2.0896885803215963	
17F:0FE	383	254	1	824.1229260277815	4.046477067939647	0.6486557630660275	
0FF:0FA	255	250	1	166.66890542576778	0.800629261644981	0.07651647904201199	
2FF:5FF	767	1535	1	5255.361355160653	49.24236409581535	27.500580980683228	
1DF:0FF	479	255	1	985.759791646502	4.866095302224566	1.596972157692455	
07F:5FF	127	1535	1	5180.62665416443	48.612593683513175	34.694343963703446	
0FE:1FB	254	507	1	369.09668604367266	1.7486763141357657	0.37436311090800745	
0FF:1DD	255	477	1	359.6738337373516	1.5179074048028383	0.35717588199461625	
2EF:1FF	751	511	1	458.2392357168681	2.2135310991116066	0.19072658162304182	
8DF:0FF	2271	255	1	324.0633701081063	1.5992986687503783	0.028239964653234924	
0DB:4FF	219	1279	1	2101.0013714310444	16.26803808782271	10.442356563348742	
0BE:0FF	190	255	1	648.3307732072922	3.2002351787788075	0.8405807016388703	
1FF:4FB	511	1275	1	1445.8746792140691	11.12509156753785	3.944722788085081	
0FD:2FF	253	767	1	469.0161530193216	2.53863992639411	0.601689368904822	
4F7:1FF	1271	511	1	151.7950860522551	0.7331713609054659	0.03157266839974086	
4FE:0FF	1278	255	1	860.7443114385842	4.250601980829108	1.032830626671182	
0F5:0FF	245	255	1	300.2653607140802	1.4824888777660763	0.23947688504248701	
0FE:07F	254	127	1	45.72686985802568	0.22109987907255352	0.005739751732751135	
07F:0F6	127	246	1	521.3421285536867	2.4445070956460815	0.34940730554558985	
4FF:1FB	1279	507	1	641.4184262286935	3.0391820527416225	0.5759924275168438	
0F7:1BF	247	447	1	19.74405896610428	0.06689352628321292	0.0010469044376518251	
2DD:0FF	733	255	1	170.66072425967272	0.8422568844907156	0.02352783735731537	
9FF:0FF	2559	255	1	216.75088489743533	1.069689674976657	0.01753323102360846	
09F:2FF	159	767	1	19.934283162991417	0.10778679261264505	6.682645495757145E-4	
0BB:0FF	187	255	1	890.6768959189538	4.394679045109491	1.56297531506826	
1F7:0FF	503	255	1	498.9516473444431	2.463483656496764	0.45494259030204315	
0FF:8FD	255	2301	1	239.86204320367568	1.2679379072118149	0.15851466299557637	
4FF:5FF	1279	1535	1	1876.9727744350673	17.454220416653403	4.816610326396198	
1FF:5FF	511	1535	1	3445.2259479736244	32.105089228197905	22.27404025030024	
2F7:1FF	759	511	1	40.37474622370199	0.19497719647109196	0.0015528077485964162	
07B:0FF	123	255	1	961.1377637050007	4.7417978494533655	1.1509621616580301	
CFF:1FF	3327	511	1	547.5541478291835	2.6449690815454536	0.17175464742096838	
4FF:0FD	1279	253	1	88.77299273120629	0.4332587762142108	0.011010622515689735	
2DF:1FF	735	511	1	402.48998238990663	1.944127656193998	0.13252409079804897	
8DF:4FF	2271	1279	1	1966.5962888206625	15.1837208278306	1.0351193337805975	
1FF:1FD	511	509	1	251.18483248612836	1.2029483433547727	0.11895713139369897	
0BF:9FF	191	2559	1	90.00867240039094	0.48070632174122224	0.01629131229079796	
0F3:1FF	243	511	1	383.2309387757394	1.8520667116057368	0.38787258192264074	
0FD:0DF	253	223	1	48.25083298934441	0.19779573617924381	0.006374315948331852	
0FA:1FF	250	511	1	321.9749350762289	1.5559110709420572	0.28071678092420344	
0FF:4F7	255	1271	1	1501.8251689903227	11.59476233056663	6.217972476022609	
2FE:1FF	766	511	1	208.95030516958417	1.0092062886956028	0.043176933856808694	
0EF:1DF	239	479	1	203.34404330485515	0.8653477758898459	0.10732667488418714	
0FF:3FD	255	1021	1	405.26323279561456	2.3153901429314114	0.45233563718676334	
47F:0FF	1151	255	1	134.30455677867653	0.6628327774465819	0.015921618771000453	
4FD:0FF	1277	255	1	187.12878845559143	0.9236459141791078	0.04866980144223937	
8FF:2FF	2303	767	1	282.6506494429624	1.5284859457950726	0.03978799488470226	
0FC:1FF	252	511	1	398.98295821983413	1.9282833522438576	0.4340946361230306	
0FF:1ED	255	493	1	64.37429624812941	0.2828501521149129	0.01142669186227093	
2FF:2FF	767	767	1	25.769561768775876	0.13933742600190602	6.593089302934973E-4	
1DF:1FF	479	511	1	45.079130932353806	0.21770211414862278	0.0033417164686508284	
CEF:0FF	3311	255	1	263.23096801339955	1.2991613593826792	0.03904038538922482	
07F:2FF	127	767	1	405.0196885186203	2.190875002133448	0.21094641321377947	
87F:0FE	2175	254	1	284.01674303392315	1.394041306238538	0.02081798478816414	
4FB:0FF	1275	255	1	331.7703300274402	1.6378282809701112	0.15225563372155562	
07F:0FC	127	252	1	62.249925361037675	0.3021380385128622	0.004986515275367812	
079:0FF	121	255	1	245.97508379059184	1.2140706959826375	0.07441906217990404	
0DF:0FC	223	252	1	134.84298383711499	0.6546072509481683	0.04364866151459691	
8FF:1FD	2303	509	1	289.1651897702802	1.3846735126161887	0.04169518722677622	
05F:0FE	95	254	1	344.35218330459656	1.6903861593256153	0.11453750590729048	
0BF:0EE	191	238	1	22.56581159557765	0.10072192901625064	0.0010253755434692863	
1F7:1FF	503	511	1	44.31968318565828	0.21403593646322958	0.0035903604297423375	
06F:8FF	111	2303	1	64.18143005650764	0.3397101741792495	0.004662276154077312	
0DF:3FF	223	1023	1	437.08793626229414	2.5099661308348225	0.4585330141102976	
0FF:4FB	255	1275	1	1334.0100348264882	10.266743378675105	4.902369082957983	
07F:1FE	127	510	1	30.40442838811655	0.1461020142381827	0.0011899266224329038	
8FF:8F7	2303	2295	1	35.14193559522688	0.18421203547988832	6.144050721056998E-4	
0FF:9DF	255	2527	1	14.429872540405608	0.07585833750792621	5.730886382126917E-4	
27F:1FF	639	511	1	28.06290172024486	0.13551649007050093	1.1930394797436993E-4	
4FB:1FF	1275	511	1	187.74871260392675	0.9068745054121371	0.04878575086274187	
0FF:7FF	255	2047	1	1542.0089862830498	16.45806258517248	6.521095083343988	
07F:1FB	127	507	1	6.679139100252073	0.031619196428840216	5.743207382842584E-5	
07F:1F7	127	503	1	150.20783472903977	0.700840749079923	0.029050148682241386	
1FB:1FF	507	511	1	103.28257013605385	0.4988301710322941	0.01980670373491588	
2FF:CFF	767	3327	1	92.81346710043871	0.7474399769141166	0.008511904856026145	
CFF:0FE	3327	254	1	28.22223136388437	0.13851547831244873	4.559432020824787E-4	
0FF:1EB	255	491	1	9.177543232067086	0.039855531318928196	2.322322580501727E-4	
0FF:1FC	255	508	1	32.15292202660763	0.15319090722268255	0.0028481926572008227	
1FE:0FD	510	253	1	44.640871527126016	0.2178625678372921	0.0037459502265928747	
47F:4FF	1151	1279	1	837.7471838640197	6.46107656082381	0.6084313528600054	
2FB:8FF	763	2303	1	10.107175812029444	0.053493595230021666	9.932020864333368E-5	
2DF:4FF	735	1279	1	171.7081391963344	1.3252155901928715	0.023995841905681888	
2FF:9FF	767	2559	1	29.344830366798774	0.1566972372550949	8.554187132218598E-4	
0F6:1FF	246	511	1	59.70631552780648	0.288366318221161	0.009512183949121114	
8FF:1FB	2303	507	1	14.21153255750244	0.06727761924415923	1.0069406388031423E-4	
6FF:1FF	1791	511	1	26.834184582379454	0.12958620476447932	7.833166377062896E-4	
0CF:8FF	207	2303	1	3.3686845213050156	0.01782917783449886	2.539139451200721E-5	
0FF:8F3	255	2291	1	17.161258280755156	0.0896588982433929	8.106354387115816E-4	
0DB:0FE	219	254	1	19.191585512863426	0.09419546589573413	8.696788386053251E-4	
0F7:2FF	247	767	1	9.261064639387044	0.050075134064872726	2.2939456824986294E-4	
077:0FB	119	251	1	15.008514114134126	0.07247025999363549	2.738223515349155E-4	
47F:1FF	1151	511	1	24.97829426226161	0.12062297982412272	5.507312330327959E-4	
0BF:1DF	191	479	1	25.82765226412142	0.10986592591521634	0.0013438973540844052	
5FF:1FF	1535	511	1	29.23050498706339	0.1411602661206819	0.0012709796422321125	
0DF:17F	223	383	1	3.7782025214290322	0.012083847762709439	3.43862179432208E-5	
0FF:8E7	255	2279	1	3.6010757036490038	0.017820623378140346	3.57111430100367E-5	
13F:0FF	319	255	1	49.362047052919294	0.24359340247422753	0.0011923701559740972	
07E:0FB	126	251	1	9.843508303666457	0.04753020185577264	1.2384990729439005E-4	
06F:0FF	111	255	1	5.890688915233876	0.02906905119222236	3.929616048490794E-5	
0DE:2FF	222	767	1	4.164348834615329	0.02251655360381717	4.142425115798136E-5	
9BF:0FF	2495	255	1	4.825795024201383	0.02381395230932748	7.88380240648957E-6	
0BF:0F7	191	247	1	16.198908389385217	0.0763650587503773	5.281233748710409E-4	
0FF:2FD	255	765	1	4.004814879904235	0.021514659498817548	4.412992244837282E-5	
0EF:1F7	239	503	1	5.796474503761155	0.027040880069927064	8.70897447680244E-5	
2FF:07F	767	127	1	9.16232565594407	0.04429694724906421	8.34715917158663E-5	
0FB:6FF	251	1791	1	301.6505051071571	2.7772272851625988	0.24525524706802365	
1FB:07F	507	127	1	7.358548229207499	0.03557641564181101	1.0059077919441648E-4	
03F:4FF	63	1279	1	625.8134958591556	4.831013687324207	0.22868358635257113	
0EF:3FF	239	1023	1	8.657189680364926	0.04966855208147751	1.9385079112705137E-4	
8BF:2FF	2239	767	1	19.550516260704416	0.10570876210052463	1.0121643966230135E-4	
0FD:1F7	253	503	1	9.549541635653615	0.04454963804299883	2.494014985737095E-4	
09B:0FF	155	255	1	23.338731412178202	0.11517423146478355	8.967858006258032E-4	
1BF:0FE	447	254	1	25.632868487746123	0.12580911992116334	9.02488334131841E-4	
1FE:8FF	510	2303	1	3.1810511393340106	0.016836078814123415	1.9006059660045503E-5	
1DE:0FF	478	255	1	9.49371618580016	0.046849485395489374	1.4757055589500914E-4	
0FF:2DD	255	733	1	3.9408829635644973	0.01874246069125891	4.278507721353802E-5	
0DF:4FD	223	1277	1	97.69039735021582	0.7527868554619068	0.022789857545165045	
0EF:0FC	239	252	1	7.464012684366937	0.03622556726799253	1.4434849424166643E-4	
16F:0FF	367	255	1	7.339740510657201	0.03621973801718268	4.589602806105472E-5	
87F:0FF	2175	255	1	10.303633874838042	0.05084561097464396	2.7393477943608576E-5	
0EF:9FF	239	2559	1	8.324316204065402	0.04445033242852652	1.7937486460190146E-4	
0EB:07F	235	127	1	8.671401473774285	0.04192402623196135	1.9190398568890116E-4	
0BE:0F7	190	247	1	9.355317839646352	0.044102343496236145	1.7532120160716812E-4	
07F:8DF	127	2271	1	2.6315213061043883	0.01297473315745717	8.911693070012842E-6	
07A:0FF	122	255	1	9.270190765653645	0.04574624984779113	1.0667736789393815E-4	
0FF:0BE	255	190	1	3.1444688620176136	0.010590446238226362	2.7315016290050945E-5	
2BF:0FF	703	255	1	46.625119014758724	0.2300880474486699	0.0013805707887768136	
4FF:1DF	1279	479	1	5.822045274924315	0.024764807915474536	4.741684988571251E-5	
09F:0EF	159	239	1	3.082026748554501	0.01383579477410186	1.600310669303806E-5	
17F:1EF	383	495	1	6.213497175646347	0.0275325305244167	3.693022325399386E-5	
07F:8FB	127	2299	1	5.159326014888113	0.02720556205626298	3.423237475737916E-5	
06F:0F7	111	247	1	9.65216166281954	0.04550135878080849	1.0554937536331639E-4	
0D7:8FF	215	2303	1	8.46390236181013	0.044796787281691224	1.6638330254883555E-4	
CFF:2FF	3327	767	1	16.440874341197716	0.08889544252686554	1.5457443936627162E-4	
07F:1DF	127	479	1	6.195856531537288	0.02635485673496798	4.9469448240419794E-5	
0FF:3F7	255	1015	1	6.901925431712021	0.03897714349410769	1.3100124223703547E-4	
03F:0FB	63	251	1	5.764781289214973	0.02783547607230782	1.950290573512539E-5	
076:0FF	118	255	1	10.276950968448443	0.050714422658013264	1.2741967698379686E-4	
03F:0EF	63	239	1	6.59887856877536	0.029623561623968522	2.5572497314456948E-5	
2EF:5FF	751	1535	1	417.9912013931282	3.897683950244089	0.15744457382675256	
07B:1FF	123	511	1	6.722234107469733	0.03246197853343782	5.6511542487005046E-5	
0BF:09F	191	159	1	3.294912194737788	0.008762308617947625	2.1940428325329533E-5	
87E:1FF	2174	511	1	2.547948365023484	0.012304065542110694	1.6747742355137374E-6	
03F:0F7	63	247	1	6.6667737711925374	0.03142769258721914	2.6089444065713218E-5	
0DD:2FF	221	767	1	9.173096630819797	0.049599340073592985	2.0010191427411142E-4	
07F:CFF	127	3327	1	60.03390364525565	0.4834543239936834	0.004609799411712093	
0FA:1FB	250	507	1	7.8824598562911525	0.03731621545197194	1.681459861657919E-4	
1DF:0F7	479	247	1	27.799755568985535	0.13105555571270738	0.0012714750304137986	
4BB:0FF	1211	255	1	14.610452015880417	0.0720995890637779	2.453119353070783E-4	
6FF:8FF	1791	2303	1	2.75730629607248	0.014593317190185962	8.262365458253808E-6	
0AF:0FB	175	251	1	4.997496972978523	0.024130752454290017	4.598902930382772E-5	
0DF:87F	223	2175	1	2.9145191081633555	0.013761875028509072	2.039964046406584E-5	
0FB:5FF	251	1535	1	356.1375547565781	3.322726109041391	0.34184240773943864	
0EC:0FF	236	255	1	5.305025006949588	0.026179128284346154	7.205745577463441E-5	
0FE:17F	254	383	1	2.570684548425012	0.00822181923612399	1.8197994685375033E-5	
0FF:2EF	255	751	1	4.751317688218723	0.024256384085436768	6.214846142808089E-5	
07A:1FF	122	511	1	7.4520501838245305	0.035986324103745373	6.895270483598075E-5	
0DF:8F7	223	2295	1	3.6629905629853785	0.01920109381643358	3.2189129125669744E-5	
03F:0FD	63	253	1	6.88008820256271	0.03357459185213555	2.7776243642784946E-5	
03F:0FE	63	254	1	7.059833733346691	0.03464943944131498	2.9244830856234246E-5	
0FD:8F7	253	2295	1	4.209020935725996	0.022063399396113553	4.8394026108268025E-5	
2FF:0BF	767	191	1	1.883072843064729	0.006385071514000174	3.5360469588177455E-6	
8FF:0FD	2303	253	1	4.717326790674598	0.023020353104730544	1.109112680965348E-5	
0DE:1FF	222	511	1	6.410324359609592	0.0309559649416526	9.827059924784935E-5	
07F:0DB	127	219	1	5.651848747538639	0.022516736942434307	4.118558124643218E-5	
4FF:17F	1279	383	1	2.1949289799309217	0.007020012397315442	6.753600880665427E-6	
0CF:0FF	207	255	1	7.789032564246729	0.03843730263890518	1.3584181463580515E-4	
07F:0DE	127	222	1	5.236211206284092	0.021336152786635823	3.5344291816633546E-5	
0DF:CFF	223	3327	1	27.000544655528216	0.21743328879120108	0.0017393249889516636	
2BF:1FF	703	511	1	7.359658865045606	0.03554000051062494	3.441118425759845E-5	
09E:0FF	158	255	1	6.86452444336975	0.03387484305068489	7.888345472406771E-5	
0DD:8FF	221	2303	1	5.926501008513435	0.03136694182685135	8.354425053316309E-5	
1EE:0FF	494	255	1	9.551498557893874	0.04713468687730813	1.6033178019624175E-4	
23F:0FF	575	255	1	10.334680113975923	0.050998744942708625	1.3102089414416854E-5	
0EE:0FF	238	255	1	4.506437284313829	0.022238231240224244	5.241288548225927E-5	
0BF:0BF	191	191	1	6.600987080441692	0.022382695982627356	8.792904417455089E-5	
27F:4FF	639	1279	1	103.67874317629838	0.8000767215671545	0.0016190582178032386	
87F:8FF	2175	2303	1	3.09417609179137	0.016376197669607812	2.468113117947073E-6	
8BF:07F	2239	127	1	5.195890248992382	0.02512029379318352	7.1573025903570485E-6	
0ED:07F	237	127	1	2.7213485033958196	0.013156832205439395	1.9037161993969157E-5	
27F:2FF	639	767	1	7.270949446202628	0.03931353174497437	7.994473780196426E-6	
1EF:0FF	495	255	1	8.998580248668155	0.04440610893171322	1.4290242068151781E-4	
0FF:0B7	255	183	1	2.753171367289482	0.008814379862883172	2.094681187440274E-5	
09F:0FE	159	254	1	5.85209594112835	0.028722063379240843	5.764823275029425E-5	
0F7:0FB	247	251	1	7.792770793463584	0.037628353804918656	1.626049330781191E-4	
3FF:4FF	1023	1279	1	101.22122144384419	0.7811846553650245	0.010983450533605488	
09F:0DF	159	223	1	4.490845983267233	0.018407284300339312	3.4003453035848744E-5	
0CD:0FF	205	255	1	5.6272831702579476	0.02776937093782826	7.02648740346906E-5	
4DF:2FF	1247	767	1	9.021063948027473	0.04877679803862552	1.043975304516821E-4	
0FE:0DB	254	219	1	5.202704190553892	0.020727507069710143	7.442134826591799E-5	
07E:0FE	126	254	1	19.215579405583775	0.09431131997716971	4.718648173877328E-4	
1FD:0DF	509	223	1	5.646631755504915	0.023144741339534508	5.977474259513831E-5	
4EF:0FF	1263	255	1	5.027902980103268	0.024811424600542906	3.387763899248634E-5	
0AF:1FF	175	511	1	5.2135623428107465	0.025176563095532876	5.005229732109956E-5	
07F:4F7	127	1271	1	65.11542376681527	0.501131609637061	0.0054271756849593655	
0F7:1FD	247	509	1	6.284533538938189	0.030089796660653836	1.0576435671698413E-4	
0FB:8FE	251	2302	1	3.5073647376290427	0.018543209879208124	3.33730196400566E-5	
27F:0FE	639	254	1	8.065438545137251	0.039584802134039095	9.85313238458265E-6	
8FF:CFF	2303	3327	1	50.91315977234182	0.40998225745382344	0.0012823848604113948	
8ED:0FF	2285	255	1	8.41725473549569	0.0415368356342685	2.014800298159439E-5	
0DB:2FF	219	767	1	4.292302658535362	0.023208401555563418	4.3460772843870166E-5	
1FB:0F7	507	247	1	4.49733435385859	0.021200879477970218	3.758227831044861E-5	
0FF:5EF	255	1519	1	314.99088270307163	2.882634756790532	0.2713298686289325	
0EF:0F9	239	249	1	8.282976145474443	0.039544944710711426	1.7779080290238424E-4	
1B7:0FF	439	255	1	9.987703639741143	0.04928709189016917	1.3119158940129113E-4	
07F:4FB	127	1275	1	215.02350698834283	1.6504348233852197	0.059205681228615886	
27E:0FF	638	255	1	10.029284641473446	0.04949171622348725	1.5194439312987715E-5	
0EE:1FF	238	511	1	8.100052441375857	0.039116011903216605	1.6937458780529288E-4	
0FE:0FC	254	252	1	5.1285981013171	0.024890822656934142	7.219026358286487E-5	
07F:2FE	127	766	1	6.916851808836763	0.03728041272047741	6.151235115455684E-5	
07F:4FD	127	1277	1	80.60072921848655	0.6210180703487	0.008315601768948772	
0DF:07E	223	126	1	3.53935125150581	0.016499068998192847	3.0087529587709107E-5	
0BF:1EF	191	495	1	7.102872414445202	0.03147369088051522	1.0160003609663834E-4	
0FF:2BF	255	703	1	3.5859425463382557	0.015570443727395312	3.545453573965988E-5	
8DF:1FF	2271	511	1	7.717715632029967	0.037268970806910634	1.6017699053038345E-5	
09F:0BF	159	191	1	1.5748336663646416	0.005339906735626479	4.187502187073071E-6	
0DF:0BF	223	191	1	5.472595995882257	0.01855653530246827	7.211552964124492E-5	
0FF:BFF	255	3071	1	12.908240748268382	0.08771274609099636	4.57180018896405E-4	
0EE:0DF	238	223	1	5.102691089016112	0.020915259586522347	6.731297573645773E-5	
07F:9FF	127	2559	1	5.430531845406146	0.028997629903857885	3.792085211892058E-5	
0BF:0F5	191	245	1	5.627625626853266	0.026225301726101366	6.374833143790708E-5	
0E7:1FF	231	511	1	9.02386019816589	0.04357725249906266	2.0445684221651452E-4	
4BF:8FF	1215	2303	1	4.60545254722994	0.024374871577364187	2.4593913890586938E-5	
07F:8EF	127	2287	1	3.882300494707584	0.01934825780143019	1.9394555593868673E-5	
07D:1FF	125	511	1	7.128856431031366	0.03442559801039843	6.443679416941424E-5	
1FF:0BF	511	191	1	2.080753452298283	0.00705537594921843	8.195338898043535E-6	
2F7:0FF	759	255	1	7.150201094928095	0.03528442814411899	4.8690576884046815E-5	
06F:0DF	111	223	1	4.971381451183405	0.020376886374824637	2.803537450884757E-5	
0F9:0FB	249	251	1	4.844124436146535	0.023390272082554175	6.323468028093782E-5	
8FE:8FF	2302	2303	1	5.108467457158003	0.027037056257118	1.2922383658608053E-5	
0CF:1FF	207	511	1	8.905096497530064	0.04300361333168123	1.7760133637760773E-4	
8EF:0FE	2287	254	1	8.183251748657101	0.04016306872282213	1.91513798321028E-5	
2DF:0FB	735	251	1	5.480485614304708	0.026462772110428922	2.4579897209277857E-5	
1FF:0F9	511	249	1	4.015253129787277	0.01916953411298718	3.043319102184244E-5	
0EF:4FE	239	1278	1	18.971733961027216	0.14620017159520762	9.273215809873592E-4	
07B:0FB	123	251	1	4.18673417437746	0.020215849979036134	2.192077718473057E-5	
0BF:2FD	191	765	1	4.199704868130051	0.02256158923597118	3.545224319365729E-5	
0FF:07D	255	125	1	2.504525070606956	0.009023628048431936	1.732027207709955E-5	
0FB:0BF	251	191	1	2.1534357957314842	0.007301839699637517	1.2628170547749798E-5	
47F:0FE	1151	254	1	3.305792033115746	0.01622470297687722	9.64450507679047E-6	
0EF:07F	239	127	1	2.9401357654569207	0.01421460603934828	2.239873948537652E-5	
0BB:4FF	187	1279	1	4.72617634024997	0.03647111867256994	4.384123015069834E-5	
07E:0EF	126	239	1	1.8582698001280082	0.008342097539949831	4.416933109949363E-6	
2BF:4FF	703	1279	1	3.4405224682832953	0.02654975320971429	7.476916334550822E-6	
0FE:CFF	254	3327	1	2.560303164633022	0.020616741926470526	1.7876496548001074E-5	

