BMLVN	12	x2
metabolism	0.9970000
mutations	0.0000100
catastrofic	0.0000100
minWeight	0.1
start biomas	2.0	_
env.size	25000.0
feedSourceH	0FF
0C7
0B5
023
011
feed port max	50000.0
timeQuant	0.01

key	suscepBits	activeBits	maxsize	popBiomas	currincome	currloss
FFF:000	4095	0	1	13477.309770806782	65.69591522216797	219.01760490827544	
0FF:000	255	0	1	10937.327222558066	193.8152618408203	254.3961801883378	
00F:000	15	0	1	25000.0	420.6205749511719	9.825515443863075	
777:000	1911	0	1	12137.199632238902	417.3865661621094	197.05805891684363	
555:000	1365	0	1	12639.940512087236	359.7305603027344	244.57698755914382	
0FF:0FF	255	255	1	331.9080181282983	1.2901352214867157	0.22964901474451194	
0FF:1FF	255	511	1	209.09861984567817	0.7362709675558072	0.09132401918322906	
0FF:0F7	255	247	1	261.17571860415165	0.9692044226750488	0.14229273580820914	
0DF:0FF	223	255	1	387.70207058078716	1.5068761749455568	0.26811490045178493	
0FF:0FE	255	254	1	323.01017982436406	1.24853017168827	0.21751949593842068	
0FF:8FF	255	2303	1	397.03006606549013	1.5194282068990086	0.3294625364169096	
8FF:0FF	2303	255	1	1060.3534571633863	4.121450524722557	0.7519461541178454	
0FF:0DF	255	223	1	84.64391537075977	0.2721096612982172	0.014969779612362483	
0FF:0EF	255	239	1	202.85818274707952	0.7222315181759114	0.08588884922168917	
07F:0FF	127	255	1	734.5360308275242	2.853303074699288	0.5075291758416439	
0FB:0FF	251	255	1	336.8978182227962	1.3095223354743641	0.23309736463090253	
0FE:0FF	254	255	1	333.0865708240188	1.2947147760900874	0.23055208647123618	
0FF:4FF	255	1279	1	772.7854511765814	3.5954595871452906	1.2470234487322904	
1FF:0FF	511	255	1	501.8992605948385	1.9507652658831416	0.3456789813964447	
0EF:0FF	239	255	1	354.59530058286725	1.378277049035119	0.24513269450650205	
0FF:0BF	255	191	1	9.024737700900236	0.02462506124005778	1.7037336542301095E-4	
4FF:0FF	1279	255	1	358.3382623982628	1.3934284937926895	0.26743792136096156	
0FD:0FF	253	255	1	334.31565796886275	1.2994896871550594	0.23125798958321886	
0FF:0FB	255	251	1	298.1516564903839	1.1341688286503182	0.18537139883147336	
0FF:07F	255	127	1	442.652563818538	1.7926860157146784	0.40887073662963985	
0BF:0FF	191	255	1	463.2997224860511	1.8004795012164254	0.31920796163760023	
0BF:1FF	191	511	1	291.11283159241236	1.025008204166026	0.12638022756494519	
0FF:1FB	255	507	1	182.67038279650194	0.6299738110586294	0.06970838033324768	
0FF:0FD	255	253	1	314.64919507844246	1.2100182696288722	0.20642052224759275	
2FF:1FF	767	511	1	471.4603490301468	1.6599712239088726	0.20425812114570066	
0FF:3FF	255	1023	1	407.2587006950061	1.5535137632460145	0.3465274644171475	
07F:1FF	127	511	1	462.1538446384138	1.627090006891016	0.20181431320965093	
2FF:0FF	767	255	1	744.4506352794675	2.8927919502083927	0.5076663880441588	
0FF:5FF	255	1535	1	1262.512314364089	7.19271319783203	3.3267688740182266	
0FF:2FF	255	767	1	341.5163397121953	1.2650679637047735	0.2436443278005585	
0F7:1FF	247	511	1	215.45073733465597	0.7586357154468786	0.09410208699214936	
07F:0FE	127	254	1	714.3335192436965	2.7594323027878125	0.48011415250284833	
0FF:1F7	255	503	1	154.18380566945183	0.519053017424201	0.04967045704794854	
4FF:1FF	1279	511	1	234.15851576780392	0.8246346301809466	0.114284963376506	
0FF:1FD	255	509	1	196.9911171039585	0.6872652227894646	0.0810599006339172	
0FF:1DF	255	479	1	69.3862256076306	0.21174696430103784	0.010065529331387104	
0DF:4FF	223	1279	1	903.0224718410278	4.201068438315789	1.4573517967361713	
1FF:1FF	511	511	1	315.8306122981289	1.1116957395005556	0.1368087395359727	
0DF:1FF	223	511	1	243.66854931361004	0.8579805819592319	0.106150981062524	
8FF:1FF	2303	511	1	688.232525527037	2.4236805937439145	0.317742782280139	
0FF:1EF	255	495	1	105.84132897902566	0.3397465060334361	0.023413376057192424	
2DF:0FF	735	255	1	876.9673994841717	3.4074390824982066	0.5952127353688319	
1FF:0FB	511	251	1	450.5867652261015	1.713938750122755	0.2787117181150406	
0FE:1FF	254	511	1	209.2847168066168	0.7369256749514234	0.09119801067726062	
0FF:17F	255	383	1	4.250823712700305	0.010059193275815849	3.7827239569369234E-5	
0DE:0FF	222	255	1	388.7006819301994	1.5107558786041315	0.26853263427904783	
0FF:9FF	255	2559	1	336.4222861789927	1.23622578212969	0.23664506080556838	
0DD:0FF	221	255	1	390.5817063766816	1.5180625078709555	0.2698071551251817	
0FB:1FF	251	511	1	212.2980484438341	0.7475356920859348	0.09274644391998159	
1FE:0FF	510	255	1	503.71479504504043	1.9578205478395116	0.34694429064457016	
0EF:1FF	239	511	1	223.27703113511745	0.7861897451608513	0.09739364447489675	
0FF:0FC	255	252	1	305.8399306185955	1.1695206440335748	0.1950401375529553	
0EF:8FF	239	2303	1	424.12181512535204	1.6230986183487346	0.3516528764144306	
0FF:0D7	255	215	1	58.613488378551445	0.17920694409763682	0.007181088725559478	
0DF:2FF	223	767	1	398.51511636561315	1.4761584152107634	0.2839612734445006	
0B7:0FF	183	255	1	482.2580488929596	1.8741048904404667	0.33135655387979285	
1FD:0FF	509	255	1	505.96162052196865	1.9665503420334787	0.3484751866664314	
0DF:8FF	223	2303	1	463.3628418914643	1.7734108381960985	0.38428772523934723	
0FD:1FF	253	511	1	210.7363334216952	0.7420371701979032	0.09207060283417412	
07E:0FF	126	255	1	738.5355751133212	2.8688289376179865	0.5100339607619409	
CFF:0FF	3327	255	1	655.8626991993497	2.550640722061558	0.48843323917521075	
07F:4FF	127	1279	1	1708.8775777407197	7.953993661630105	2.764939450591614	
0FE:0F7	254	247	1	262.01520992634266	0.9723191228995042	0.1427568222987354	
0FF:0E7	255	231	1	143.214618239485	0.48482199344869553	0.042832297536933045	
17F:0FF	383	255	1	962.473899374332	3.740517069540821	0.6690820503817131	
07F:0FD	127	253	1	695.6626572404515	2.673724641999771	0.45544883557448024	
4FF:0EF	1279	239	1	226.76268601894157	0.8074823241490087	0.10713304758425087	
0BF:0FD	191	253	1	438.74601128548403	1.6869325838834075	0.2863428001283433	
09F:0FF	159	255	1	570.8902843212695	2.2182025294714554	0.3906464040624271	
0DF:0FE	223	254	1	376.75306753490406	1.456142961350944	0.25321183746537207	
0FE:4FF	254	1279	1	775.6175887616225	3.608634281305639	1.2522176255066761	
1FB:0FF	507	255	1	510.03856407121776	1.9823921251622463	0.35126239456575287	
03F:0FF	63	255	1	1619.5533323729421	6.281365118026343	1.1192204996639312	
4FF:0F7	1279	247	1	286.4742572248958	1.0633697667937754	0.1709563013192074	
8FF:8FF	2303	2303	1	1253.192472036027	4.764857998702553	1.022177842060089	
8FF:0F7	2303	247	1	844.6627942764496	3.1344065806476467	0.47748361719646015	
0FF:0F3	255	243	1	229.89873483776097	0.8343991750831383	0.11028524112705691	
0FB:07F	251	127	1	449.1226752010826	1.8189017891678576	0.4146969366127324	
0FE:8FF	254	2303	1	398.29983513683896	1.524287365202232	0.33052759219680083	
1FF:0F7	511	247	1	394.55033471838897	1.4640860829471483	0.21378252276757595	
1FF:0DF	511	223	1	137.79533013087703	0.4429797468467851	0.026122881142796577	
0EF:0F7	239	247	1	278.8391291057929	1.0347325411849244	0.15168883511010411	
0FE:0FD	254	253	1	315.65772697112675	1.213895528384788	0.20708973981816328	
0FE:0FB	254	251	1	299.0970113619495	1.1377640099792705	0.18595966505021475	
2FF:4FF	767	1279	1	1743.7952185446552	8.116411386717648	2.7983617130539193	
8F7:0FF	2295	255	1	1088.1057880191283	4.229343623848907	0.7729361494591291	
077:0FF	119	255	1	778.7152689799578	3.024737972314956	0.5374876848047853	
4FF:0DF	1279	223	1	112.15687798749198	0.3605849007199126	0.02621810565115031	
8BF:0FF	2239	255	1	1432.2968124191557	5.570032256106669	1.0280192389399059	
07F:0DF	127	223	1	205.89682659740853	0.6618963760942533	0.04009550104023605	
0DF:0FD	223	253	1	364.8820534645088	1.4030882428394855	0.2375311862519906	
8FF:0EF	2303	239	1	655.6707477985173	2.334343399349233	0.28788461976707524	
0BF:0DF	191	223	1	129.81820514278675	0.41733331088710035	0.02514390298734077	
0F7:3FF	247	1023	1	419.5161360199878	1.6002625116669165	0.35687410881536114	
0DF:0F7	223	247	1	304.45301344157224	1.129745049515134	0.16546823444129308	
0FE:0DF	254	223	1	93.56307414653227	0.300785978427854	0.018232726767337518	
0FF:0F9	255	249	1	281.24022233228095	1.0582850222777787	0.16496470887721473	
0FF:077	255	119	1	14.807214223197136	0.03939335542084784	4.5872083861390746E-4	
0FF:8FE	255	2302	1	395.44956067832356	1.511869358105935	0.32684628302283647	
07F:0FB	127	251	1	659.222417709322	2.506432135345438	0.40916647885967916	
0FF:CFF	255	3327	1	918.0554545906566	4.5551231531376875	1.7619918126143534	
8FF:0DF	2303	223	1	311.7572042704947	1.0022872284463096	0.06520566220342308	
0BF:0FE	191	254	1	450.5378774812776	1.7411186531413996	0.30190452506075954	
07F:0EF	127	239	1	447.7813589751901	1.5939192201693193	0.18922244967888985	
0FB:8FF	251	2303	1	402.96388228740653	1.5421351758642916	0.3343619531458514	
0FF:6FF	255	1791	1	1227.2726241851967	6.759569142892799	3.145224015191	
4FF:0FE	1279	254	1	349.2886667184609	1.3506205183844247	0.2541061193845481	
0EF:0FE	239	254	1	345.02806610984743	1.333595592435861	0.23210468979360335	
4FF:8FF	1279	2303	1	422.1532653929138	1.6157726387350717	0.37152187384482127	
0FD:0FB	253	251	1	300.3606407742673	1.1425689527388927	0.18672806671680203	
0BF:8FF	191	2303	1	554.2571571705846	2.1212835976185485	0.45873456492392417	
0FF:2DF	255	735	1	183.76226007307648	0.5989904128731316	0.07059300195001708	
0EB:0FF	235	255	1	360.2096826910854	1.4000895230146038	0.248969209837391	
07F:0F7	127	247	1	576.8662260218613	2.13993333970332	0.3136075470005071	
0FF:4BF	255	1215	1	564.2353267806794	2.3583447266655133	0.6652762851583031	
0FF:0DE	255	222	1	88.58452679678624	0.28315951534322703	0.016396545926787333	
0ED:0FF	237	255	1	356.12684482242383	1.3842259295458066	0.24517391489561324	
0EF:4FF	239	1279	1	826.2621089943409	3.8441530953800345	1.3333388967080313	
0FE:0BF	254	191	1	10.617765136171915	0.02897191483581719	2.3508572213411046E-4	
0D9:0FF	217	255	1	396.9165297875033	1.5426710386528908	0.27389065427768605	
0FF:1DB	255	475	1	55.84242725950803	0.16697409189178866	0.00652030640548952	
0E7:0FF	231	255	1	366.14985588705446	1.4231670338400413	0.2530062092484203	
17F:1FF	383	511	1	609.0747816221734	2.142166528738924	0.2662368799438939	
27F:0FF	639	255	1	2039.3520475942935	7.930578195535552	1.4069977966822262	
0EF:0EF	239	239	1	216.24662692252397	0.7698688219409496	0.09126352758187734	
07F:8FF	127	2303	1	877.5201414022617	3.358504437204116	0.7291431559249798	
0BF:4FF	191	1279	1	1081.1828280030618	5.029342359756794	1.742408393220448	
07D:0FF	125	255	1	744.6952533952239	2.8927282932733207	0.5142730896822475	
2FF:8FF	767	2303	1	890.432661157323	3.407885368711509	0.7297120365405603	
8FF:07F	2303	127	1	1396.4332986262066	5.657619343081842	1.3079706714031278	
0FE:0FE	254	254	1	324.0621602982087	1.25259081937944	0.21824277795719238	
4FF:0FB	1279	251	1	323.914834953318	1.2325822469187382	0.21854189662157295	
0FB:0FB	251	251	1	302.4949084754281	1.1506708777154036	0.18796910183642077	
0FD:8FF	253	2303	1	400.1080497705607	1.5312070940938756	0.33210456750231643	
0FB:4FF	251	1279	1	784.7420588590867	3.651069083626437	1.266867625796602	
05F:4FF	95	1279	1	2311.916039315193	10.760835933786025	3.7388436748021703	
0FB:2FF	251	767	1	346.570924568368	1.2837883673411006	0.24719499335884976	
0DF:0EF	223	239	1	236.0688705654697	0.8404459163025866	0.09954789299695992	
0FF:07E	255	126	1	366.3036033637253	1.4214014144476652	0.28008046509569706	
8FD:0FF	2301	255	1	1063.3082348586058	4.132950996444889	0.753033649736872	
0F9:0FF	249	255	1	339.49299167797045	1.319605410731736	0.234915519382342	
8FB:0FF	2299	255	1	1068.0990355960341	4.151587185777756	0.7570323395114327	
0FF:47F	255	1151	1	695.3221628314974	3.0898995253711887	1.0108429764820164	
1BF:0FF	447	255	1	691.4053593889892	2.6870260569836137	0.47501235589518487	
0FB:0FE	251	254	1	327.658462244437	1.2664897111902143	0.22050647579768476	
2FB:1FF	763	511	1	478.6894295258882	1.6854215776265902	0.206969398146967	
0DF:07F	223	127	1	516.5896497429259	2.0922235570595067	0.47681928695338205	
07F:0BF	127	191	1	13.118260743260077	0.03579449835864976	1.6303419477319106E-4	
0BF:0EF	191	239	1	281.2147146306736	1.0011332153494539	0.11781846100341369	
0BD:1FF	189	511	1	292.61428050103206	1.0302927166273375	0.126426597715249	
0FF:4FD	255	1277	1	769.1080696928333	3.571669462628861	1.2352134591648887	
2FF:3FF	767	1023	1	912.3797936535732	3.4717805593406244	0.7570643728755236	
0FF:87F	255	2175	1	233.80528300877103	0.7964405608080918	0.1143097308397395	
0EF:1FB	239	507	1	194.43253519854895	0.6705337106310425	0.07386703798929396	
0AF:0FF	175	255	1	514.2742171978189	1.9983936241325366	0.3508125779129349	
07E:1FF	126	511	1	463.09762073535865	1.630411479342804	0.20144359557601538	
0FD:0EF	253	239	1	203.2681570496207	0.723690093948799	0.08559531469518984	
1FF:3FF	511	1023	1	615.8637055295076	2.347782600422785	0.5203790199484899	
0FD:0F7	253	247	1	261.69383638784217	0.9711254557397675	0.1417955363122963	
87F:1FF	2175	511	1	942.9158066556207	3.320567157786015	0.43349441627636953	
1FD:1FF	509	511	1	314.0054435636369	1.1052724335624242	0.1341465567826907	
4DF:8FF	1247	2303	1	445.1454032801702	1.7037781118485982	0.3928316223898856	
2FF:0FB	767	251	1	665.5594743830133	2.5311492409392713	0.40598953058509113	
0BF:0FB	191	251	1	415.404527526162	1.5799390346957587	0.2567485081554218	
8FE:1FF	2302	511	1	681.4262614410453	2.3996984729019024	0.3108471386918517	
2FF:0EF	767	239	1	450.94330961242355	1.6052901432877436	0.18664273890112693	
0DF:1FB	223	507	1	205.29266427028105	0.7079755494059046	0.07536160439940744	
1FF:8FF	511	2303	1	600.261376359161	2.2973507272756692	0.4960867826324738	
3FF:0FF	1023	255	1	706.3884110275882	2.745571795212265	0.48394232180222485	
06F:0EF	111	239	1	497.76792072203915	1.7715648375149253	0.20499252970257784	
05F:0FF	95	255	1	991.2649986222291	3.8490148642980433	0.6813214673643413	
17F:0FE	383	254	1	935.952056035676	3.6171600909476487	0.6328060058661104	
0FF:0FA	255	250	1	286.7270107279134	1.0845316147741462	0.1714528680370543	
2FF:5FF	767	1535	1	2857.5865002986015	16.292027217043636	7.514369423951617	
1DF:0FF	479	255	1	578.5958073673623	2.2487664186851495	0.397778084660503	
07F:5FF	127	1535	1	2788.6465803946226	15.899145531322505	7.3625669050793245	
0FE:1FB	254	507	1	180.9741399733265	0.6241221005355283	0.06820390100966185	
0FF:1DD	255	477	1	60.806641227926995	0.18398758387992137	0.007730575282361553	
2EF:1FF	751	511	1	493.92520752174016	1.7390534193899356	0.2085524480715838	
8DF:0FF	2271	255	1	1333.8509342524403	5.186983867598935	0.9046932822311365	
0DB:4FF	219	1279	1	918.46305969926	4.272868148371612	1.482200614576825	
0BE:0FF	190	255	1	453.70204172597823	1.763204442881062	0.3048525339275948	
1FF:4FB	511	1275	1	1151.1548671550165	5.323618900226608	1.8243598472811549	
0FD:2FF	253	767	1	343.1302381367113	1.2710434661410388	0.24412367508379684	
4F7:1FF	1271	511	1	227.99504667387686	0.8029141132622847	0.10709801335625405	
4FE:0FF	1278	255	1	358.5681748150395	1.3943226523099836	0.2674235904207939	
0F5:0FF	245	255	1	343.65365754926523	1.335770138666327	0.23710164934107297	
0FE:07F	254	127	1	439.94189909261945	1.7817093497605507	0.4026082518925588	
07F:0F6	127	246	1	553.3047869013876	2.0407900162097334	0.28857998979850225	
4FF:1FB	1279	507	1	204.99240850050367	0.7070409182392605	0.0875900934030961	
2DD:0FF	733	255	1	868.8404725252484	3.3759157153388193	0.5792118410432493	
9FF:0FF	2559	255	1	1297.226817164938	5.044644655984973	0.9010244853301881	
09F:2FF	159	767	1	580.6718729505608	2.1506439716747816	0.4055767868450304	
0BB:0FF	187	255	1	471.3781850704916	1.8318545214723696	0.32392630820884605	
1F7:0FF	503	255	1	515.6334885045512	2.0041333504723604	0.3532211882962071	
0FF:8FD	255	2301	1	393.6324402308405	1.5035375308180716	0.3238505299601378	
4FF:5FF	1279	1535	1	1293.9994214863418	7.349120558452512	3.461413508830831	
1FF:5FF	511	1535	1	1914.8000990936357	10.879577653937146	5.010011442518358	
2F7:1FF	759	511	1	366.6500559742533	1.2908964760716397	0.11932091631111984	
07B:0FF	123	255	1	754.5156287897051	2.9308389159431014	0.5202737527521033	
CFF:1FF	3327	511	1	423.4666789264152	1.4913094495789516	0.20366095235969006	
4FF:0FD	1279	253	1	335.0359373889102	1.2888771294932502	0.23379253843074174	
2DF:1FF	735	511	1	536.7349389985346	1.889755761269385	0.2237495026024955	
8DF:4FF	2271	1279	1	3106.454163227977	14.458486640066985	4.908343763883156	
1FF:1FD	511	509	1	288.0638020733557	1.0046928492553793	0.11384765411902704	
0BF:9FF	191	2559	1	464.73681895769937	1.7077175732385503	0.3225295576208846	
0F3:1FF	243	511	1	216.6870900032133	0.7629863079705672	0.09373684099979268	
0FD:0DF	253	223	1	63.89304886813953	0.2053943621537249	0.008466725200185208	
0FA:1FF	250	511	1	210.46077919622812	0.7410641265831459	0.0908564948804796	
0FF:4F7	255	1271	1	765.7693743178147	3.5489436841383486	1.2245848587020394	
2FE:1FF	766	511	1	447.52879699354054	1.5757008568297648	0.18333811253547033	
0EF:1DF	239	479	1	65.62571567007522	0.20026798517421532	0.008421993245616922	
0FF:3FD	255	1021	1	398.27070820484073	1.5107129974726616	0.3314117555979889	
47F:0FF	1151	255	1	457.2287770017703	1.7781630837581346	0.34227843401382296	
4FD:0FF	1277	255	1	357.04171294453346	1.3883829730135742	0.2646973307595473	
8FF:2FF	2303	767	1	1080.8308762384547	4.004401924800622	0.7837732043636166	
0FC:1FF	252	511	1	209.7277982193945	0.7384842968702704	0.09087599809739125	
0FF:1ED	255	493	1	73.77154765348182	0.23480447538166646	0.011374864928576724	
2FF:2FF	767	767	1	755.535722898156	2.7922227043863472	0.5184604437463515	
1DF:1FF	479	511	1	299.00227478798126	1.05245563757136	0.10617141176170508	
CEF:0FF	3311	255	1	659.8297162885714	2.5660523715870074	0.4872518352238148	
07F:2FF	127	767	1	754.9534510213763	2.7958804161253403	0.5385500911117945	
87F:0FE	2175	254	1	1407.6821919911547	5.443508959650792	0.9659253558724546	
4FB:0FF	1275	255	1	359.4263438588032	1.3976598080968536	0.2674669441167461	
07F:0FC	127	252	1	638.7985097609894	2.441599532379239	0.384214601517885	
079:0FF	121	255	1	759.3599329883817	2.9496514277410575	0.5193126791787244	
0DF:0FC	223	252	1	353.38363045852094	1.351231228217251	0.22282007877908244	
8FF:1FD	2303	509	1	608.1608009098505	2.121937510435627	0.2480982550108503	
05F:0FE	95	254	1	956.2834405753943	3.692764284535808	0.6343588446858381	
0BF:0EE	191	238	1	195.47501589023278	0.6917997154806861	0.05695078360184107	
1F7:1FF	503	511	1	272.26656733756045	0.9584021126605181	0.0984627063278783	
06F:8FF	111	2303	1	987.0410595818597	3.7776311110334393	0.8098660717730797	
0DF:3FF	223	1023	1	475.2646278073013	1.8128650729745959	0.40393517633422416	
0FF:4FB	255	1275	1	759.8706450679662	3.5127429585339875	1.205761264200511	
07F:1FE	127	510	1	302.9293673978705	1.060938414526371	0.0867452117813607	
8FF:8F7	2303	2295	1	1165.7902473798451	4.393557386080085	0.8865197595523657	
0FF:9DF	255	2527	1	299.9979137309869	1.087589868072726	0.18816595121516624	
27F:1FF	639	511	1	568.2459684262598	2.0005983538938503	0.1092116896268807	
4FB:1FF	1275	511	1	228.48713469663014	0.8046500020012767	0.10816604885113776	
0FF:7FF	255	2047	1	1670.7919788264678	10.74524309411033	5.827800558747184	
07F:1FB	127	507	1	108.0344303373415	0.37249695282849	0.011039087695080262	
07F:1F7	127	503	1	298.3554744092397	1.0043204933244285	0.084179213823316	
1FB:1FF	507	511	1	297.2882553954809	1.0464521942315272	0.11929194660234578	
2FF:CFF	767	3327	1	2073.2863174409476	10.286925690707807	3.9557421702827207	
CFF:0FE	3327	254	1	585.6357675418997	2.264606297099668	0.3893896134429848	
0FF:1EB	255	491	1	23.646093123616836	0.07440468306197823	0.0011686989270231541	
0FF:1FC	255	508	1	156.29801892046993	0.5424120903590817	0.05103054323712403	
1FE:0FD	510	253	1	455.16197913211016	1.750290267402637	0.28335577332874784	
47F:4FF	1151	1279	1	1026.6928249685354	4.763473200863948	1.710804379087125	
2FB:8FF	763	2303	1	843.6309494398469	3.2285832289631915	0.6437531343516997	
2DF:4FF	735	1279	1	2056.564231327415	9.572132480695743	3.2900682331169615	
2FF:9FF	767	2559	1	716.3014929547295	2.6320235875304006	0.4722093008479345	
0F6:1FF	246	511	1	197.52544233123018	0.6955033727865833	0.07883827361717553	
8FF:1FB	2303	507	1	212.6981773306042	0.7334108196478495	0.030333287789777515	
6FF:1FF	1791	511	1	218.60997862740575	0.7697932911644844	0.08271800867859704	
0CF:8FF	207	2303	1	434.77809696658585	1.6638316965355413	0.3139352072904574	
0FF:8F3	255	2291	1	367.1835025977492	1.386537675280887	0.2817982753634035	
0DB:0FE	219	254	1	354.54833088076504	1.3703445849598115	0.22048576489312277	
0F7:2FF	247	767	1	335.36169412165185	1.2422417324658728	0.228018024971766	
077:0FB	119	251	1	546.5957220265022	2.078577982630592	0.26533023939232997	
47F:1FF	1151	511	1	219.44504613841244	0.772719102608503	0.07883975250005323	
0BF:1DF	191	479	1	35.53182672572611	0.10842396543451059	0.0018850777114823934	
5FF:1FF	1535	511	1	191.67932550834678	0.6749380092334966	0.07629966006909332	
0FF:8E7	255	2279	1	200.11640719192818	0.7025872938902227	0.08371203545692862	
13F:0FF	319	255	1	1639.2785429231997	6.374294518593218	1.004911673341201	
07E:0FB	126	251	1	383.70101827362595	1.4593290832695311	0.1380360478651818	
06F:0FF	111	255	1	599.6847947940381	2.330092397308114	0.29721396534555333	
0DE:2FF	222	767	1	379.5988747458246	1.4060661328667514	0.25671677073999855	
9BF:0FF	2495	255	1	671.5970367648293	2.6107804692788377	0.22892007268679787	
0BF:0F7	191	247	1	294.04902433312975	1.091100684625766	0.12875642217331965	
0FF:2FD	255	765	1	318.75097706519176	1.172844757859457	0.21224935723859448	
0EF:1F7	239	503	1	55.00465704723305	0.1851398859371891	0.005912555106334078	
2FF:07F	767	127	1	893.2753228643131	3.6167843778103954	0.7321661511590024	
0FB:6FF	251	1791	1	1245.676324758746	6.8608725722266835	3.192266529295369	
1FB:07F	507	127	1	614.6051757292877	2.4889285395491387	0.5106641088706282	
03F:4FF	63	1279	1	3749.9154970426584	17.45414708046031	6.092127100889027	
0EF:3FF	239	1023	1	429.39124599708197	1.6379086479964104	0.36029531577703555	
8BF:2FF	2239	767	1	1417.0868212437724	5.250129062654972	1.0066570628738032	
0FD:1F7	253	503	1	65.94168677881258	0.2219585060210279	0.00901740679572542	
09B:0FF	155	255	1	538.9555705531302	2.0942303974604415	0.3382262445924716	
1BF:0FE	447	254	1	606.5504096594809	2.3442066544738935	0.3656937689944072	
1FE:8FF	510	2303	1	538.9569052800912	2.062544023877342	0.39843874614797664	
1DE:0FF	478	255	1	476.40282294104753	1.8516941571054668	0.26870095973487507	
0FF:2DD	255	733	1	102.40991647644788	0.33171240019491005	0.021921803412780584	
0DF:4FD	223	1277	1	898.2070663753684	4.17087464380006	1.4418946196056828	
0EF:0FC	239	252	1	263.2486728950306	1.006647576730619	0.13517132226846895	
16F:0FF	367	255	1	674.5088572816082	2.6217100162360527	0.2952515380052709	
87F:0FF	2175	255	1	907.8631504068306	3.5296031788997553	0.40155509199735767	
0EF:9FF	239	2559	1	329.9285788687091	1.2122935012592324	0.21286388047290142	
0EB:07F	235	127	1	456.36001314898357	1.8482418943770307	0.40016317551542613	
0BE:0F7	190	247	1	258.1518870084692	0.9579069575417534	0.09883952707391686	
07F:8DF	127	2271	1	279.459653062181	0.9818565723751884	0.07391242319027916	
07A:0FF	122	255	1	587.0388405581832	2.280965033083749	0.3133771716560369	
2BF:0FF	703	255	1	965.1848206671679	3.7502455016335645	0.6077078178555545	
4FF:1DF	1279	479	1	9.831577114043792	0.029999749980113368	2.014735093487975E-4	
09F:0EF	159	239	1	97.06106183938279	0.34551056736679897	0.01133221814970058	
17F:1EF	383	495	1	19.09534293614656	0.06128409488979909	2.642094006480009E-4	
07F:8FB	127	2299	1	623.2362885883895	2.375435692448031	0.36762787241360384	
06F:0F7	111	247	1	380.49907272117616	1.4117428020096134	0.11991694668721453	
0D7:8FF	215	2303	1	454.73004325840924	1.7402966105970734	0.35765381683200614	
CFF:2FF	3327	767	1	657.4879691540157	2.4359990314490965	0.4910397151006614	
07F:1DF	127	479	1	12.09844498548731	0.036916458964894414	1.3858197378195474E-4	
0FF:3F7	255	1015	1	370.67990053644667	1.3856505797067633	0.28710589399982667	
03F:0FB	63	251	1	517.9656804615247	1.9697939118584715	0.11561621074826241	
076:0FF	118	255	1	624.5055371581356	2.4264290044221988	0.3438790304633814	
03F:0EF	63	239	1	184.5919077518802	0.6570722140715161	0.014734185746790161	
2EF:5FF	751	1535	1	3071.0254420031833	17.508901616839974	8.073831166551802	
07B:1FF	123	511	1	116.72921254811925	0.4109224669527086	0.012520154770498275	
87E:1FF	2174	511	1	156.6794584092297	0.5515506923952955	0.011955214034887	
03F:0F7	63	247	1	409.7051158519684	1.5200472357494481	0.07243573072068507	
0DD:2FF	221	767	1	392.0545104197207	1.4522138783026155	0.272501892258443	
07F:CFF	127	3327	1	2027.810442118757	10.061410131449524	3.893264174606439	
0FA:1FB	250	507	1	93.76446330169676	0.32332154903989563	0.01803589538207268	
1DF:0F7	479	247	1	375.67486748862666	1.3940319902760379	0.16787150230267528	
4BB:0FF	1211	255	1	366.5693067853977	1.4254062254887885	0.2503413747050921	
0AF:0FB	175	251	1	294.3491795265951	1.1195867373292157	0.11509359604664435	
0DF:87F	223	2175	1	100.02592899363152	0.34062575082952223	0.017899495518509275	
0FB:5FF	251	1535	1	1281.441352573087	7.300477947400842	3.376497570300617	
0EC:0FF	236	255	1	296.78115212371677	1.1535937602442756	0.1697339772885374	
0FF:2EF	255	751	1	240.87758145746358	0.8441117172652501	0.12124280442008907	
07A:1FF	122	511	1	172.0021863323213	0.6055199098793326	0.02701581807041563	
0DF:8F7	223	2295	1	395.66562712451486	1.4996231380719525	0.2801545340985073	
03F:0FD	63	253	1	744.9001591831677	2.863267402138302	0.2386144344402725	
03F:0FE	63	254	1	846.6672571723986	3.270691201657386	0.3079435035361864	
0FD:8F7	253	2295	1	351.3946729634058	1.3317867876395983	0.2561418102875779	
8FF:0FD	2303	253	1	490.7282288367209	1.8870947723979552	0.1611876605597759	
0DE:1FF	222	511	1	118.93054314836898	0.4187100576246282	0.0251984678438927	
07F:0DB	127	219	1	13.494313048971524	0.04232141328955199	1.7236944430193635E-4	
0CF:0FF	207	255	1	349.8216120566541	1.3596734964102684	0.20259679369415048	
07F:0DE	127	222	1	17.36564975704511	0.05550165153770718	2.854181314805915E-4	
0DF:CFF	223	3327	1	1072.3290591242803	5.320583001929228	2.057934078863749	
2BF:1FF	703	511	1	181.840369398455	0.64014095137578	0.021657993768544957	
09E:0FF	158	255	1	433.92239152232827	1.6863311042633717	0.22482816610254028	
0DD:8FF	221	2303	1	438.3908657959115	1.6777506311396804	0.34104158197716383	
1EE:0FF	494	255	1	448.372337590836	1.7427690112818373	0.256680552130925	
23F:0FF	575	255	1	1332.4896646985023	5.180115919623332	0.4974300526409873	
0EE:0FF	238	255	1	277.07376579280515	1.0769984904222034	0.14920950037176353	
27F:4FF	639	1279	1	4744.922080299384	22.085033867492783	7.618993058360451	
8BF:07F	2239	127	1	1402.8832512082734	5.682426998369883	0.9858816543997152	
0ED:07F	237	127	1	423.7100493714044	1.7159747380455528	0.34750657802897544	
27F:2FF	639	767	1	1878.9972322487808	6.8725172975215845	1.1063274384674815	
1EF:0FF	495	255	1	391.54688562186954	1.521919424110497	0.19650941693477295	
09F:0FE	159	254	1	408.7343170433949	1.5795958772841834	0.20045131463305502	
0F7:0FB	247	251	1	247.4796559815076	0.9414142942266865	0.12397707765814789	
3FF:4FF	1023	1279	1	1654.3455731643132	7.700109723083914	2.6628958774623572	
09F:0DF	159	223	1	6.5457938247910326	0.021040246063208878	5.159757839070186E-5	
0CD:0FF	205	255	1	309.24174296571977	1.201973939649615	0.15691665064807514	
4DF:2FF	1247	767	1	377.9804361668531	1.4004244719564212	0.28322526126035436	
0FE:0DB	254	219	1	8.209181257134155	0.02574607878466841	1.4041201828691717E-4	
07E:0FE	126	254	1	623.2983720674233	2.4081355920313396	0.3635692159604991	
1FD:0DF	509	223	1	19.696587300169078	0.06331220122870411	5.296095838854048E-4	
4EF:0FF	1263	255	1	313.111437893683	1.2174670747884846	0.1990716205667219	
0EF:8FD	239	2301	1	382.6171365653303	1.4613659377487094	0.2861642413224419	
0AF:1FF	175	511	1	95.64270773793618	0.3366984845670826	0.012175813110861827	
07F:4F7	127	1271	1	1692.5339439349307	7.847018048334719	2.712319981302533	
0F7:1FD	247	509	1	113.4527899913221	0.3957675055262508	0.02609478656367985	
0FB:8FE	251	2302	1	365.9103988236037	1.398850088488574	0.2756677335557315	
27F:0FE	639	254	1	983.5020332131219	3.801863542172061	0.32701605330946876	
8FF:CFF	2303	3327	1	2851.463797912873	13.891289288771748	5.197694946807768	
8ED:0FF	2285	255	1	928.9120913319832	3.6115766203733144	0.44675983179573997	
0DB:2FF	219	767	1	396.9229208189121	1.4702465299430625	0.2769475113410465	
1FB:0F7	507	247	1	222.71260486483908	0.8264213256124459	0.06706085753891802	
0FF:5EF	255	1519	1	1205.384402285485	6.7182800082096295	3.033285476391627	
0EF:0F9	239	249	1	232.7753205067401	0.8759029652692891	0.10571538897384566	
1B7:0FF	439	255	1	580.5224343663892	2.256262484192595	0.3164000314222151	
07F:4FB	127	1275	1	1679.5297497087813	7.767177649807864	2.6707975220120765	
27E:0FF	638	255	1	1177.3032189173234	4.576929984432135	0.4675362286867709	
0EE:1FF	238	511	1	126.41879850190432	0.4450859982272094	0.031117589258424033	
0FE:0FC	254	252	1	234.47709157428798	0.8966391355064838	0.11430465538283326	
07F:2FE	127	766	1	689.3423905890638	2.5442003257755545	0.4490605628453915	
07F:4FD	127	1277	1	1699.3194877547849	7.8946578542300365	2.7340945294819075	
0DF:07E	223	126	1	318.4626218780546	1.2356936234308555	0.18124671446796192	
0BF:1EF	191	495	1	29.332665809373445	0.09414229297939188	0.0012842614045054115	
0FF:2BF	255	703	1	28.427601545875632	0.08311987297583986	0.001689981087071816	
8DF:1FF	2271	511	1	213.47254936442633	0.7515006337144498	0.023163056743628778	
0FF:BFF	255	3071	1	676.8086811107758	3.0012954551487168	0.9576742900838154	
0EE:0DF	238	223	1	17.150645882428847	0.0551289328273322	5.730413108781404E-4	
07F:9FF	127	2559	1	345.0056579022568	1.2672903208591146	0.11262806308342276	
0BF:0F5	191	245	1	183.30208307318617	0.672697890577799	0.05006465873360237	
0E7:1FF	231	511	1	135.19996809084665	0.4760048587713204	0.03457013540061622	
4BF:8FF	1215	2303	1	431.431308598967	1.6511671016604115	0.3490441801778265	
07F:8EF	127	2287	1	378.59569448494034	1.3371260822834536	0.13567384352683576	
07D:1FF	125	511	1	193.10852697065408	0.6798323016063964	0.03476048307875062	
2F7:0FF	759	255	1	577.765141356136	2.245430449612408	0.295518832780685	
06F:0DF	111	223	1	12.87563170758991	0.041386455483525486	1.3774685344883583E-4	
0F9:0FB	249	251	1	190.25021415112573	0.7236996355021195	0.07382353196959966	
8FE:8FF	2302	2303	1	1001.5245638329417	3.81643017689145	0.6552975675523398	
0CF:1FF	207	511	1	144.53057218630232	0.5088470386662357	0.03465981634469921	
8EF:0FE	2287	254	1	809.0289444971537	3.1276846705630463	0.339357094136221	
0F7:4F7	247	1271	1	788.8573944650869	3.655810593100697	1.2611715202595175	
4FD:1FF	1277	511	1	91.54670880301097	0.32230376845030434	0.017404941224435262	
0BF:0DE	191	222	1	9.093383863462286	0.029062920449273822	1.234258493799692E-4	
0FF:CFB	255	3323	1	911.9368603726351	4.512842419583461	1.7385846531517213	
0BE:0FB	190	251	1	118.77744294121827	0.4517749620665095	0.020933272445015236	
0FE:6FF	254	1791	1	1231.1680324520303	6.781014266635193	3.1552322263989416	
0FD:4EF	253	1263	1	724.8801437260458	3.285745137545517	1.0892917903294708	
DFF:0FF	3583	255	1	255.34308828939223	0.9925922171225561	0.07829063938564836	
2FF:0FD	767	253	1	185.12579534209073	0.71183318920489	0.031466055928632955	
0EF:4F7	239	1271	1	818.0039056257161	3.7909249643196143	1.3069397172699138	
47F:8FF	1151	2303	1	426.5937211974354	1.6324729043263368	0.2979558054208809	
8BF:0F7	2239	247	1	79.17955939471668	0.29376508940544466	0.0031385384789682715	
83F:0FF	2111	255	1	301.9534748962598	1.173588462940273	0.043086214411914375	
1FF:5FE	511	1534	1	1907.614020404533	10.823461058342453	4.972720901572882	
0FF:3EF	255	1007	1	230.19663363011955	0.8206408328327781	0.11072807119127837	
8BF:4FF	2239	1279	1	3199.2497665596093	14.89073737188864	5.130219589856601	
2F3:1FF	755	511	1	18.872354747931055	0.06643140666440467	3.107398509943017E-4	
8F7:07F	2295	127	1	597.438701777523	2.419193789447541	0.2334395034883141	
2CF:4FF	719	1279	1	2201.598807887107	10.247090486002381	3.501554995017344	
4FF:5DF	1279	1503	1	1226.4440234656986	6.7976068077143355	3.1114952883330647	
8FF:87F	2303	2175	1	59.672911318063626	0.2031772601299505	0.002384025594426688	
27F:0FD	639	253	1	139.8632774408925	0.5377521794960282	0.0066099185158072365	
0EB:5FF	235	1535	1	1370.9289593048377	7.809869547974736	3.61095191667946	
1FF:3FD	511	1021	1	421.1940781855661	1.5969321470600706	0.2435567608697282	
2EF:9FF	751	2559	1	176.3878501915616	0.6478024080805129	0.026610906527191718	
0FB:2DF	251	735	1	54.153072675643145	0.1764761618547007	0.006038111354508643	
8CF:0FF	2255	255	1	101.68388204231341	0.39517398393922065	0.005215320737954289	
87F:5FF	2175	1535	1	5390.666390816813	30.7338958220153	14.168140957781215	
1FF:3FE	511	1022	1	401.88818164027896	1.5279414229658752	0.22174793833992196	
4DF:0FE	1247	254	1	66.09625802848593	0.25545217967358547	0.008646389286502947	
1FF:5F7	511	1527	1	1901.5617275736854	10.766775220309505	4.942204871782142	
07B:8FF	123	2303	1	202.16259574628194	0.773233099644635	0.03755501754053916	
07F:4DF	127	1247	1	1449.2153182093311	6.554383133332014	1.9880633117975486	
07F:5F7	127	1527	1	2768.459215767481	15.727187009971798	7.256376453655262	
4FF:5FB	1279	1531	1	1278.7462541219063	7.222369520924004	3.3807263260925806	
07F:CFE	127	3326	1	1964.1394442141655	9.738548243816876	3.6521980487218837	
8DB:0FF	2267	255	1	75.56363656146641	0.29365909736421447	0.0028951302083692638	
2DF:8FF	735	2303	1	142.34355549515192	0.5443959573658279	0.015740665622324356	
0BB:2FF	187	767	1	156.43238995982173	0.579269414814682	0.03577536035755863	
1FB:5FE	507	1534	1	1938.3438833049565	10.996900427144709	5.0511708030842035	
29F:4FF	671	1279	1	2454.3600516312404	11.420429952381243	3.2325373127673456	
0FF:5FE	255	1534	1	1256.8986037406453	7.15046761671178	3.2972882210017813	
0DD:0FE	221	254	1	54.70785012819779	0.21142887955695805	0.005301204664132534	
17F:4FE	383	1278	1	1837.5429057231827	8.5365631972684	2.446782269512517	
03F:4FE	63	1278	1	2764.27976872333	12.840123532055332	3.3077022269044307	
16F:1FF	367	511	1	12.992113319913074	0.04573235373522224	1.0974157431937029E-4	
0BD:8FF	189	2303	1	19.829244032076765	0.07583121861632258	5.804370678149714E-4	
8DF:6FF	2271	1791	1	4992.840377602947	27.51597296814642	12.682069340331992	
2FF:4F7	767	1271	1	1315.7694314027524	6.097858109384859	1.5920138908369807	
1FF:7FF	511	2047	1	2535.5217295249254	16.25547130853066	8.787252157361841	
4FE:6FF	1278	1791	1	1255.3509489291014	6.896260327518723	3.2586338363239498	
0DF:8FE	223	2302	1	70.90421153037636	0.27090901703530307	0.008985728993949553	
3FF:4DF	1023	1247	1	921.5176204493372	4.165782335928386	0.8252868485251157	
27F:1EF	639	495	1	1.827843410307269	0.005866163143155949	1.1302601422134835E-6	
47F:07F	1151	127	1	86.60465515955345	0.3505978685899971	0.012259943113700992	
AFF:CFF	2815	3327	1	2648.950658369601	12.968294278277357	3.521396339754749	
1FF:4F3	511	1267	1	773.9678630700438	3.5636019758108195	0.8238617991860557	
4DF:4FF	1247	1279	1	624.3985219535194	2.9013753275346987	0.7683845895100588	
07D:5FF	125	1535	1	2779.0026472509435	15.843429837930595	7.208003030346428	
CDF:4FF	3295	1279	1	859.6083886543435	3.994647532474122	0.8109953204392802	
CFD:1FF	3325	511	1	2.594297065783899	0.009131903460558491	7.623022913523584E-6	
9FF:8FF	2559	2303	1	53.970631547037016	0.20639275523495293	0.0015554902367780658	
0FD:7FF	253	2047	1	1678.244559018087	10.793049722686025	5.836068958637897	
1FF:4F7	511	1271	1	183.45435273859425	0.8493975665224659	0.04620997633186342	
07D:4FB	125	1275	1	415.60810718213787	1.9197253319363885	0.16085239988573707	
0DD:4FF	221	1279	1	305.03634374934626	1.418194295084455	0.16468721124193908	
0BD:8FE	189	2302	1	27.38715219590018	0.10463113573906394	0.0011072598373325783	
1FF:5DE	511	1502	1	1396.3542964795688	7.738440117695066	2.6682024910196547	
CFF:1FD	3327	509	1	2.8751544904551194	0.010027672964316035	9.380071756496678E-6	
4DF:2FE	1247	766	1	15.946831998791374	0.0588393494098303	5.034216194369066E-4	
2DF:6FF	735	1791	1	1701.254357463604	9.33216998619197	2.214132197144478	
07F:4DD	127	1245	1	111.82054575794325	0.5042153336248165	0.011806432814086311	
06B:5FF	107	1535	1	1020.7005481945199	5.8088616550138985	0.8349683938268233	
07E:8FF	126	2303	1	16.238211564414918	0.06209748430572785	2.4779926388104347E-4	
4FD:0EF	1277	239	1	4.394758774321489	0.015642803113737152	4.009253311182202E-5	
06F:5FF	111	1535	1	857.9087800861573	4.881881167760114	0.6094095479177021	
03E:1FF	62	511	1	1.6909106188849865	0.005951977746739715	1.2226975000839774E-6	
0FB:57F	251	1407	1	334.874684349398	1.8135454420993724	0.2301932818736354	
4FF:5FE	1279	1534	1	485.99393861098633	2.760861658029971	0.48916576424076735	
097:0FF	151	255	1	8.344610191401374	0.032428283573083534	7.634906505120399E-5	
8BD:0FF	2237	255	1	6.525953382987363	0.025360592729872577	2.129286335297526E-5	
1FE:1FF	510	511	1	4.2758371745906345	0.01505095284299658	2.505553234230235E-5	
86F:8FF	2159	2303	1	3.1067954151984103	0.01188071267189312	4.665133225705762E-6	
27E:0FE	638	254	1	3.2774638379571956	0.01266530647271981	3.6206825331935783E-6	
23F:4FF	575	1279	1	46.10661733607753	0.21426099666496357	5.942333600769602E-4	
06F:0F6	111	246	1	3.567674792085374	0.0131598387418639	1.0566034185473735E-5	
27F:4FE	639	1278	1	29.705240583742054	0.13781827706046057	2.9766747257740553E-4	
2DF:1FB	735	507	1	1.9708761777463393	0.006794880157052855	3.019233169328659E-6	
03F:9FF	63	2559	1	6.438059037559223	0.02364093959299279	1.793413336971144E-5	
0DF:4F9	223	1273	1	32.075071411646604	0.14783236902101182	0.0018356001823711117	
2DD:8FF	733	2303	1	6.47472756078064	0.024760126620512617	3.227963355938847E-5	
0BF:1F7	191	503	1	2.5055908218167953	0.008432736207606062	9.367860128950852E-6	
2BB:0FF	699	255	1	5.002095275428738	0.01943870411418388	1.5464401432024557E-5	
0BF:2FD	191	765	1	4.2744632773966735	0.015719830070516375	2.7246680224111867E-5	
4F7:8FF	1271	2303	1	4.9171360834085585	0.018803808124855534	4.973851179495098E-5	
0FD:3FF	253	1023	1	3.8940167128092495	0.014844063185294548	3.141656141552999E-5	
1FF:3EF	511	1007	1	3.140511093454743	0.011191054481842714	1.3563909547022336E-5	
03F:4DF	63	1247	1	8.96752728178809	0.04050230234331797	3.473621816355687E-5	
8DF:CFF	2271	3327	1	10.455366055751705	0.051777658739728255	5.53806485196425E-5	
07F:CBE	127	3262	1	10.327658980538038	0.04908352350537954	1.0064311547861208E-4	
4FD:2FF	1277	767	1	3.5778229850742718	0.013246102444016819	2.656489960676292E-5	
0BF:2FF	191	767	1	3.5116029631255414	0.013000908843817875	1.8388216168286085E-5	
0DE:0FD	222	253	1	2.3752614783754207	0.009132112721343745	1.0044803123942158E-5	
8BF:07B	2239	123	1	1.3634916870571745	0.0037786988605898373	9.323694237594531E-7	
9FD:0FF	2557	255	1	2.2787214183432445	0.00885535101870998	2.7721619717417486E-6	
8FF:2FD	2303	765	1	3.1259474394750395	0.011495982217602611	6.546870791039462E-6	
077:4FD	119	1277	1	3.794185061864219	0.01759876325998622	1.2806589215263796E-5	
1BF:2FE	447	766	1	3.093183154583736	0.011412656423305075	9.531666895416432E-6	
4DF:2F7	1247	759	1	2.634156424070792	0.009523370256561251	1.3737505791664794E-5	
21F:0FF	543	255	1	1.976232527053723	0.007679842074867864	1.0340877788287293E-6	
17F:5FF	383	1535	1	10.474999387244567	0.059565648138728514	7.913092929633045E-5	
8FF:0EE	2303	238	1	2.246504897780868	0.007949151301059353	3.382230370052589E-6	
0AD:0FF	173	255	1	2.0450040715186337	0.007947112443266208	5.507578640560457E-6	
07F:C7F	127	3199	1	4.647339332415531	0.02249690059992342	2.0375471396583552E-5	
AFE:8FF	2814	2303	1	2.8005875504923203	0.010709741353528006	4.1184335381631645E-6	
17F:6FE	383	1790	1	5.860817281320787	0.03217346797744741	2.478267283729635E-5	
1F7:8FF	503	2303	1	1.7636041272805154	0.0067442137480008164	4.139120658768695E-6	
23E:0FF	574	255	1	2.5321238124359473	0.009840094373488753	1.7920850293155005E-6	
07E:4DF	126	1247	1	3.3532711224378575	0.015145212071808937	1.0552329129495486E-5	
17F:0DF	383	223	1	1.2734183611895395	0.004093140496951488	1.1753001159215465E-6	
03D:4FE	61	1278	1	3.0448589823956564	0.014126583463646467	3.886161565835684E-6	
2D7:4FF	727	1279	1	2.458881185412845	0.011426484109166624	4.524327521091601E-6	
0BF:4F5	191	1269	1	2.144311715202587	0.009907562705541825	6.843955529786056E-6	
1FD:5FE	509	1534	1	2.17794532325757	0.012366999062263195	6.443818227264714E-6	

