BMLVN	12	x2
metabolism	0.9970000
mutations	0.0000100
catastrofic	0.0000100
minWeight	0.1
start biomas	2.0	_
env.size	25000.0
feedSourceH	0FF
0C7
0B5
023
011
feed port max	50000.0
timeQuant	0.01

key	suscepBits	activeBits	maxsize	popBiomas	currincome	currloss
FFF:000	4095	0	1	14690.384670564797	355.9886474609375	213.67701644990768	
0FF:000	255	0	1	10475.347240771032	128.68890380859375	251.1017548215094	
00F:000	15	0	1	25000.0	240.5551300048828	7.227154351001825	
777:000	1911	0	1	14742.295180177998	296.79925537109375	247.8122361857487	
555:000	1365	0	1	12645.92760255136	119.4868392944336	202.43191701298255	
0FF:0FF	255	255	1	450.885394101861	1.8951206300256775	0.45018670792646753	
0FF:1FF	255	511	1	300.507758174151	1.1090671143885695	0.20048029723091543	
0FF:0F7	255	247	1	379.5910425573815	1.5199119951195639	0.3192929319038916	
0DF:0FF	223	255	1	520.8726194658681	2.188991721575997	0.5173934688203392	
0FF:0FE	255	254	1	441.9107756120639	1.8465186607810367	0.43248125451742253	
0FF:8FF	255	2303	1	480.78767150198985	1.877487296357364	0.5137265012358965	
8FF:0FF	2303	255	1	1703.7881729083363	7.158277483891114	1.7668568275908714	
0FF:0DF	255	223	1	196.97175880266212	0.6721966383220467	0.08612717895390047	
0FF:0EF	255	239	1	315.13044582276495	1.2023483944141287	0.22019370665317417	
07F:0FF	127	255	1	989.7913260524778	4.155701912490865	0.9850887543112335	
0FB:0FF	251	255	1	457.5131725534631	1.9229576449533343	0.4567273823980177	
0FE:0FF	254	255	1	452.41372445627775	1.901540298842623	0.45173474978551437	
0FF:4FF	255	1279	1	1059.651574275416	5.909640335461369	2.4906825049051586	
1FF:0FF	511	255	1	684.5225734970631	2.876750778011019	0.6739617377619112	
0EF:0FF	239	255	1	479.2987871219571	2.0144481727525405	0.47727564134622175	
0FF:0BF	255	191	1	82.85421497151887	0.24584195579089693	0.01525714868070179	
4FF:0FF	1279	255	1	598.6607689985659	2.517667850133805	0.6393735491184368	
0FD:0FF	253	255	1	454.25274826822806	1.9092636368758014	0.45354628608242176	
0FF:0FB	255	251	1	416.5038074649187	1.7107544035869535	0.3842764888644947	
0FF:07F	255	127	1	559.7332704185803	2.446738291582426	0.6947471410216484	
0BF:0FF	191	255	1	620.8085436777801	2.608476463935861	0.6184712065349788	
0BF:1FF	191	511	1	412.81781575529897	1.5234372983738624	0.27442244879274336	
0FF:1FB	255	507	1	275.1815240500194	0.9931559769214873	0.16813982202993957	
0FF:0FD	255	253	1	432.7138223907782	1.7969825665779764	0.4147041296871432	
2FF:1FF	767	511	1	705.5820757267259	2.6038407061447995	0.5280662585600746	
0FF:3FF	255	1023	1	738.8131102391723	3.4874339574476707	1.2113587570040423	
07F:1FF	127	511	1	659.2070010832516	2.4322355076823605	0.43939511421437266	
2FF:0FF	767	255	1	1032.8322625657986	4.339018339054503	1.1272549531048912	
0FF:5FF	255	1535	1	1560.89530486886	10.479584763429092	5.402147263336477	
0FF:2FF	255	767	1	752.8394727473999	3.5214783971741443	1.2573752423131845	
0F7:1FF	247	511	1	309.4306194296478	1.1419918784130365	0.20634144128503298	
07F:0FE	127	254	1	969.8733754434212	4.0484451158470645	0.9460847032987254	
0FF:1F7	255	503	1	246.62696485543216	0.8627880167647857	0.1350849289547547	
4FF:1FF	1279	511	1	407.8306303253867	1.5055427640850272	0.2971452568470314	
0FF:1FD	255	509	1	289.0812405823562	1.0560923952274637	0.18553837955210142	
0FF:1DF	255	479	1	160.1090284965524	0.5071679563193134	0.05696931786039518	
0DF:4FF	223	1279	1	1229.9547497560657	6.858633391304872	2.890669531491307	
1FF:1FF	511	511	1	454.07637334232504	1.6746436203290542	0.2963003878597028	
0DF:1FF	223	511	1	347.6994682984548	1.2831895399897502	0.2312225709042133	
8FF:1FF	2303	511	1	1155.889439841414	4.266977237124241	0.817535581711384	
0FF:1EF	255	495	1	195.70765507302517	0.6495821641691987	0.08509203000406677	
2DF:0FF	735	255	1	1217.4973544087286	5.114131345093105	1.3451603186495644	
1FF:0FB	511	251	1	631.9412688315138	2.595355596082217	0.5746207459944213	
0FE:1FF	254	511	1	301.52278208597517	1.1128126274434171	0.20116611082522431	
0FF:17F	255	383	1	41.16635767471849	0.10179648956229735	0.003770949887465677	
0DE:0FF	222	255	1	523.993087568303	2.2020955759127134	0.5216292085315452	
0FF:9FF	255	2559	1	425.1219601642005	1.5874941947208305	0.401846511937028	
0DD:0FF	221	255	1	526.5251239360946	2.212726529562487	0.5242217628803294	
0FB:1FF	251	511	1	304.90243230987585	1.1252832163883153	0.20336886970906431	
1FE:0FF	510	255	1	686.7068018371384	2.8859271409602716	0.6756833225633122	
0EF:1FF	239	511	1	319.82280270827886	1.1803368442086566	0.21307601654042987	
0FF:0FC	255	252	1	423.7157867194285	1.749240527874064	0.3976704660765614	
0EF:8FF	239	2303	1	511.86143943862163	1.9988159918743755	0.5463921171648227	
0FF:0D7	255	215	1	152.71805040531154	0.49639447660500235	0.05179703192903483	
0DF:2FF	223	767	1	872.4778013561889	4.080629522619836	1.4547024116660696	
0B7:0FF	183	255	1	645.699950641084	2.7129535962505407	0.6428368369304132	
1FD:0FF	509	255	1	690.4771232383248	2.9017620407093383	0.6800749528284654	
0DF:8FF	223	2303	1	556.8676168080085	2.174804889765034	0.594072322654848	
0FD:1FF	253	511	1	302.6922674451464	1.1171277781774085	0.20189972539968432	
07E:0FF	126	255	1	995.7730569220208	4.180783342977175	0.9907757986799496	
CFF:0FF	3327	255	1	1140.2843595133693	4.796858607922996	1.2405213188799866	
07F:4FF	127	1279	1	2326.0571775350973	12.980706733479526	5.4828039869755685	
0FE:0F7	254	247	1	380.82912715622376	1.5248673110893645	0.3203099292414682	
0FF:0E7	255	231	1	252.25286900472867	0.9132071451448843	0.1411739188108761	
17F:0FF	383	255	1	1354.9379927769046	5.692681453434886	1.3250575169992376	
07F:0FD	127	253	1	949.5106763691364	3.939314130214096	0.9070093911585352	
4FF:0EF	1279	239	1	424.4518127380642	1.6199498233224017	0.32156881648275465	
0BF:0FD	191	253	1	593.6696499295192	2.4646830298542772	0.565734795294765	
09F:0FF	159	255	1	751.5036122601715	3.15684008537659	0.743009224661571	
0DF:0FE	223	254	1	511.62432075753253	2.1375389290371314	0.4992338724281462	
0FE:4FF	254	1279	1	1064.4942087917484	5.9366449302538395	2.505152740998146	
1FB:0FF	507	255	1	694.0711121066527	2.9168614550491188	0.6815752178670144	
03F:0FF	63	255	1	2209.1101395614696	9.249621524527	2.145944401993898	
4FF:0F7	1279	247	1	509.3583525597263	2.040373962299395	0.4629743747891743	
8FF:8FF	2303	2303	1	1799.8995873369013	6.93626411711818	1.8896671516084087	
8FF:0F7	2303	247	1	1436.9511091189074	5.751985708142865	1.2579984033915579	
0FF:0F3	255	243	1	346.6504558614509	1.3556460381900464	0.2663642119477574	
0FB:07F	251	127	1	563.1284535599673	2.4616029921911773	0.6929511679532313	
0FE:8FF	254	2303	1	481.936810345875	1.88197266029486	0.5144697766222749	
1FF:0F7	511	247	1	574.7871152256618	2.3012764519893425	0.47557346953253404	
1FF:0DF	511	223	1	292.20757047888196	0.9971723975044707	0.12316063852302812	
0EF:0F7	239	247	1	404.5768149060593	1.6199029254008255	0.34031112417203935	
0FE:0FD	254	253	1	434.1032436854394	1.802749250580063	0.4159823195631214	
0FE:0FB	254	251	1	417.72969292911836	1.7157869312712024	0.3852555577041251	
0FF:0BB	255	187	1	7.535891831618335	0.021671722966302476	1.2624793631547214E-4	
2FF:4FF	767	1279	1	2321.6440230071016	12.957482799605724	5.725330141774824	
8F7:0FF	2295	255	1	1758.8070938816613	7.389403148980747	1.8237806995160877	
077:0FF	119	255	1	1049.0497025776071	4.404068636064402	1.042886067961471	
4FF:0DF	1279	223	1	273.892138838452	0.9348387487074097	0.13397269305134607	
8BF:0FF	2239	255	1	2470.629061621189	10.39303102495607	2.6359910002694664	
07F:0DF	127	223	1	426.1266678823341	1.4540516904841978	0.183703769735815	
0DF:0FD	223	253	1	500.57774888976576	2.078553558458771	0.47796033303908814	
8FF:0EF	2303	239	1	1129.516943953459	4.308807591217932	0.778042649586396	
0BF:0DF	191	223	1	268.91360237795476	0.9176669072562565	0.11645159220680143	
0F7:3FF	247	1023	1	760.8844991617119	3.5915712487447644	1.2472039953233978	
0DF:0F7	223	247	1	439.2323242583851	1.7585590705613672	0.3682144360777709	
0FE:0DF	254	223	1	194.63233739808962	0.6642116211216603	0.08381454385190364	
0FF:0F9	255	249	1	397.77235357220513	1.614037668974307	0.3505499476184833	
0FF:077	255	119	1	72.87978953516351	0.21439541902123957	0.011807255504229607	
0FF:8FE	255	2302	1	478.9804203608007	1.8685024560127572	0.5098738158059383	
07F:0FB	127	251	1	913.5756455728962	3.7491446516431988	0.8400466273919662	
0FF:CFF	255	3327	1	1115.742629803804	6.128024681673334	2.7667310271389405	
8FF:0DF	2303	223	1	679.684492674106	2.3198469593811777	0.2826685521016956	
0BF:0FE	191	254	1	608.1624020069323	2.5404109108454196	0.5936096431960333	
07F:0EF	127	239	1	687.2271921309547	2.6209521750490157	0.4765803505316159	
0FB:8FF	251	2303	1	487.7639823603472	1.9047267106582453	0.5210160418178663	
0FF:6FF	255	1791	1	1671.1179948982137	11.676677486424516	6.192628851841716	
4FF:0FE	1279	254	1	587.1897218103519	2.4549119385320775	0.61512640948077	
0EF:0FE	239	254	1	470.31904974847566	1.9651304746081475	0.4596017547404312	
4FF:8FF	1279	2303	1	632.2859792823022	2.469501119228974	0.7144945477493113	
0FD:0FB	253	251	1	419.3945908106135	1.7226206938512147	0.3867400524475882	
0BF:8FF	191	2303	1	661.6137304727787	2.583884583123131	0.7062199901141636	
0FF:2DF	255	735	1	553.2369526404763	2.3132335418866825	0.6796008781735503	
0EB:0FF	235	255	1	487.0403892108697	2.0469605838284486	0.4851518916536793	
07F:0F7	127	247	1	827.3032564170433	3.3103288474149632	0.6895610156515768	
0FF:4BF	255	1215	1	835.5531835025716	4.2038372898458665	1.5500203066243252	
0FF:0DE	255	222	1	187.58187674991706	0.6365750699252862	0.07811609767275159	
0ED:0FF	237	255	1	483.60396539472197	2.0325283689575406	0.4819760079276471	
0EF:4FF	239	1279	1	1129.9827371763572	6.301618701957653	2.6575403090452503	
0FE:0BF	254	191	1	56.98688831338683	0.16908210183569328	0.0071938344496271555	
0D9:0FF	217	255	1	528.4529351320234	2.220821204511189	0.5192007341811214	
0FF:1DB	255	475	1	138.51871576437085	0.4294644409663568	0.04264571237064545	
0E7:0FF	231	255	1	495.4972634982054	2.0824742325021814	0.4937330179731789	
17F:1FF	383	511	1	893.6174351705783	3.290047340802011	0.5708767464336859	
27F:0FF	639	255	1	3175.3704076535296	13.360686397473517	4.119912919846383	
0EF:0EF	239	239	1	333.023441376837	1.27051496533745	0.230657675802744	
07F:8FF	127	2303	1	1054.1510267156536	4.116917320938831	1.1269478640241684	
0BF:4FF	191	1279	1	1461.5226584250308	8.148655593200028	3.436095972426675	
07D:0FF	125	255	1	1003.9241812971438	4.214939391057968	0.9986161926644774	
2FF:8FF	767	2303	1	1088.8807414266694	4.252926366102255	1.2603421782171707	
8FF:07F	2303	127	1	2076.086534265509	9.080528256687705	2.6367022293169917	
0FE:0FE	254	254	1	442.5046665395472	1.8489875074021542	0.4321910038794704	
4FF:0FB	1279	251	1	552.5378625824504	2.2706211495283455	0.544718033957826	
0FB:0FB	251	251	1	421.67065679216046	1.7319254428882802	0.3880639161187119	
0FD:8FF	253	2303	1	483.69511774256557	1.888837304933453	0.5161103485383802	
0FB:4FF	251	1279	1	1076.5987246821014	6.004108393603033	2.5333853718976207	
05F:4FF	95	1279	1	3142.72484009153	17.538126374374865	7.399676792459186	
0FB:2FF	251	767	1	761.3756692826511	3.5613713312667814	1.2672256665841193	
0DF:0EF	223	239	1	362.63667228681345	1.3835220986066132	0.25117314139369035	
0FF:07E	255	126	1	483.51072948140086	2.029190806624884	0.5185690552616693	
8FD:0FF	2301	255	1	1704.7330392032266	7.162333656910723	1.7599503725037196	
0F9:0FF	249	255	1	459.8931606534142	1.9329527781844462	0.45802166386458765	
8FB:0FF	2299	255	1	1698.3020874576166	7.135447042507347	1.7392620390017617	
0FF:47F	255	1151	1	998.0684846794677	5.389514208702127	2.2131557914963027	
1BF:0FF	447	255	1	942.851516645571	3.9616129161763265	0.9232506854901283	
0FB:0FE	251	254	1	447.27753699740447	1.868927312279793	0.436559868601473	
2FB:1FF	763	511	1	713.1895721493139	2.6319084618920243	0.5307231021960036	
0DF:07F	223	127	1	648.1762245530888	2.83356727086349	0.8030010353804086	
07F:0BF	127	191	1	52.812496000606906	0.15668683010160772	0.0028277791497539947	
0BF:0EF	191	239	1	424.80930479946835	1.6206021871522578	0.2901578430598973	
0BD:1FF	189	511	1	407.20490758926076	1.5027159399725876	0.26437562597801534	
0FF:4FD	255	1277	1	1056.699630631911	5.881809961937851	2.4769096267039177	
2FF:3FF	767	1023	1	1640.1597819364458	7.693491749007565	2.805305750600205	
0FF:87F	255	2175	1	306.4064960782777	1.0504583080777363	0.20876876539575448	
0EF:1FB	239	507	1	289.36558504350813	1.0443333193984072	0.1744553677368929	
0AF:0FF	175	255	1	663.3880701089506	2.78715539483564	0.6397569510882237	
07E:1FF	126	511	1	653.1635444224688	2.409942020200525	0.4286871561235075	
0FD:0EF	253	239	1	308.3244062063575	1.176380479592659	0.20922805195457414	
1FF:3FF	511	1023	1	1127.9243013837781	5.315084210385192	1.8258079685747732	
0FD:0F7	253	247	1	366.04322675938863	1.4656763507277992	0.2947196822082753	
87F:1FF	2175	511	1	1485.0562440857614	5.481644444448816	0.9265558613477415	
1FD:1FF	509	511	1	424.9212661105867	1.5672243408440634	0.2573885180251801	
4DF:8FF	1247	2303	1	658.707468102403	2.57264221260574	0.7308398646161033	
2FF:0FB	767	251	1	913.7885447306539	3.7519805115438105	0.8829158443084381	
0BF:0FB	191	251	1	569.9513464671567	2.3404089190855926	0.5215611129686938	
8FE:1FF	2302	511	1	1072.8238840124695	3.9601321456606557	0.7022913702301963	
2FF:0EF	767	239	1	695.4259935466794	2.6527883853249588	0.5120632218886498	
0DF:1FB	223	507	1	272.81423660570556	0.9845479615307916	0.14237497106264466	
1FF:8FF	511	2303	1	727.2715216206523	2.840259309595219	0.7642133703444042	
3FF:0FF	1023	255	1	951.852251286948	4.000444824774173	0.9617192328030749	
06F:0EF	111	239	1	692.8945948100999	2.6420113216457097	0.4251240906959989	
0F7:0BF	247	191	1	1.0950425575164393	0.0032486707834291882	2.587336870152773E-6	
05F:0FF	95	255	1	1316.8171016516114	5.525321576455843	1.285539289457688	
17F:0FE	383	254	1	1275.640416754659	5.328498834450512	1.174827301550483	
0FF:0FA	255	250	1	372.3718066100544	1.5204626440828453	0.30721083385612963	
2FF:5FF	767	1535	1	3365.5582371576397	22.61997401473917	12.030851695940743	
1DF:0FF	479	255	1	783.0082289695588	3.2904118677645533	0.7626725014411188	
07F:5FF	127	1535	1	3420.242299170525	22.985017482395804	11.853555503278765	
0FE:1FB	254	507	1	260.7656398617348	0.9411120872263222	0.15048081702637592	
0FF:1DD	255	477	1	138.59980104902914	0.43495989558247555	0.042692190694445374	
2EF:1FF	751	511	1	665.6032392870034	2.4562649572925017	0.43914214673706536	
8DF:0FF	2271	255	1	1960.8080552524664	8.246691228930024	1.683970149746367	
0DB:4FF	219	1279	1	1250.6269970191788	6.973826044324079	2.938876174896092	
0BE:0FF	190	255	1	613.7968820762918	2.579053140121904	0.6019185494694832	
1FF:4FB	511	1275	1	1602.3689916683995	8.887583986468176	3.7069585374401486	
0FD:2FF	253	767	1	756.0971955430894	3.5366966686999843	1.258878799178758	
4F7:1FF	1271	511	1	326.968885731651	1.2068508853626359	0.18830549975520908	
4FE:0FF	1278	255	1	592.1146148862241	2.4901239034255207	0.6244036581122278	
0F5:0FF	245	255	1	451.3502376457437	1.8970615825071726	0.4345658157265807	
0FE:07F	254	127	1	452.586675275598	1.9782964090589665	0.4526761595291271	
07F:0F6	127	246	1	760.5243827925254	3.0252253483432794	0.5830017084633576	
4FF:1FB	1279	507	1	357.2744634339026	1.2896823196020069	0.2280371843285327	
0F7:1BF	247	447	1	2.7727650386603044	0.007012750496387427	1.6603514097772152E-5	
2DD:0FF	733	255	1	997.701079323254	4.192127058277024	0.896262698716093	
9FF:0FF	2559	255	1	1620.839042656048	6.8163911019271035	1.2794562945019046	
09F:2FF	159	767	1	1006.871038753645	4.70778746686593	1.3376175699480313	
0BB:0FF	187	255	1	629.0249435397535	2.6429676354219165	0.6225536003137654	
1F7:0FF	503	255	1	686.8174645587536	2.8864155774862064	0.6563510462773542	
0FF:8FD	255	2301	1	467.05404433545135	1.820257039298123	0.4847824726717657	
4FF:5FF	1279	1535	1	1996.1860992074705	13.310272505280622	7.010125875494144	
1FF:5FF	511	1535	1	2393.9672188001555	16.0149760917492	8.200722140717373	
2F7:1FF	759	511	1	251.65565889449073	0.9285339085685298	0.06501182109365347	
07B:0FF	123	255	1	1000.1644400726643	4.199263283190555	0.97693552026478	
CFF:1FF	3327	511	1	697.8341308520171	2.57595536839826	0.464690088269277	
4FF:0FD	1279	253	1	462.7703344752334	1.922604245628978	0.38200231743257634	
2DF:1FF	735	511	1	701.284958744719	2.587896464646358	0.44815079899310645	
8DF:4FF	2271	1279	1	5501.271761676955	30.701814610932846	13.260005901850718	
1FF:1FD	511	509	1	373.8650780305046	1.3651051293161125	0.20101624823570666	
0BF:9FF	191	2559	1	506.7774620406853	1.892172064345531	0.4142834860748424	
0F3:1FF	243	511	1	298.3798404732872	1.1011896391638178	0.18897919115697315	
0FD:0DF	253	223	1	91.15463259942491	0.31104489050739226	0.018312649668801424	
0FA:1FF	250	511	1	286.83252399553095	1.0585746347411378	0.17936887317603956	
0FF:4F7	255	1271	1	1054.3566542215774	5.862373755624518	2.4661072467631486	
2FE:1FF	766	511	1	533.5551931580508	1.9689437992218568	0.3008350879129378	
0EF:1DF	239	479	1	133.32630724292596	0.42230521264871657	0.037067812701175124	
0FF:3FD	255	1021	1	725.5978568112901	3.407323566251178	1.1684481440907266	
47F:0FF	1151	255	1	677.9535613607039	2.851455346368745	0.6166765719146333	
4FD:0FF	1277	255	1	545.7808952671443	2.295170194898092	0.5295150364257882	
8FF:2FF	2303	767	1	2695.899385418684	12.618155912182552	4.446729979838826	
0FC:1FF	252	511	1	290.3292638346874	1.0714864438400367	0.1850791137734713	
0FF:1ED	255	493	1	101.02025064713406	0.33219405406626257	0.02267096583145953	
2FF:2FF	767	767	1	1331.2247548318953	6.191617074176549	1.8441160130987202	
1DF:1FF	479	511	1	237.16476383028208	0.8749375951217251	0.07003260513907927	
CEF:0FF	3311	255	1	1015.5568125822421	4.271599563886675	0.9699694348582346	
07F:2FF	127	767	1	1630.3762549509422	7.619520172021632	2.6832021353440103	
87F:0FE	2175	254	1	1906.136577660469	7.969256497197578	1.5255333497387416	
4FB:0FF	1275	255	1	573.4928957376869	2.4117701789482804	0.5827018296636979	
07F:0FC	127	252	1	578.8936419691354	2.3891742789096617	0.3378873638820145	
079:0FF	121	255	1	917.7974041320209	3.8542919107336653	0.810753821799898	
0DF:0FC	223	252	1	432.7905284042034	1.7866146162819911	0.3573829686424848	
8FF:1FD	2303	509	1	784.1473897350381	2.8647558386867007	0.37610134401442025	
05F:0FE	95	254	1	1166.2973286308325	4.867174814907409	1.0096514770706893	
0BF:0EE	191	238	1	139.73186840272496	0.529789264118746	0.031425923664306195	
1F7:1FF	503	511	1	223.75264011091554	0.8254838957346436	0.06972801211433695	
06F:8FF	111	2303	1	923.2484088627153	3.6048002634094978	0.7593414361885624	
0DF:3FF	223	1023	1	852.0904611152547	4.021795644497438	1.388076045296222	
0FF:4FB	255	1275	1	1046.818444858542	5.802723330273257	2.430894068503143	
07F:1FE	127	510	1	191.21806937608707	0.7015667914667675	0.037006639627148376	
8FF:8F7	2303	2295	1	915.959059464388	3.5319882316041795	0.5007894068894294	
0FF:9DF	255	2527	1	234.89993494123775	0.866491067723034	0.12259441371844221	
27F:1FF	639	511	1	239.98046685631786	0.8853524304554603	0.023499531680961486	
4FB:1FF	1275	511	1	340.0408118761665	1.255133811101992	0.20510482095153493	
0FF:7FF	255	2047	1	2120.0106275529774	16.96413581983892	9.96408466951066	
07F:1FB	127	507	1	45.9341746989094	0.16571415185772045	0.0021363205081183804	
07F:1F7	127	503	1	344.2015858815817	1.2039139849510878	0.11993029068426357	
1FB:1FF	507	511	1	320.2836337127599	1.18151164179041	0.14516520606697064	
2FF:CFF	767	3327	1	2427.938743384013	13.336366517842464	6.264124635634917	
CFF:0FE	3327	254	1	456.2078687367682	1.9066384574195845	0.19831686633446644	
0FF:1EB	255	491	1	22.461836111222194	0.0730002628455789	0.0011208192469201088	
0FF:1FC	255	508	1	138.93788006830988	0.5046443988766653	0.042854557874024986	
1FE:0FD	510	253	1	421.31671489015054	1.749695615163523	0.2545522635611385	
47F:4FF	1151	1279	1	1832.0458993700145	10.136372534728741	4.41635390617455	
2FB:8FF	763	2303	1	381.8516072983144	1.490300615272441	0.15224023752858964	
2DF:4FF	735	1279	1	2704.820787891552	15.096092330949821	6.676764416384203	
2FF:9FF	767	2559	1	526.9437692274987	1.9669623506272664	0.294908589605586	
0F6:1FF	246	511	1	204.00285455330493	0.7528114783959561	0.08937440255522726	
8FF:1FB	2303	507	1	96.27476764570628	0.34733012309462113	0.005665111725793749	
6FF:1FF	1791	511	1	168.18727432482746	0.620585403325119	0.04293938052118891	
0CF:8FF	207	2303	1	148.1340733144197	0.5780638866340472	0.03907863568567079	
0FF:8F3	255	2291	1	306.8210506741439	1.1829704684648827	0.20910865449369323	
0DB:0FE	219	254	1	247.33111011581957	1.0335006934503281	0.11483386758829862	
0F7:2FF	247	767	1	351.31864338861806	1.642662607566733	0.2655837336941682	
077:0FB	119	251	1	249.52445647736167	1.0247702485120367	0.05930107325219638	
47F:1FF	1151	511	1	165.49413902977392	0.6106278527790464	0.036734477194328055	
0BF:1DF	191	479	1	46.78965331368096	0.148178757795144	0.0035298381323723635	
5FF:1FF	1535	511	1	165.03086849712656	0.6089370778875395	0.048157506449151434	
0FF:8E7	255	2279	1	63.215705808202905	0.22637754115597145	0.008873950223500624	
13F:0FF	319	255	1	935.9782977041106	3.9344749703232567	0.32010145890199715	
07E:0FB	126	251	1	139.20468114161667	0.5716838019197872	0.019464959043402466	
06F:0FF	111	255	1	185.63731190125128	0.7801622992083168	0.030596365171118998	
0DE:2FF	222	767	1	492.79088992989216	2.304323074654969	0.4620822750038296	
9BF:0FF	2495	255	1	130.85912461353058	0.5499242890382765	0.007839799724235125	
0BF:0F7	191	247	1	179.01488896246133	0.7167274996585449	0.05154650269431863	
0FF:2FD	255	765	1	501.64037477423443	2.331471388594175	0.5580268209931541	
0EF:1F7	239	503	1	20.913164318917662	0.0731344421307711	9.112764680050871E-4	
2FF:07F	767	127	1	328.4712859486711	1.435277764907904	0.11430383181723561	
0FB:6FF	251	1791	1	1695.567883190331	11.847365239564219	6.2818755501728765	
1FB:07F	507	127	1	252.55974761472478	1.103599535570179	0.09038853339879438	
03F:4FF	63	1279	1	5223.2877886982915	29.14845261489687	12.234518277064963	
0EF:3FF	239	1023	1	583.5657368860751	2.753976798598593	0.708797929227137	
8BF:2FF	2239	767	1	2203.703603605229	10.307258448785877	2.094715852562505	
0FD:1F7	253	503	1	71.65613532648274	0.2506113236721297	0.011316999675505769	
09B:0FF	155	255	1	362.8080739499103	1.5248271343553064	0.16941409094679363	
1BF:0FE	447	254	1	399.621403939435	1.669791322848656	0.16612234914557938	
1FE:8FF	510	2303	1	189.04472252015339	0.7377153823907516	0.05135934657585681	
1DE:0FF	478	255	1	205.11177110535442	0.8620764499820587	0.05219556420593479	
0FF:2DD	255	733	1	148.39648553692052	0.616548689086875	0.04884932372475739	
0DF:4FD	223	1277	1	1221.2539070152552	6.796978369530595	2.8500023361586755	
0EF:0FC	239	252	1	105.61534162998052	0.4359841755692376	0.02320464914060027	
16F:0FF	367	255	1	157.47956376986392	0.6618140042404427	0.01606062915648504	
87F:0FF	2175	255	1	267.3858720116404	1.1237247514751316	0.029975982931826312	
0EF:9FF	239	2559	1	188.40948087525317	0.7031731226364123	0.07398541989201977	
0EB:07F	235	127	1	257.97022370047955	1.1273897740268295	0.13630807767430456	
0BE:0F7	190	247	1	157.4269154247082	0.6302857110169101	0.039690625596648724	
07F:8DF	127	2271	1	56.7553276137591	0.20331918687639164	0.0032622202133404626	
07A:0FF	122	255	1	209.86436182267929	0.8819940094342219	0.0429370074189504	
0FF:0BE	255	190	1	2.0359310777350994	0.005993350823714599	9.213486217218673E-6	
2BF:0FF	703	255	1	709.1021473615455	2.9802295144973217	0.3867154935032281	
4FF:1DF	1279	479	1	12.394000837327841	0.03924875510287537	2.7433068835213466E-4	
09F:0EF	159	239	1	35.99433330983292	0.13729659506067524	0.0017119179719144596	
17F:1EF	383	495	1	10.701834584467736	0.03550877260406489	8.304466444938572E-5	
07F:8FB	127	2299	1	232.19657826428613	0.9026369907250394	0.05458847051971089	
06F:0F7	111	247	1	137.38823871769836	0.550008385727815	0.016772202435263298	
0D7:8FF	215	2303	1	271.45459443238855	1.0595494553561657	0.13631143616784988	
CFF:2FF	3327	767	1	1225.7110262909027	5.734193551427947	1.4322354050479011	
07F:1DF	127	479	1	12.579968012527353	0.0398372900031274	1.6038678329776914E-4	
0FF:3F7	255	1015	1	472.86332785511445	2.196834295891399	0.4959684264165296	
03F:0FB	63	251	1	78.91798349345405	0.32407519733241824	0.0027864936306033865	
076:0FF	118	255	1	233.08291028759817	0.9795747282130737	0.05139156475574623	
03F:0EF	63	239	1	61.32581174559675	0.23391630731854904	0.0016841062702052181	
2EF:5FF	751	1535	1	3606.583707131658	24.24003501781901	12.911125153380059	
07B:1FF	123	511	1	55.315516460142945	0.20406430055388305	0.003008716108970109	
87E:1FF	2174	511	1	45.58351672677975	0.1681566312827974	8.715394153804727E-4	
03F:0F7	63	247	1	97.59514158641959	0.3906820057044326	0.004262210198035819	
0DD:2FF	221	767	1	633.2282263931176	2.961333649164816	0.7595693815323742	
07F:CFF	127	3327	1	2434.4638867077297	13.370718204023474	6.008161634474177	
0FA:1FB	250	507	1	50.167074962644264	0.1809956965723712	0.005486806612048457	
1DF:0F7	479	247	1	246.83465052273107	0.9882748482165945	0.07593653503523196	
4BB:0FF	1211	255	1	262.82718541952175	1.10486396191691	0.10832254987389671	
6FF:8FF	1791	2303	1	136.4238670000928	0.5323369731699161	0.028237339642960425	
0AF:0FB	175	251	1	94.68287742175707	0.3888463378851631	0.013069422029402072	
0DF:87F	223	2175	1	20.702833883638707	0.07093047793667763	8.201986413646424E-4	
0FB:5FF	251	1535	1	1584.0395117663988	10.634830472881834	5.482120704723971	
0EC:0FF	236	255	1	111.48909165429424	0.46858208296453896	0.025554298025954818	
0FF:2EF	255	751	1	259.5401932036308	1.1521443042843142	0.14937114485102984	
07A:1FF	122	511	1	60.91437363074244	0.22472002948066136	0.003625133419506142	
0DF:8F7	223	2295	1	145.34342683001327	0.562236643990145	0.04040853769237423	
03F:0FD	63	253	1	160.4318684950898	0.6661151541169501	0.011507168418924449	
03F:0FE	63	254	1	186.83269554606994	0.7805353642324266	0.015601478324886897	
0FD:8F7	253	2295	1	137.0882714171298	0.5303114282219403	0.04140853163517446	
8FF:0FD	2303	253	1	74.57036183117644	0.3096153916768406	0.0033942071185697133	
0DE:1FF	222	511	1	51.3093215659828	0.18929291046926752	0.00501594146732847	
07F:0DB	127	219	1	14.33557643513013	0.047758041572903226	2.0820052051561717E-4	
0CF:0FF	207	255	1	161.78460376633274	0.6799856927438335	0.04653197629690013	
07F:0DE	127	222	1	12.85906767640851	0.0436270657079188	1.6750105520173996E-4	
0DF:CFF	223	3327	1	1285.2700983655932	7.058995772307856	3.163422237352402	
2BF:1FF	703	511	1	71.36646737892514	0.2632782344900742	0.0039284105235100186	
09E:0FF	158	255	1	157.92593025228535	0.6637289950740733	0.03274249300448225	
0DD:8FF	221	2303	1	171.54939328449325	0.6694786345893795	0.055822096428736735	
1EE:0FF	494	255	1	190.31937724026355	0.799907183823731	0.048521602162859605	
23F:0FF	575	255	1	286.6093699096789	1.2044995409317272	0.028664930010463194	
0EE:0FF	238	255	1	98.17577792865417	0.4126203416890127	0.019977298317437022	
0BF:0BF	191	191	1	1.10222712698591	0.0032699833848967067	1.959558344735683E-6	
27F:4FF	639	1279	1	6388.375240459052	35.65969145404611	16.673484306050376	
87F:8FF	2175	2303	1	173.925987988145	0.6785033130202762	0.01261044712058771	
8BF:07F	2239	127	1	251.3399514000839	1.0980560571942175	0.027219346227427672	
0ED:07F	237	127	1	139.15839999989169	0.6080478791745711	0.03996048758180745	
27F:2FF	639	767	1	1349.4110862813397	6.276362440130266	0.7095744734064	
1EF:0FF	495	255	1	193.14140772170882	0.81177017820086	0.050171793179034085	
09F:0FE	159	254	1	140.08637223208302	0.5852929456789855	0.025897443936649268	
0F7:0FB	247	251	1	113.39240235635623	0.46572103754093364	0.0276715017124923	
3FF:4FF	1023	1279	1	2271.7908283493953	12.67866564805461	5.498231997511764	
09F:0DF	159	223	1	13.499103204378963	0.04605579909377756	2.409903887888965E-4	
0CD:0FF	205	255	1	126.96822604343745	0.5336341169829197	0.028405606857121398	
4DF:2FF	1247	767	1	711.0526768549306	3.3265797575853777	0.8504414925973879	
0FE:0DB	254	219	1	9.365179972092802	0.031199679711737618	1.9415231801162775E-4	
07E:0FE	126	254	1	341.2872969977777	1.4259039575070642	0.11683784887084178	
1FD:0DF	509	223	1	17.13223856983509	0.058451601208876776	4.20104963757455E-4	
4EF:0FF	1263	255	1	112.34156814429389	0.4721652572736147	0.021866015741702615	
0EF:8FD	239	2301	1	151.2562222476601	0.5891205453597369	0.04765482233411539	
0AF:1FF	175	511	1	37.061523758244505	0.13672366918747972	0.0020048844284497255	
07F:4F7	127	1271	1	2288.3271426400793	12.730784988036989	5.306153574701673	
0F7:1FD	247	509	1	59.17245855863646	0.2160995893797574	0.007544927719008821	
0FB:8FE	251	2302	1	145.53072421556092	0.5673465721271177	0.04632485602160996	
27F:0FE	639	254	1	204.67123883069718	0.8550870606801564	0.017075904691061457	
8FF:CFF	2303	3327	1	4064.0090299323424	21.577612786521257	9.362249052943977	
8ED:0FF	2285	255	1	154.37497350316087	0.6487537337355271	0.010704452332779	
0DB:2FF	219	767	1	597.1650787841112	2.7925960713991813	0.6698701695120256	
1FB:0F7	507	247	1	65.01535535286554	0.26027467189126596	0.005993005481761385	
0FF:5EF	255	1519	1	1501.8889056796445	9.87816695697971	5.0028652577491535	
0EF:0F9	239	249	1	112.36603999435657	0.4559084466042159	0.026269310959172263	
1B7:0FF	439	255	1	220.7066085019754	0.9275922500645939	0.047278888664741725	
07F:4FB	127	1275	1	2289.5227363609642	12.69898542804614	5.3118919108552625	
27E:0FF	638	255	1	266.39555443253755	1.1195586399389108	0.028869636472894023	
0EE:1FF	238	511	1	65.3111967508817	0.2409575292204426	0.008853095717826482	
0FE:0FC	254	252	1	73.66182623233512	0.3040673560707207	0.011990092547232536	
07F:2FE	127	766	1	812.0610802031943	3.784938658428307	0.6660308452323279	
07F:4FD	127	1277	1	2300.8071204924518	12.814641373198558	5.364257075345839	
0DF:07E	223	126	1	87.7773133416851	0.3682085775486174	0.014722011946932975	
0BF:1EF	191	495	1	22.30828177239113	0.07402110949844211	8.021328690804731E-4	
0FF:2BF	255	703	1	49.636278610432235	0.1873681426241088	0.005468134652697288	
8DF:1FF	2271	511	1	69.09699972192175	0.2549002011093681	0.0020898331820804364	
09F:0BF	159	191	1	1.4369650893712578	0.004263052887903816	2.7333757494573465E-6	
0FF:BFF	255	3071	1	810.4343590439095	3.9342856612153945	1.4596174583607453	
0EE:0DF	238	223	1	6.904960116011032	0.02355804479922919	9.900596264504678E-5	
07F:9FF	127	2559	1	101.41243807430428	0.37837740675850073	0.010413399052897242	
0BF:0F5	191	245	1	53.89669298287723	0.2131121409348091	0.004675180537659798	
0E7:1FF	231	511	1	64.3294000364079	0.2373340479534731	0.008343897035003553	
4BF:8FF	1215	2303	1	215.37631754150678	0.8405274586376782	0.07327941029855989	
07F:8EF	127	2287	1	97.84484746140915	0.3521401943351164	0.009696113273928246	
07D:1FF	125	511	1	75.66533077207286	0.279141807149981	0.005711384386661124	
1FF:0BF	511	191	1	1.0664344945758284	0.0031637964468797897	1.64282712588753E-6	
2F7:0FF	759	255	1	205.63363692842844	0.8642442158145274	0.04334205562563212	
06F:0DF	111	223	1	14.37075477374252	0.04902944194534109	1.8384656043200258E-4	
0F9:0FB	249	251	1	86.27685484918815	0.35433962348741327	0.016140073038401814	
8FE:8FF	2302	2303	1	262.80091396948853	1.0251329113058543	0.04179286348323098	
0CF:1FF	207	511	1	67.61093445525208	0.2494385007890862	0.008139863380371365	
8EF:0FE	2287	254	1	209.06761889669164	0.8734638035036146	0.01967509832828184	
0BF:0DE	191	222	1	3.571965713694006	0.01211855243427829	2.056173025362815E-5	
0F7:4FF	247	1279	1	1089.1100443233283	6.073806517246164	2.554035399753124	
5FF:0F7	1535	247	1	40.087109854318356	0.1604776161381317	0.0028396771767238067	
ABF:0FF	2751	255	1	156.8234033527763	0.6590449879127551	0.011313468109785797	
8FF:8DF	2303	2271	1	43.668424087836954	0.15643080355625297	0.0011641894705608914	
2DF:1FE	735	510	1	30.590493141135703	0.11222032292906155	8.53046580868364E-4	
0DF:4EF	223	1263	1	1104.4293337835102	6.006622634762131	2.3311828468782414	
0DF:2EF	223	751	1	132.5830258876411	0.5884030779207542	0.0335751882050762	
07F:1EF	127	495	1	6.846943829626639	0.02271820353567817	4.74974340032536E-5	
4FD:0FD	1277	253	1	23.067048768701067	0.09577390538224495	9.450732108513078E-4	
2FE:5FF	766	1535	1	3338.223942047228	22.435305880153674	11.790281511413884	
4FF:4FF	1279	1279	1	1146.7086233291393	6.373212506253038	2.3224116152733685	
85F:0FF	2143	255	1	33.36449721225528	0.14020500094346425	4.599208919332565E-4	
05F:1FF	95	511	1	17.368378134790355	0.06407117400877878	2.257863359525884E-4	
87D:0FF	2173	255	1	53.32330620985955	0.2240782430897481	0.0011908949903423711	
0FF:DFF	255	3583	1	1408.8655872720506	8.774013939548974	4.410670853588605	
0FB:27F	251	639	1	30.345236663354406	0.11341054320255507	0.002013987351585627	
0BF:8FD	191	2301	1	94.00219865769202	0.3660683849751746	0.014230522191792418	
0E9:0FF	233	255	1	46.209841034345324	0.19419805425120198	0.004338493320128267	
0FA:4FF	250	1279	1	877.4624938640563	4.892460628901401	1.6762039450410617	
8FE:07F	2302	127	1	70.32650904222567	0.3072229735302013	0.0030100811118981253	
067:0EF	103	239	1	15.518222262770347	0.05919072528619689	1.9995797141255587E-4	
0FF:3FB	255	1019	1	197.73714326738693	0.9232609103807239	0.08665763430911827	
4FF:0F6	1279	246	1	15.45091491871398	0.061479009586810816	4.2564450490215587E-4	
4FF:8EF	1279	2287	1	35.02518162702294	0.1260498087182404	0.002189131213809277	
0CE:0FF	206	255	1	29.582387369234663	0.12431619277913689	0.0015502601167268093	
8FF:0FB	2303	251	1	23.705678794956288	0.09734538977899877	3.430732804620437E-4	
47D:0FF	1149	255	1	15.930867010896678	0.0669455302053331	3.393003794206996E-4	
2EF:0FB	751	251	1	16.987438036871527	0.06975765287316796	2.858701076489154E-4	
0F6:4FF	246	1279	1	385.957475749257	2.1504055796776647	0.31900638286884014	
8FD:1FF	2301	511	1	8.186579749258614	0.03019969412003234	4.074485800138257E-5	
4FF:5BF	1279	1471	1	671.854335023018	3.9790737010249853	0.7997781411361619	
2E7:5FF	743	1535	1	2258.7851270892006	15.160008065908913	4.880685922402327	
03F:6FF	63	1791	1	3586.9490412178475	25.033461963537913	5.744984372719215	
0EB:0DF	235	223	1	3.071717960691553	0.010479872249224887	1.935757704046363E-5	
17F:0FA	383	250	1	4.616575481757721	0.018844882714854017	1.5432389619089434E-5	
0FF:47E	255	1150	1	98.71797783789675	0.5314073844398204	0.021565530368262777	
4FF:DFF	1279	3583	1	454.0118597820765	2.8203964653004414	0.36592284395272967	
27F:0FD	639	253	1	10.178889820271303	0.042261003820410405	4.223034264240588E-5	
0F7:0FF	247	255	1	8.530479791002476	0.03584711788136624	1.5662242623400524E-4	
03F:CFF	63	3327	1	111.86870561550442	0.6129348914858173	0.005587411356891977	
CFF:8FF	3327	2303	1	6.951863408841025	0.02712131240193021	4.6033193563938875E-5	
07F:CF7	127	3319	1	83.33783538713494	0.45585464934620595	0.007007541437747596	
0FB:4FB	251	1275	1	71.98375686320924	0.3984022796920487	0.01129315063744602	
A7F:0FE	2687	254	1	7.338288211490494	0.030655859775636847	2.2763772205203232E-5	
0DB:4FE	219	1278	1	63.3483707653574	0.35218409277594015	0.007520066728851179	
2BF:3FF	703	1023	1	26.595047540214356	0.12539211585730264	5.442631516317766E-4	
07B:0F7	123	247	1	6.4211551231527	0.025703682980586253	4.0520346371529947E-5	
1FE:1FD	510	509	1	3.458170713804734	0.012627891547794447	1.7185126962271648E-5	
8FD:07F	2301	127	1	12.101947681514506	0.05286576833822824	8.89179955042607E-5	
2FF:4EF	767	1263	1	48.522987708733666	0.26350247902699536	0.002489633199298452	
0FE:8FE	254	2302	1	6.998931181710586	0.02727711366188622	1.0831786181718993E-4	
29F:4FF	671	1279	1	50.098953278528185	0.2789336896527674	0.0015949454156537278	
8DF:8FF	2271	2303	1	7.631071918948043	0.029771008932158113	2.5470484957359286E-5	
4F9:0FF	1273	255	1	6.684244809799251	0.02808861914914059	7.880305223731057E-5	
1B7:0FE	439	254	1	6.532607310775271	0.027290197077160565	4.144843643118356E-5	
8F7:8F7	2295	2295	1	6.3526490653087615	0.024567434542875605	2.3873639559204343E-5	
9FF:0F7	2559	247	1	3.288958365635674	0.013165536503039104	5.262034886501956E-6	
07F:0ED	127	237	1	2.307967763974901	0.008681940231431293	5.391994497154825E-6	
2FE:8FF	766	2303	1	2.229774687835894	0.008698986642588809	5.252887334913548E-6	
177:0FE	375	254	1	5.390934779475828	0.02252076090825665	1.9873636967149437E-5	
8DF:6FF	2271	1791	1	103.86794305008941	0.723775459383809	0.004691529958662739	
0BF:47F	191	1151	1	19.876409602495414	0.10709814758174688	6.34186685991358E-4	
0FF:03E	255	62	1	4.392343025086302	0.017443082500130717	4.27960270946856E-5	
0D8:0FF	216	255	1	5.218192967085982	0.021927910050632923	5.052413818941978E-5	
09F:1FF	159	511	1	3.1162330232437836	0.011495545792890223	1.2836374074423217E-5	
1FE:0FB	510	251	1	3.3978908775665593	0.01395302459640009	1.657646436120868E-5	
87F:1FD	2175	509	1	2.8555734278171143	0.010427402470400943	3.421888097343554E-6	
3F7:4FF	1015	1279	1	9.223345743707556	0.051351263478322716	8.754974636666964E-5	
4FF:1FE	1279	510	1	2.6416714112376107	0.009690675033811344	1.2449672291296076E-5	
0BB:6FF	187	1791	1	15.759001658268767	0.1098100646319813	3.8964997553162125E-4	
CFF:0EF	3327	239	1	2.4480119805251435	0.009337290080646845	5.70956069443593E-6	
07D:2FF	125	767	1	4.133083002825494	0.019313211951444736	1.700992265620282E-5	
8FE:5FF	2302	1535	1	9.474916813988234	0.06345528811408994	5.4378959910133734E-5	
2DE:2FF	734	767	1	3.8847062628391056	0.018152577110470917	1.3674336776110066E-5	
0DF:CFB	223	3323	1	4.255858750869175	0.02325479520743838	3.451705351131516E-5	
07B:CFF	123	3327	1	5.624902881962021	0.030817792068526365	3.100357488806275E-5	
5FF:1FB	1535	507	1	2.33401760342398	0.0084199672857258	9.63332022465896E-6	
3EE:0FF	1006	255	1	2.8230397725312497	0.01186290772084156	7.868350783066555E-6	
8DB:4FF	2267	1279	1	4.849529935018202	0.026999709624619093	1.023756331470929E-5	
0EF:CFF	239	3327	1	4.5718114857254495	0.025048200339654336	4.337751733408993E-5	
8DF:5FF	2271	1535	1	4.938466873467154	0.03307371690976748	1.061046835421262E-5	
2EF:5F7	751	1527	1	3.670589954459642	0.02452056100838239	1.3279051931183784E-5	
8AF:1FF	2223	511	1	2.0315512305298196	0.00749421326392684	1.7677884672997061E-6	
2DE:4FF	734	1279	1	2.650423537525381	0.014756210867857061	6.354320475870528E-6	
5FB:0FF	1531	255	1	2.131578742543169	0.008957275852933344	7.967431178960365E-6	
0BF:4FD	191	1277	1	2.0698632863406132	0.01150167279149238	6.8746665132272805E-6	

