BMLVN	12	x2	MULTI	ch10.0
metabolism	0.9970000
mutations	0.0000100
catastrofic	0.0010000
minWeight	0.1
start biomas	2.0	_
env.size	25000.0
feedSourceH	0FF
0C7
0B5
023
011
feed port max	35000.0	limited
timeQuant	0.01

key	suscepBits	activeBits	maxsize	popBiomas	currincome	currloss
555:000	1365	0	1	7677.070673928611	90.22736358642578	129.92070490969533	
005:00E	5	14	1	5928.390754087152	23.243295554968945	4.417793729804351	
087:00E	135	14	1	1154.1842392846986	4.673758581271656	1.0827089303576294	
7FF:FFD	2047	4093	1	834.5256996869812	4.985964810405317	2.365221522734375	
004:00E	4	14	1	6849.997052938603	26.276227798480456	6.93420738483064	
7FD:7FF	2045	2047	1	515.5593586458498	2.6816200821303697	0.9005834201960332	
7BF:FFF	1983	4095	1	974.6743996367011	5.825549788301413	2.954974200967836	
0F0:000	240	0	1	10201.556210798983	334.9331359863281	168.96016574920847	
067:0FA	103	250	1	3159.7182250372794	17.60175869411151	6.866769838740739	
0C7:0FE	199	254	1	2166.0096804519285	12.445740187001505	5.602893247092354	
FFB:FDD	4091	4061	1	894.7248849501385	5.280485768428411	2.6988448975610733	
400:000	1024	0	1	10390.241126818391	91.02185821533203	181.609259269367	
FFF:FF5	4095	4085	1	890.9984378127147	5.310166982822286	2.679840996735174	
02F:0EC	47	236	1	2637.239291211379	14.937969659856892	5.193632148420244	
1BF:7FE	447	2046	1	1740.5028372386719	9.037766717072875	3.5798490040582944	
800:000	2048	0	1	12115.467999068152	261.1757507324219	175.16947608762695	
8BF:7FF	2239	2047	1	1904.772265324423	9.922698717066352	4.719773106337812	
86F:02E	2159	46	1	1275.8085794446029	5.9996480795794165	2.0510141723250492	
FFF:BFF	4095	3071	1	712.4902406085705	3.7081896436508623	1.717033658846707	
FBF:FEF	4031	4079	1	887.6879460282016	5.277968840739225	2.594191408425396	
001:000	1	0	1	25000.0	240.1197509765625	0.0	
8BF:7FE	2239	2046	1	1951.1134308909536	10.156707010272303	4.9528589926710165	
FBF:FFB	4031	4091	1	929.4158603137125	5.541815668003535	2.8438964877463704	
BFF:FFF	3071	4095	1	1398.8642497502346	8.337643396906186	4.099134684738835	
777:000	1911	0	1	7067.954468996108	178.63876342773438	149.98986313919562	
AFF:7FF	2815	2047	1	1413.2306254194752	7.35827558693069	3.6562607969767558	
0AF:7F6	175	2038	1	1892.146266075108	9.815634704111387	4.125820756158077	
007:00E	7	14	1	3534.2531041886095	14.05226115895932	3.0647143109509676	
DFB:FFB	3579	4091	1	1146.5978193796857	6.831671259563785	3.568468329603035	
0EF:5FE	239	1534	1	1001.0443919773872	4.576229954945274	1.754830112635968	
00F:000	15	0	1	14313.141051746745	186.32423400878906	137.96767171356728	
8FF:7FE	2303	2046	1	1555.860908282031	8.097508670059927	3.626226629386247	
7FF:FFB	2047	4091	1	853.412095171327	5.0944191252955635	2.4737302632976936	
200:000	512	0	1	12288.848146368007	307.16888427734375	121.17825607039991	
9FF:FFF	2559	4095	1	1888.7522697221007	11.232557330915144	5.179062907268278	
FFF:FBB	4095	4027	1	834.3533923675468	4.843719535734907	2.3505234839905396	
06F:0FE	111	254	1	2860.781253667293	16.441189386577836	6.969232019428834	
7FF:FEF	2047	4079	1	871.54786326399	5.187707804722842	2.580330139570114	
7EF:FFF	2031	4095	1	856.7585817000221	5.121295897438274	2.464510609657829	
F7F:FEF	3967	4079	1	763.087681365148	4.537563198301747	1.8701300267469598	
BFE:FFF	3070	4095	1	1341.3014021678707	7.996127440891602	3.7677754008083855	
FE7:FFB	4071	4091	1	819.679316895663	4.888326930649978	2.2474735377664254	
FFF:FFB	4095	4091	1	967.740664796455	5.770190889090521	3.161804684477713	
067:0FD	103	253	1	3141.846709442406	17.899831111569075	6.779301140917231	
085:00E	133	14	1	1460.204492356284	5.914389877639835	1.7247017917544614	
FFF:000	4095	0	1	6496.505629634762	108.47179412841797	145.55611314505055	
046:00E	70	14	1	2816.799323521461	11.40904172265373	3.3074278656436427	
0FF:000	255	0	1	9046.624807673918	336.476318359375	142.40062555078475	
0EF:0FC	239	252	1	1384.9830923815086	7.8800197973875	3.321350622008066	
DFF:FFB	3583	4091	1	1067.4302947495833	6.361276169714445	3.0977495025895294	
3FF:77B	1023	1915	1	891.1931427244841	4.283725693293418	1.5753970265963133	
FFF:F6F	4095	3951	1	847.2862696146594	4.914665251137445	2.4242276994881364	
CFF:FFF	3327	4095	1	1244.7056743531803	7.423471899906739	3.736748979130863	
DFF:FF7	3583	4087	1	1099.5148559837037	6.551359776314253	3.2868309410274943	
22F:0FE	559	254	1	2899.252544813111	16.826576447289362	7.486539264077517	
DF7:FFF	3575	4095	1	1080.5465680480124	6.448060094902689	3.163252363766152	
0AF:00E	175	14	1	1034.4360531763277	4.189911053940698	1.2334959152244922	
0AF:7FE	175	2046	1	2147.8032980356465	11.179905662195756	5.319020197484983	
9FF:7FE	2559	2046	1	1739.8026401802467	9.056916076655435	4.456540317907759	
0E7:0FE	231	254	1	1668.9330229358816	9.621141671954073	4.607636391257378	
AFF:FFF	2815	4095	1	1576.1841291849178	9.387838538777817	4.5063857275835755	
0BF:7FE	191	2046	1	1881.9349699928266	9.793666539305745	4.21216190107767	
067:0EC	103	236	1	3416.013834503193	19.161403689475726	7.98560145489752	
FF9:FFF	4089	4095	1	861.9344976316785	5.147193068649906	2.5023567295989086	
7FF:F7F	2047	3967	1	847.8258831134007	4.941748529654678	2.4425218089755703	
0AE:7FE	174	2046	1	2182.083562045278	11.35890769508058	5.512832064091908	
047:00E	71	14	1	3504.072403147246	14.196581712297899	5.066177034128997	
0A7:0FE	167	254	1	2464.5932935601677	14.149471348952614	6.398396636762138	
375:7FF	885	2047	1	1881.5477167789634	9.757243820247329	4.93851455536324	
DEF:FBF	3567	4031	1	1055.8060340882982	6.132562126828143	3.0114910054600994	
FBF:FFF	4031	4095	1	820.6241961686538	4.900550401891567	2.2166008088975544	
8AF:00E	2223	14	1	759.4464629649135	3.0754387253794855	0.7453849334129848	
0AB:7FE	171	2046	1	2380.4729431372516	12.393366441841906	6.3494404402556075	
FEB:FFF	4075	4095	1	868.2820227548314	5.185014358714741	2.5261570897384655	
CE7:0FE	3303	254	1	1133.875300060905	6.581662561529564	3.08704503429798	
2EF:7FF	751	2047	1	1625.3586046671155	8.443514160919293	4.316890448782076	
FFF:EFF	4095	3839	1	735.1558154582872	4.164263008680497	1.8252640000870037	
EFF:3FF	3839	1023	1	414.3461903957923	1.9112080740750246	0.5242831826093854	
9FF:FBF	2559	4031	1	1845.2574518036547	10.683831293699527	4.94786192685401	
82F:00E	2095	14	1	963.1234789617777	3.9010237827540655	1.1383785072358488	
02F:7FC	47	2044	1	2782.3931012370376	14.461904933933313	5.844969406470286	
1FF:FFE	511	4094	1	2280.5811036990203	13.625554956699709	7.955131276380977	
FF7:FFF	4087	4095	1	912.3006872038657	5.447575734021508	2.801024578874009	
FFF:DFF	4095	3583	1	671.0971145890812	3.6338911645023324	1.52186911492465	
FEB:FFB	4075	4091	1	880.989540390972	5.253574169054133	2.6007370859982917	
067:0FE	103	254	1	3513.5480353503967	20.1140642862945	8.4489052030559	
FFB:FFB	4091	4091	1	877.8646850339744	5.2350099940882115	2.5975778081414056	
FFD:7FF	4093	2047	1	724.287026816085	3.769968252244047	1.7747637043846163	
FFE:FFB	4094	4091	1	895.0413725579566	5.337346879822495	2.703633138804738	
EBF:FFF	3775	4095	1	1050.6265680405536	6.270686241076781	3.269148835881822	
FFF:FD7	4095	4055	1	869.949831152442	5.129976806281995	2.5550132407858013	
8E7:0FE	2279	254	1	1925.709503143092	11.175940377443293	4.899442374989219	
8FF:3FF	2303	1023	1	1389.2734593115877	6.413928973258083	2.893235565155169	
9FF:FFD	2559	4093	1	2103.608312842971	12.49012428888438	6.419039509026422	
8BF:3FE	2239	1022	1	1368.246787321643	6.076193734672619	2.43570887679813	
FED:7FF	4077	2047	1	729.2717394092062	3.795917532023886	1.7887846204661157	
04F:02E	79	46	1	2790.6397472663875	13.123187212055571	4.455883174635021	
FFF:FF7	4095	4087	1	905.3114562578155	5.397987829331624	2.766689263834219	
067:0EE	103	238	1	4231.845764135596	23.93920758246516	12.15512645521807	
FFB:FF7	4091	4087	1	861.8411513621725	5.139084943327921	2.5035692700876684	
22F:00E	559	14	1	1176.2951143751502	4.7638166392157135	1.2329133338653047	
1EF:7FE	495	2046	1	1566.8318323028166	8.13950429227184	3.5850794700948203	
9FF:EFF	2559	3839	1	1813.6236517693972	10.238183072191449	4.787725663944257	
DFF:FFD	3583	4093	1	1139.116134971263	6.793283227518192	3.527822203504854	
7F7:FBF	2039	4031	1	829.5803428519636	4.826539529816563	2.322061494001127	
FF7:FBF	4087	4031	1	795.8981546639523	4.6262804288358295	2.1321596751661374	
FFF:FDD	4095	4061	1	943.1566238472387	5.565909192308323	3.0035226326635445	
027:0EE	39	238	1	5186.50778865406	29.606666547063718	12.18189564378758	
EFB:FFF	3835	4095	1	995.7333483965714	5.943954552295621	3.011796257502767	
AFF:3FF	2815	1023	1	1037.3832826576465	4.784823172391125	1.9685653692556198	
8FF:7FF	2303	2047	1	1781.330076939552	9.28141565211291	4.756548620707685	
FFF:FFA	4095	4090	1	873.5106877527049	5.207322975245731	2.5755658602452955	
3DF:7FE	991	2046	1	1261.0340794334238	6.5476592707700165	2.9426642292194387	
27F:7FF	639	2047	1	2833.251536269017	14.651494942136775	8.028148947761924	
CFF:7FF	3327	2047	1	1059.6369051618487	5.516013501130675	2.7235362420333984	
1ED:7FE	493	2046	1	1669.8041833558098	8.673557596060917	4.051388810907783	
F7E:FFF	3966	4095	1	748.047921729993	4.467255462980379	1.7965785799008829	
027:0FC	39	252	1	5642.271680770512	31.889967333010524	14.456598974981096	
F9F:FFF	3999	4095	1	856.189954323221	5.1126355635413265	2.38313087015442	
2E7:0FE	743	254	1	1641.3149451393895	9.506458827228835	4.300815828766947	
77B:FFF	1915	4095	1	1003.7134750308081	5.998862563070776	3.030471192030379	
1FF:7FE	511	2046	1	1637.291417394688	8.505353655352357	4.093211084409583	
0A7:7FE	167	2046	1	2128.571762301175	11.077830860788103	4.890974941463259	
FDD:FFF	4061	4095	1	826.0781840381007	4.933188251254863	2.273552238863571	
0A7:0EE	167	238	1	2440.492349435119	13.936419576038183	6.265229651659285	
DDF:FFF	3551	4095	1	1055.4195149888628	6.298401268765357	2.986082148343669	
02F:0FE	47	254	1	2580.932337038287	14.921005625196283	4.9729452899336515	
FDF:FEF	4063	4079	1	911.780716987626	5.421141104378912	2.772300805263371	
8FD:7FF	2301	2047	1	1681.611159162019	8.76049401435415	4.230155905540159	
7DF:FFF	2015	4095	1	958.9419005135436	5.731636237399273	2.907819759545692	
FFF:FFF	4095	4095	1	882.5650472931133	5.270267477711544	2.6292173573239292	
2FF:7FD	767	2045	1	1318.5344489436059	6.845942724587165	2.940627985604069	
0EF:7FC	239	2044	1	1185.589521166495	6.1591001110329655	2.460441398308649	
EEF:FFF	3823	4095	1	948.0079288023129	5.659521294634771	2.7168238281739328	
FEF:FEF	4079	4079	1	906.1538995282676	5.387694861085678	2.7555830305345355	
7BF:FEF	1983	4079	1	962.0124708504801	5.725328638688424	2.878793015583639	
0FF:7FE	255	2046	1	1339.9302372605762	6.969556363371721	3.239142363880659	
027:0EC	39	236	1	4932.972928462822	27.77566067905166	11.063060864685706	
1AF:7FE	431	2046	1	2065.3157336624067	10.71940148556102	4.782543760684985	
DFF:FFF	3583	4095	1	1056.1372740602023	6.302777978206682	3.032468910513957	
F7F:EFF	3967	3839	1	861.3412665086041	4.878169341813889	2.3850766159331718	
EBF:7FF	3775	2047	1	846.22839187322	4.404772292799485	2.1289359379180457	
1E7:0FE	487	254	1	1927.6526957456333	11.140335072600015	5.222706371816612	
FDB:FFF	4059	4095	1	819.7078275983275	4.895172223464692	2.236892973168038	
7F7:FFF	2039	4095	1	945.824433342685	5.654231670137268	3.0187033354444024	
FFF:FCF	4095	4047	1	761.6373772154515	4.479086762919293	1.9580393252295512	
8FF:FFF	2303	4095	1	1724.9333606935588	10.271659255866757	4.4063385360192	
7FB:FFF	2043	4095	1	817.2074429734116	4.884744879829432	2.2606677388215592	
EDF:FFF	3807	4095	1	1010.6083897137006	6.032470890622245	3.0666120950185185	
2FF:7FF	767	2047	1	1104.4235794805943	5.741855698058501	2.063143451777936	
EF7:7FF	3831	2047	1	838.5031185687205	4.364603057557553	2.139988371055489	
DFB:FFF	3579	4095	1	1086.2496107864565	6.482019985492299	3.2026289382120683	
F7F:FFB	3967	4091	1	954.162076381706	5.688919948020812	2.9247002964247244	
F7F:F7F	3967	3967	1	915.9192102890438	5.331496421247711	2.6951547279221075	
0AF:7EE	175	2030	1	1929.2115862594574	9.886005963759402	4.289958216548865	
27D:7FF	637	2047	1	2111.834044072959	10.950713026222457	4.459131272135217	
0AF:7FF	175	2047	1	2278.3638454562124	11.87065225466056	5.987091886168197	
8AF:7FE	2223	2046	1	1787.3651589096196	9.302192510762785	4.130135994706935	
FFB:F7F	4091	3967	1	833.3705743952422	4.852561633077909	2.341690342489453	
FFE:FF7	4094	4087	1	895.5043996663069	5.33958780438044	2.7064481489447507	
0AF:5FE	175	1534	1	1544.2124561457108	7.056651588176654	2.742512902777393	
1FF:7FF	511	2047	1	1554.6279383643766	8.082883546184759	3.6901102833308506	
F7F:FFF	3967	4095	1	916.4518136667649	5.471926601938571	2.6978679218565005	
1CE:7FE	462	2046	1	1424.3661208840708	7.398955489989346	2.583575246331147	
3DF:FFF	991	4095	1	1766.1648528039464	10.550473931336285	5.7832449156590995	
BEE:FFF	3054	4095	1	1369.5449287257888	8.163704450533785	3.89715631360876	
FDF:FBF	4063	4031	1	761.3198062536602	4.425355988878889	1.9328697566520563	
3FF:77F	1023	1919	1	924.0761759109178	4.450942601177474	1.693768752196431	
FFF:FBE	4095	4030	1	674.9212194155969	3.922178769527581	1.5375151841564922	
FFF:7FF	4095	2047	1	686.9903707882864	3.5756761509733783	1.5975002562156575	
B7F:7FE	2943	2046	1	1315.310953391186	6.842570890740703	3.4176560136093848	
027:0FE	39	254	1	5442.454194048562	31.20954921000479	13.422699411037504	
EFF:FDF	3839	4063	1	965.8067595064323	5.701024411415428	2.8382375294481132	
BFB:FFF	3067	4095	1	1101.0874440677817	6.568525330631648	2.5359957530465307	
067:0FF	103	255	1	4042.613123355703	23.216450652516574	11.130576949515193	
FFB:FEF	4091	4079	1	849.8482232077486	5.053421414960231	2.4344194395016006	
27F:7FD	639	2045	1	1998.247169751581	10.353942724839014	4.003605633447475	
7FA:FFF	2042	4095	1	890.9164104935634	5.325764240544697	2.6873474013624836	
FFE:FFF	4094	4095	1	900.8499732898604	5.379317893584615	2.7388145806380746	
0AB:5FE	171	1534	1	1154.246434697274	5.274300222178095	1.4878947597910792	
FEF:7F7	4079	2039	1	664.3868948853326	3.447134723989677	1.4852787211808622	
EFF:7FF	3839	2047	1	802.7759150842529	4.178496054925943	1.9676077964794556	
02F:0EE	47	238	1	2547.3227665750087	14.654372261293293	4.841766538822428	
2FD:7FF	765	2047	1	1401.155535868161	7.281942373111072	3.307907270288203	
BFF:FFB	3071	4091	1	1361.2271832899607	8.103257419213147	3.881859240815088	
DFF:FDF	3583	4063	1	1077.367318953075	6.357116864539814	3.156229801975539	
8EE:7FE	2286	2046	1	1903.3211577621412	9.908649316769845	4.972462438084198	
7FF:EFF	2047	3839	1	865.5048887723609	4.907625295000616	2.5469423160107203	
7FF:FFF	2047	4095	1	901.6509423912592	5.390031353740718	2.7618180316489203	
045:00E	69	14	1	2363.2101729350547	9.569841748274689	2.278446525456891	
0F7:0FE	247	254	1	1186.1733933030337	6.854938658594776	2.4081581511424712	
37F:7FF	895	2047	1	1544.6910494711008	8.01885395476408	3.3659140290280978	
02F:0FC	47	252	1	3434.204422705174	19.534040487974544	8.79784293806459	
02F:00E	47	14	1	937.0343759426876	3.7896408087994393	0.6586713570511982	
1FF:FFF	511	4095	1	1896.6800364376056	11.335146189390278	5.498511518839856	
7D7:FFF	2007	4095	1	994.1673555805767	5.942261907965762	3.1136183455499316	
067:0FB	103	251	1	3243.538839911967	18.189381310590385	7.227577077912556	
0EF:7FA	239	2042	1	1519.1017172980864	7.877697736280466	4.0429151509236725	
0E7:7FE	231	2046	1	1180.2980173225635	6.137799004598278	2.3341119557069727	
067:0FC	103	252	1	3941.0477818161876	22.165477243197735	10.607974814297721	
DEF:7DF	3567	2015	1	632.901443167326	3.0149389332769756	1.0864752420820716	
1AF:5FE	431	1534	1	1259.5260788096955	5.750129645472881	1.7797560870963427	
FFF:EEF	4095	3823	1	756.7505554309414	4.271344748386455	1.934273070123906	
02F:7FF	47	2047	1	2575.9690488766264	13.412101266908206	5.008213105508229	
3FF:F7F	1023	3967	1	1346.4747467004781	7.845930636070799	3.598125225931835	
FFB:FDF	4091	4063	1	721.4121014710418	4.260278712642751	1.75391368546943	
EFF:FFF	3839	4095	1	1003.160983960646	5.988217196304122	3.0616231465142456	
37D:7FD	893	2045	1	1827.4721433316902	9.46802066096392	4.6999346607122305	
EFF:7FE	3839	2046	1	828.6565185901737	4.309917078202162	2.096754735767373	
FFF:FFD	4095	4093	1	904.5196429302824	5.398560852223919	2.7617973903392743	
8E7:0FC	2279	252	1	1792.6524629466728	10.249740221276053	4.24501119615075	
08F:7FE	143	2046	1	2621.8377754801936	13.64446683725358	5.929228489501923	
7FF:FDF	2047	4063	1	781.4948380509489	4.618819232167331	2.074032999408134	
DFE:FFF	3582	4095	1	1104.0473171949782	6.587952694086389	3.3130420212858427	
02F:7FD	47	2045	1	3572.04003070582	18.59190671571144	9.644776277263798	
37D:7FF	893	2047	1	1530.3573853190499	7.944781460757022	3.297998761366261	
0AF:7FC	175	2044	1	2047.244243395342	10.643604049988987	4.831547608387816	
FED:FFF	4077	4095	1	1049.6220711877343	6.265899380991619	3.6956334636059838	
3FF:7FD	1023	2045	1	1147.4247085902352	5.957642123598947	2.607713858080755	
BFB:FFD	3067	4093	1	1389.2059675294297	8.276315183324671	4.035081329890802	
77F:FFF	1919	4095	1	990.4207645329672	5.919394280737618	2.9561909997972573	
4EF:7FE	1263	2046	1	932.6783101905348	4.845137266151784	1.971379151777023	
CFF:EFF	3327	3839	1	1232.3209418749623	6.967943058648555	3.66342631060362	
7EB:FFF	2027	4095	1	887.971286496737	5.308004351561328	2.6393257091486317	
7FE:FFF	2046	4095	1	851.3209338395752	5.0888916876374255	2.461184615622157	
00F:00E	15	14	1	787.5594565530636	3.1805675197985277	0.4103095234228844	
FFF:FDF	4095	4063	1	869.1316649590116	5.1319623060958595	2.55014459654901	
FFD:FFF	4093	4095	1	946.8701896748274	5.6537066668928455	3.0246643979892056	
FFB:FFD	4091	4093	1	837.5651345608757	4.999369255291311	2.364358784120072	
0AF:0FE	175	254	1	1936.704399961673	11.157197938143314	4.238508813715119	
FFF:7FB	4095	2043	1	656.2072555134321	3.4045797475320554	1.4573986869584672	
3FD:7FF	1021	2047	1	855.5552958741908	4.448461668399089	1.445583450819765	
FEF:FFF	4079	4095	1	823.1789219370705	4.915944884890423	2.2735888241153477	
FDF:FFF	4063	4095	1	836.0832215343833	4.992887305833262	2.3305886852035043	
FFF:FE7	4095	4071	1	846.5857708856795	5.018470055752455	2.419312103616403	
77F:FEF	1919	4079	1	827.7449065837656	4.92546162907556	2.063808331016299	
DBF:FFF	3519	4095	1	1009.0161737437658	6.021964898019426	2.689460783194352	
3FF:FFE	1023	4094	1	1492.1390508656525	8.912433921969315	4.416200535232645	
3ED:7FF	1005	2047	1	1254.864753213872	6.5212101124607305	3.029205667015944	
375:7FD	885	2045	1	1681.6571232275492	8.716911286319958	3.946660506170086	
FFF:FEE	4095	4078	1	855.6818054872733	5.086345897766354	2.471527048364592	
8EF:7FE	2287	2046	1	1791.2911756418298	9.323998760711644	4.404546404418842	
8EF:7FA	2287	2042	1	1952.679542968378	10.134392100448311	5.2364554834819055	
FEF:FFE	4079	4094	1	870.899186893191	5.19885208090177	2.545085505996031	
2FF:FFF	767	4095	1	1597.6312243748116	9.545365621005711	4.322497593703327	
205:00E	517	14	1	183.53399738879187	0.7426212374814423	0.02784777409860183	
1DF:7FE	479	2046	1	1557.3744658203939	8.089382547301527	3.245240739107253	
9FF:FFB	2559	4091	1	1916.5724061094668	11.380871721073534	5.332406009090845	
0AF:7FA	175	2042	1	2250.3597230836735	11.678348535312772	5.840680640554475	
0E7:0FF	231	255	1	643.6810070362184	3.7540886133977573	0.68908392306223	
FFF:D7F	4095	3455	1	636.6668583847497	3.361278810097649	1.3700956076709585	
FE7:FFF	4071	4095	1	851.6717174913105	5.0859153175354574	2.4264388392689007	
ABF:7FF	2751	2047	1	1634.019552883354	8.513501075799322	4.291777497553107	
DFF:FEF	3583	4079	1	968.0557246514995	5.753494223208245	2.547873335413291	
B7F:FFF	2943	4095	1	1560.220874754186	9.293535480416901	4.769148500906907	
7DB:FFF	2011	4095	1	961.7699139314075	5.748532140325923	2.9197388388162557	
BFF:F7F	3071	3967	1	1224.2637270868354	7.119286378746345	3.1426376142894696	
0E7:0EE	231	238	1	1536.4576063110103	8.81910581098667	3.9046695346194777	
D7F:FFF	3455	4095	1	1166.3168770455484	6.95797130314998	3.493461542291297	
6FF:FFF	1791	4095	1	1031.4579390331062	6.165331851153323	3.207803940239058	
10F:02E	271	46	1	4473.693165675182	21.0317065371433	5.826812741613442	
02F:7FE	47	2046	1	2787.1688099060493	14.502608257435925	5.865026627798783	
8FD:7FE	2301	2046	1	1270.295982428929	6.608434508332502	2.4109320132895204	
1FF:7EE	511	2030	1	1250.6700460447832	6.399582079191787	2.3887372626221897	
BDF:FFF	3039	4095	1	1352.6037825926498	8.063137843942023	3.7697217767135145	
FEF:FF7	4079	4087	1	713.478370706687	4.254912695161614	1.7076606525006492	
FD7:FFF	4055	4095	1	829.0026921991883	4.950618580181888	2.284252057386509	
FFF:FFE	4095	4094	1	766.682039318615	4.577249422139178	1.9836449780623713	
006:00E	6	14	1	2051.1335058076124	8.244241453926339	1.2386947101645327	
FBF:FFE	4031	4094	1	260.9667156004859	1.5575016125313739	0.22393972810105503	
FDE:FFF	4062	4095	1	856.155264757254	5.11263276280999	2.4434073272298806	
407:00E	1031	14	1	409.04322065074984	1.6559475572708129	0.27616138903467985	
00D:00E	13	14	1	1410.5965839630542	5.675816558143793	1.1012449518956298	
7FF:DFF	2047	3583	1	408.8498167277229	2.21413573468661	0.5674558915734402	
3FF:FFF	1023	4095	1	1183.5790584945548	7.071415321424258	2.7768896837936965	
04F:00E	79	14	1	1024.0682493385605	4.142369112570526	0.5965763816593399	
0E5:0FE	229	254	1	1567.9385595251556	9.045156209405102	4.045942561721483	
DFF:F7F	3583	3967	1	923.1202329148394	5.372925494105312	2.3177551504869833	
FFF:F5F	4095	3935	1	693.668264962419	4.012355702774815	1.6243917597881787	
EFE:FFF	3838	4095	1	943.8914742792657	5.635034256692983	2.709711370913811	
EFF:FEF	3839	4079	1	741.1899194625958	4.407070850584632	1.670959158458922	
FBF:FDF	4031	4063	1	566.2262084406474	3.3437697886959623	1.0549854790995772	
42F:02F	1071	47	1	1068.3011112110046	5.337463815355361	1.953298738758196	
0AF:5FC	175	1532	1	493.71846221294805	2.2514016255180174	0.2801398286750387	
DF5:FFF	3573	4095	1	822.1551125753086	4.908333119805649	1.8297172116677918	
FFF:F77	4095	3959	1	755.4318392650002	4.394465153909243	1.9266330150688848	
007:02E	7	46	1	4453.021069876922	20.77434160154834	5.1150109944115325	
7FF:FF7	2047	4087	1	704.7905099884754	4.2059976214225365	1.6860496755505197	
7FF:7FF	2047	2047	1	310.46653888397003	1.6145738801110616	0.326861734554035	
0ED:7FC	237	2044	1	865.645311943355	4.495470896925585	1.3029903687743494	
0E7:7FC	231	2044	1	606.2758877517476	3.1474151274045665	0.6150643695077798	
3EC:7FF	1004	2047	1	996.6677734501891	5.1814105841430775	1.9105973685992752	
BF7:FFF	3063	4095	1	564.0790949263376	3.367240342570766	0.6646732355311312	
0EE:7FE	238	2046	1	1145.4058792139726	5.9566053386693	2.3023341035232656	
FDF:FDF	4063	4063	1	367.00927164249794	2.1669788144566	0.4487271551379495	
03F:02E	63	46	1	966.4194022588414	4.529880972207711	0.6214965491783848	
5FF:FDF	1535	4063	1	1012.0237402714242	5.980438278552787	2.7387265225591735	
FBF:7F7	4031	2039	1	69.96690511775951	0.3625341857226901	0.016119586825782073	
EF7:FFF	3831	4095	1	372.4417860552953	2.223799171850718	0.42033759394830406	
03F:00E	63	14	1	819.9750753980481	3.3171878119513476	0.45352607993079797	
DE7:FFF	3559	4095	1	245.8829960359913	1.4677513915219416	0.16266072465520212	
FFE:FEF	4094	4079	1	852.301931456522	5.0680074037535965	2.4514955781690273	
0AF:5FF	175	1535	1	174.9081666670537	0.7997027777840429	0.035149194660637754	
0BF:5FE	191	1534	1	204.21502176959444	0.9326425565320668	0.0494473687381104	
FDF:FF7	4063	4087	1	528.657550593397	3.1526570989965332	0.9312560708494009	
F7F:FF7	3967	4087	1	683.1231594987884	4.073673581599965	1.4984653019018772	
00D:02E	13	46	1	1122.318114314283	5.2673278145129085	0.7129992192433526	
0E7:0FA	231	250	1	1064.6486378180628	5.974455817664903	1.8821117373003577	
BFF:FFE	3071	4094	1	394.83973330622905	2.3561017500552874	0.3270708240569314	
0ED:7FE	237	2046	1	723.1407897843743	3.758891492185684	0.9089766657782269	
1FF:FBF	511	4031	1	1137.7310576910957	6.618309014708999	1.9794364686100023	
FF7:FEF	4087	4079	1	499.8622907198041	2.9725541596259264	0.8402534611996302	
FFF:6FF	4095	1791	1	242.8921516318899	1.166148531918634	0.19947914876596792	
02F:02F	47	47	1	1390.0122099535251	6.896555654518312	1.4134325683829676	
3E5:7FF	997	2047	1	140.12261432267348	0.7283255320439812	0.037147643143848295	
027:02E	39	46	1	502.5729119602215	2.358551237949865	0.11575358647850091	
3FD:7FD	1021	2045	1	529.5598619455292	2.7505661138850197	0.5538507844151196	
FFF:F3F	4095	3903	1	406.1805408333437	2.3251214779035	0.556682864337872	
1DE:7FE	478	2046	1	627.3232891042574	3.259159727203279	0.5267200888107892	
7FF:7FB	2047	2043	1	55.700193790376275	0.28859075456828404	0.010515582494783062	
FFA:FFF	4090	4095	1	431.9854141456404	2.579775266433906	0.6282980983694666	
427:0EC	1063	236	1	816.3597997569005	4.637095270769827	1.1301461657506746	
82F:02E	2095	46	1	324.647636128156	1.5248564382413423	0.12897434898233795	
FED:FFE	4077	4094	1	15.839296042755688	0.0944729789001142	8.398738770600318E-4	
FCF:FFF	4047	4095	1	276.4583623205586	1.6505818422399383	0.2530420391278969	
0E7:0FC	231	252	1	490.02156202578885	2.7957789470166534	0.39981070415836417	
02D:02E	45	46	1	672.8254368242148	3.1559076871033596	0.30885330393516763	
1BF:FFE	447	4094	1	1788.0800392075448	10.677021679027584	3.782208837601322	
0E7:0FB	231	251	1	414.40231715390706	2.3455894523617675	0.2860790970016729	
3F5:7FD	1013	2045	1	223.4412935195175	1.1602688508125834	0.09696955888178786	
FFB:FFF	4091	4095	1	44.69605891378766	0.2667043481694236	0.00672233736868846	
06F:02E	111	46	1	264.14943766325985	1.2403699039109317	0.060524884605546996	
E3F:7FF	3647	2047	1	70.8700640738657	0.3683508882309933	0.014076925354460494	
F7F:EDF	3967	3807	1	1.2130573097085606	0.006817790862806028	4.723084885175414E-6	
FFB:FF5	4091	4085	1	13.194966519693738	0.07857334700515482	5.858430525770261E-4	
77F:7FF	1919	2047	1	30.31687209591807	0.15755707457303492	0.002764568744480524	

