BMLVN	12	x2
metabolism	0.9970000
mutations	0.0000100
catastrofic	0.0010000
minWeight	0.1
start biomas	2.0	_
env.size	25000.0
feedSourceH	0FF
feed port max	350000.0
timeQuant	0.01

key	suscepBits	activeBits	maxsize	popBiomas	currincome	currloss
0FF:000	255	0	1	13389.523636112512	2764.191162109375	1882.853475276043	
017:FF7	23	4087	1	2858.1434626609844	42.725286374363506	36.87447373201518	
0B6:FFF	182	4095	1	1599.369220476979	23.94053144172046	20.111115418692478	
00F:000	15	0	1	18705.92874652824	1975.423828125	1703.6552122985063	
0B7:FFE	183	4094	1	1597.863602881607	23.895298832547798	20.178096319797618	
0E7:0FF	231	255	1	1865.1336899416542	40.220717271457104	35.2903667932385	
555:000	1365	0	1	10549.566684674264	1186.8955078125	902.5170025109065	
777:000	1911	0	1	10906.517929646678	452.44464111328125	1706.728202076643	
006:FEF	6	4079	1	3270.120898682107	48.62747561315484	41.260815517729576	
FFF:000	4095	0	1	11160.092963335097	1918.2781982421875	1708.7639183045385	
BFB:FFF	3067	4095	1	1249.8108024051182	18.685754429449364	15.767599181069812	
00A:FDD	10	4061	1	5440.359035463829	79.44844838323431	70.94800395357136	
103:FFF	259	4095	1	2686.4667721303176	40.21782682294921	34.10787580043164	
FFF:F77	4095	3959	1	849.08151806612	12.188789391995554	10.214996271508127	
014:FFF	20	4095	1	3647.9839519779616	54.570084431383336	43.45487348102236	
0AF:7FF	175	2047	1	2269.567321433134	40.86903106562516	37.048826810640726	
DFF:FFE	3583	4094	1	1071.6322992352868	16.008249617317656	13.498532605531654	
B7F:7FE	2943	2046	1	1833.8382601834587	32.936534734940004	29.839921771850427	
016:FFE	22	4094	1	3115.963676869838	46.60171666823747	39.61685468495406	
037:FF7	55	4087	1	1921.5454818114908	28.717711146192357	24.333364498707333	
00E:FDF	14	4063	1	2851.196551691096	41.74347104032289	35.99989534181571	
137:FF7	311	4087	1	2189.7643150577196	32.73377184032731	28.239662595667603	
00E:FDD	14	4061	1	2680.221343527396	39.09488967750577	31.766055125427098	
FBF:FFF	4031	4095	1	949.8602394656227	14.205540855305568	11.988830880568662	
177:FFF	375	4095	1	1649.8848123082878	24.71765981591015	22.1693380958686	
1FF:FFA	511	4090	1	980.6069675934561	14.604262408816899	12.329091580800078	
17F:FFF	383	4095	1	1485.1145401611086	22.2324744359364	18.823072859274617	
0AF:7FC	175	2044	1	2248.8985165247614	40.1578570713442	36.37725226848446	
04E:FDF	78	4063	1	2620.555404228849	38.35825435624398	32.50003761390261	
067:0FD	103	253	1	2803.082975581485	58.623079542565904	51.38918217779689	
0E7:0DE	231	222	1	1465.785471109746	25.627862241098033	21.817509025913434	
00E:FFF	14	4095	1	2942.6196114411932	44.06717712588492	38.35107851814891	
015:FFF	21	4095	1	3485.276127529374	52.160379144005354	43.161051369176356	
022:FFF	34	4095	1	3873.1590353569736	58.00960672789492	50.963450447454356	
0F3:1FF	243	511	1	1838.9497229075596	41.4428007219178	37.10227589597677	
002:FF5	2	4085	1	8259.258276791139	123.20933929005287	106.42953838233485	
FEE:FFF	4078	4095	1	934.2040707206584	13.978771398046215	12.273868916146226	
0E7:0F6	231	246	1	1807.370977819137	37.89790907246741	33.139420121164946	
042:FDF	66	4063	1	3165.06071582152	46.3234374903938	38.90699997973784	
375:7FF	885	2047	1	2064.454291646922	37.11931146878162	33.92049989762859	
015:FEF	21	4079	1	3448.4003700521694	51.260081152027595	42.24996048954877	
006:FBF	6	4031	1	3213.7700252724217	46.54167928838643	39.865005365774444	
187:00F	391	15	1	3188.973188757507	80.64219170564164	73.52610529254525	
15F:1FB	351	507	1	3152.8811808682094	68.52628608222406	64.2240338722593	
FFD:FFB	4093	4091	1	781.5599978484423	11.627810441310254	8.622477412707267	
1AF:7FE	431	2046	1	1806.7739626314215	32.444047800545825	29.421619984931716	
37F:7FF	895	2047	1	2004.2870427387077	36.03682881554296	32.73905106684464	
8EE:7FE	2286	2046	1	2662.3489322848695	47.83466773516973	43.26269153761754	
EBF:FFF	3775	4095	1	1044.5631049710094	15.619753515546265	13.172957963267887	
077:F7F	119	3967	1	1467.8917977160636	21.12182342056596	17.776247862966986	
046:FFF	70	4095	1	3130.504928268149	46.86251665927164	39.55576946959505	
077:EFF	119	3839	1	1457.3831747121158	21.031792201153042	17.518022154859878	
002:FDD	2	4061	1	8210.005547539424	119.86845764964316	105.21586101656658	
00E:FF7	14	4087	1	2891.2580987242986	43.21599531035393	37.00886261480551	
043:FFF	67	4095	1	3231.5714354707766	48.374625965214385	40.777208033193624	
1FF:7FE	511	2046	1	1268.8775577743343	22.790827882659254	20.664918357059697	
3DF:7FE	991	2046	1	1608.1876502102402	28.864254470544545	26.219531737884274	
01F:03F	31	63	1	3158.336584918753	68.28668462567887	60.44858246988072	
02F:7FE	47	2046	1	2876.435683606052	51.68875309964737	47.17094868431044	
F7F:FDF	3967	4063	1	946.6647464108285	13.842488629030202	11.643908095864639	
00A:FFD	10	4093	1	5667.439498894409	84.74532238624766	77.02514701806753	
17B:FFB	379	4091	1	1513.4656383457889	22.566462169858124	19.085719495497916	
005:FFF	5	4095	1	3916.2998170773462	58.571917699756185	45.843960986068296	
FFF:FFB	4095	4091	1	886.5463078687524	13.207157471013932	11.135241709764639	
8FF:FFF	2303	4095	1	1894.4135196101606	28.2967003334747	23.829398897761394	
137:07F	311	127	1	3256.337853215072	70.68070283261085	62.38703805988669	
17F:1FB	383	507	1	2285.546634738644	49.73331139323314	44.43760162018719	
023:FFF	35	4095	1	3693.787913448905	55.30273023136647	47.22089542704732	
1DE:7FE	478	2046	1	1459.0541721891173	26.204368975853257	23.758173493902444	
0F5:FFF	245	4095	1	1139.5034002662926	17.057820020456198	14.389464751895026	
002:F7F	2	3967	1	7858.928353430935	113.10047376628762	96.34282612291261	
3FD:7FD	1021	2045	1	1457.6675502948833	26.06220056046359	23.647348897015416	
9FF:FFD	2559	4093	1	1613.7004122013059	24.063871040616267	20.273664836101275	
0E7:0FA	231	250	1	1750.2364307668176	35.694399738871404	31.083845747352246	
0ED:7FC	237	2044	1	1520.216076482751	27.138726044731445	24.538520868915086	
004:FFF	4	4095	1	5479.841525335243	82.12170645034686	75.37968122131532	
003:FF7	3	4087	1	5942.995326942565	88.83471221193018	76.34510236282017	
0AE:7FE	174	2046	1	2272.0359767690234	40.823276565922086	36.9994576712713	
FFF:7FB	4095	2043	1	1134.4385559202094	20.194635595709805	18.262738824225156	
077:FDF	119	4063	1	1477.74577533264	21.6258593363412	18.009667503603406	
4E7:0FE	1255	254	1	2159.0243530479233	45.83942712159867	36.24515481797835	
BFE:FFF	3070	4095	1	1245.1728543606266	18.616553648279172	15.708571373155632	
8AF:7FE	2223	2046	1	2779.2842989570895	49.93534861638601	45.14542092675881	
08F:7FE	143	2046	1	2881.8747265441016	51.7728447018891	46.48598930100984	
0B7:1FF	183	511	1	2731.343210437197	61.593805052018816	59.004493847817706	
1F7:FFF	503	4095	1	1041.2135484275077	15.584567609377562	13.167943299406927	
007:FEF	7	4079	1	2727.078456419193	40.56105852700659	35.00680407212721	
0F6:FFF	246	4095	1	1131.2163849582957	16.93387098830748	14.291847770047156	
002:FDF	2	4063	1	8360.30000107495	122.45221705187369	109.14541686145566	
0C7:0FE	199	254	1	2381.5247715809573	50.51468855278577	44.14677360589564	
005:FFE	5	4094	1	4309.3399430889385	64.46214702828264	55.6411840049935	
036:FFF	54	4095	1	2079.414717023228	31.13094052462303	26.468727244937984	
417:FFF	1047	4095	1	2053.1243847158876	30.672717317542382	24.11447428060812	
1DF:7FE	479	2046	1	1456.3678948550485	26.156201653260972	23.71511040255719	
043:FFD	67	4093	1	3228.832013186676	48.23411517856795	40.70978256270123	
017:FFF	23	4095	1	2820.6166090101733	42.22740801306285	35.89840359258513	
046:FDF	70	4063	1	3046.686604899659	44.59112635651851	37.46558415626727	
0BF:7FE	191	2046	1	1863.5136414801627	33.48349508960995	30.371074825558722	
0A7:0EE	167	238	1	2777.0585554218455	58.87527525545215	51.65367956828626	
00B:FD5	11	4053	1	4097.948479134542	59.691965903858744	49.64788844779148	
002:FFF	2	4095	1	8508.537708437665	127.4510135002257	113.02689151564186	
0BF:5FE	191	1534	1	1372.6011649474272	18.57771793552072	16.476682651861015	
0AF:7BE	175	1982	1	2072.351731178468	34.451556846134594	30.887556100211917	
006:FDD	6	4061	1	3219.9349728602197	46.99395225410596	40.01080510309851	
8EF:7FE	2287	2046	1	2652.6517079650703	47.657885251168935	42.96036517218226	
0AF:7F6	175	2038	1	2252.1551188342623	40.26127948991168	36.48293367681508	
0AF:5DE	175	1502	1	1521.1344575188104	18.981281128692455	16.64764651450213	
02F:7FF	47	2047	1	2899.7637330149623	52.22804771364124	47.94823708026002	
003:FD5	3	4053	1	5734.82684863601	83.55820358982555	71.07985369191839	
7FD:7FF	2045	2047	1	1212.8426407499028	21.81159010034219	19.773745084087448	
08F:77E	143	1918	1	2780.206848702667	47.73756395180871	43.2840530965755	
00B:FFD	11	4093	1	4383.939738677615	65.51330625130093	56.87400652651277	
0A7:7FE	167	2046	1	2417.4055460662476	43.43571666826421	39.39411925684814	
004:FFE	4	4094	1	5212.231717230378	77.98013039717944	68.10670395948485	
077:FFF	119	4095	1	1536.7170153675486	23.00504271603318	19.48175303423915	
0E7:FFF	231	4095	1	1240.6186517875942	18.5714475558998	15.665019619351416	
1FD:FEF	509	4079	1	985.9398017403146	14.658309730923206	12.366545136834594	
0AE:1FE	174	510	1	2805.706384411366	62.81076140046444	56.2265383537944	
8E7:0FC	2279	252	1	3022.0263110963174	62.74433768522909	54.71888341490391	
087:00F	135	15	1	4325.830891523691	109.31628778431647	96.71255267354968	
067:0FF	103	255	1	2853.112804130415	61.50338612780484	53.19765634132163	
0E9:7FC	233	2044	1	1555.0318562985335	27.760479773060265	25.124048771508974	
0AF:5FF	175	1535	1	1672.7123798820814	22.694613840731257	20.122031534239444	
17F:FEB	383	4075	1	1464.9501431831598	21.69337577586338	18.315014886585345	
FF7:7FF	4087	2047	1	1088.9688572788386	19.58118579685051	16.744869885491994	
00A:FD5	10	4053	1	5199.087262082721	75.7563665680211	64.7222440410747	
067:0FE	103	254	1	2698.7773996856904	57.25610479606333	47.541804478360376	
3FF:7FF	1023	2047	1	1515.6638331369923	27.28291227376729	25.718020100371106	
4AF:1FE	1199	510	1	2989.8447389921635	67.05885062729394	59.9125919681167	
067:0FB	103	251	1	2781.6930943457564	57.275427720749185	50.63265762961439	
0EF:7FE	239	2046	1	1458.7809640888395	26.18878963807283	22.820075834746913	
0EF:0FC	239	252	1	1691.192978145436	35.04221789785452	30.58683239416786	
067:0EE	103	238	1	2855.7930504717506	60.63329465805576	53.32742718501418	
002:FF7	2	4087	1	8687.439117711603	129.9508372666457	117.90248001211965	
003:FFD	3	4093	1	5929.915646815859	88.60267161466108	76.00597617869337	
FED:FFF	4077	4095	1	897.2052065238307	13.418997072478916	11.304145451324183	
077:F9F	119	3999	1	1430.285525983124	20.231262785986907	16.874809597693748	
107:003	263	3	1	5462.617992220983	156.6218369708014	142.22102359363268	
1FD:7FD	509	2045	1	1273.3029045507185	22.77892447029738	20.64738279688151	
0A7:0FE	167	254	1	2739.852043198578	58.083991635463754	50.271158019133615	
00B:FDD	11	4061	1	4260.496934760679	62.191746445701256	53.71413322982272	
0E7:0EE	231	238	1	1835.4576283370448	38.97411158163765	34.174094934107394	
0E7:7FC	231	2044	1	1578.8570044866735	28.18375386724111	25.393362708135648	
8EF:7FA	2287	2042	1	2379.3116818154035	42.22673628793496	34.45986825115391	
036:FF7	54	4087	1	2074.9466556956163	31.011471850074628	26.354993442766975	
083:007	131	7	1	4475.043342203621	114.36163397275455	102.09500780030267	
014:FFE	20	4094	1	3872.286969595798	57.91024907397119	49.036976734179134	
7FF:7FB	2047	2043	1	1195.268345169146	21.262928580089152	19.254758871382478	
067:0FA	103	250	1	2723.3207253604955	55.540087189815594	48.51604897424418	
FFD:FFE	4093	4094	1	890.5268449242969	13.305985256367833	11.226884329186968	
0EF:1FE	239	510	1	1871.7928987529172	41.93485771878802	37.528236259041165	
0E7:1FF	231	511	1	1984.1568186619436	44.70939032826486	40.0101356698521	
015:FFE	21	4094	1	3560.9389518836783	53.253832786372215	45.08124065674295	
067:0FC	103	252	1	2773.4134523696653	57.45546565827115	50.311087139619715	
0B7:07F	183	127	1	2419.153764458174	52.47704829100344	46.19727381214654	
2DF:FFF	735	4095	1	1692.262062384467	25.31259757997031	20.960861195930192	
0FF:1FF	255	511	1	1687.8759651537143	38.043504441639634	34.07180559938563	
0ED:7FE	237	2046	1	1532.021895988481	27.519931846947706	24.92180619289043	
0E7:4F6	231	1270	1	804.9670423708181	8.249810021442118	6.597245966570664	
003:FDD	3	4061	1	6069.373043995934	88.64255616895235	79.72727622926391	
0AF:7FD	175	2045	1	2254.328451543505	40.34343221468077	36.55311002372739	
0AF:7B6	175	1974	1	2068.2552627955106	34.318869584663155	30.76567620120947	
037:1FF	55	511	1	3091.21564947253	69.70458019568001	62.93425404421918	
017:01F	23	31	1	4045.4576664737506	85.51755759127492	72.93157405968061	
AFF:7FD	2815	2045	1	1947.575016498206	34.82898639509658	30.841595886761105	
00A:FD7	10	4055	1	5534.043690563915	80.9411951444938	73.4429685544202	
04A:FFF	74	4095	1	2914.1044234632654	43.618774763923554	36.52932104560904	
17F:0FF	383	255	1	2229.774217408052	48.1694361906744	42.376949810829906	
077:0FF	119	255	1	2309.42436425018	49.8295276430288	43.88258568447149	
0AF:0FE	175	254	1	2599.0666499332656	55.123326453617864	48.304574714758054	
137:FFF	311	4095	1	2153.2180293687697	32.23413343516511	27.291651750049425	
0F7:0FF	247	255	1	1694.8319447899944	36.55854980854866	32.091966232558036	
014:FEF	20	4079	1	3565.563820433773	52.96969499857635	41.499357705715724	
6FF:FFF	1791	4095	1	1172.9013431362926	17.547140107061136	14.846312924884472	
2AF:7FF	687	2047	1	2795.1230073660417	50.21470844814836	45.48245884627736	
00B:FF5	11	4085	1	4374.939612942485	65.26803079714854	56.64057172555142	
056:FDF	86	4063	1	2331.4903162375344	34.12115187108627	28.503965132630835	
FFF:FDD	4095	4061	1	862.4845843989655	12.575078391305668	10.538862632393192	
375:7FD	885	2045	1	2039.0985147954414	36.43418470725117	33.086986527013366	
097:07F	151	127	1	3281.7758792822524	71.23016042337052	62.74774003024884	
107:007	263	7	1	4591.90301593207	117.2364924578671	100.28373456142192	
177:1FB	375	507	1	2397.8548411233064	52.16531692212195	46.59359822846859	
0EF:17E	239	382	1	1699.6155913080956	34.654972753281626	30.983550147257432	
3F5:7FD	1013	2045	1	1478.9811342263388	26.439382656962206	23.801090062260577	
106:007	262	7	1	4801.677409159303	122.71478008078395	109.78271607386549	
0AB:57E	171	1406	1	1523.254676864128	18.42613796161939	16.262109949424545	
00B:FFF	11	4095	1	4397.4931598580615	65.85336957123576	57.227251506128745	
1FF:7EE	511	2030	1	1305.4457286743254	23.029778246523435	21.90911317642173	
003:7FD	3	2045	1	7684.153221937062	137.57257580483554	127.84608310704355	
3DF:7FC	991	2044	1	1528.6359785896673	27.25052359046964	23.657871946028916	
0AB:5FE	171	1534	1	1711.72736709534	23.164872396512337	20.521347537399716	
107:FFF	263	4095	1	2658.5773371975424	39.79966430592565	33.71016471472715	
047:FFF	71	4095	1	3399.141430416954	50.94346703421047	46.99111237868949	
03F:07F	63	127	1	2385.007536793902	51.66551587451716	45.84015672755466	
0B7:17F	183	383	1	2351.1052531958417	48.7488402135561	43.70196280574046	
002:FD7	2	4055	1	8009.874656936491	117.06332837677331	100.08172226059978	
17F:4FF	383	1279	1	1014.357380164316	10.59554647108971	8.790231788690955	
137:0FF	311	255	1	3233.271768265538	69.8905535275178	61.50043637623495	
0D7:07F	215	127	1	2120.4798539283115	45.9815575511563	40.47262274535832	
17F:1FA	383	506	1	2297.9292487594603	49.7252725687166	44.94119187734959	
015:01F	21	31	1	5210.0701618801695	109.6452440712397	94.86787985696814	
106:003	262	3	1	5480.962673372969	157.15834636461605	143.0768707107241	
007:FFF	7	4095	1	2733.449595802562	40.927981689818466	35.16554625529451	
00B:FD7	11	4055	1	4218.079200187216	61.64570550813184	52.6344848477687	
5DF:7FE	1503	2046	1	1525.471209158668	27.366855541596173	24.76984670369827	
106:002	262	2	1	5748.902022107119	165.0861086208107	157.818464694801	
00A:FDF	10	4063	1	5338.712739104299	78.17501280610178	68.2819764655501	
FFB:FFF	4091	4095	1	892.5338316269236	13.349516776620817	11.266231967802632	
0E7:1F6	231	502	1	1950.4650366462402	43.25936856329214	38.664298845628856	
2E7:0FE	743	254	1	2384.537778369405	50.68061924899994	44.06355798645961	
0F7:F7B	247	3963	1	1070.9380939368154	15.34706275886758	12.851617061613569	
0E5:0FE	229	254	1	1891.350723227016	40.15255418116534	35.027653785586786	
0E7:5FF	231	1535	1	1179.078744218984	15.99905198546223	14.167838446330128	
117:03F	279	63	1	3677.7461910479824	79.73887183433887	67.50864620835101	
FFF:F5F	4095	3935	1	827.4755127775047	11.635851701217739	9.701778867497081	
0AF:1FE	175	510	1	2678.310424681093	59.91835288928371	51.33437865603406	
065:0FB	101	251	1	2823.261647435294	58.11897361004049	50.82872215442642	
237:07F	567	127	1	4806.628523951271	104.33553678463412	92.31810313578538	
057:FFF	87	4095	1	2385.329880801569	35.70793214142277	30.168138704690513	
06F:0EE	111	238	1	2472.720462375801	52.511539066944884	45.492361971350554	
8ED:7FC	2285	2044	1	2647.141850991854	47.26698392806265	42.69486306299971	
843:FFF	2115	4095	1	2232.052745238503	33.319325731920834	28.001171212386087	
0AF:0FF	175	255	1	2579.899081526574	55.55049199759292	47.549341855909795	
17D:1FB	381	507	1	2323.669131676681	50.562578569559626	45.3531234443487	
117:FFF	279	4095	1	2535.9918254236068	37.964670650668005	32.16575233595203	
0CF:0FC	207	252	1	2135.7472959154384	44.218751615780036	38.553061236779655	
9FF:FBF	2559	4031	1	1548.1985596092204	22.377824342416144	18.662104475893674	
27F:7FD	639	2045	1	3250.508105974318	58.00367057456137	52.760393860412215	
093:07F	147	127	1	3425.8714490451543	74.35747044733819	65.49108949266383	
8E7:0FE	2279	254	1	3106.616792534959	66.11389100200272	57.82356606248379	
047:0FB	71	251	1	4464.600784319665	91.7647672462611	80.4870466327363	
3ED:7FE	1005	2046	1	1625.0358682232406	29.185884789177877	27.653871312213923	
016:FFF	22	4095	1	3120.024090842274	46.709998981895396	39.72027943332548	
0F7:0FE	247	254	1	1665.1774550537648	35.36756527919806	30.98038562290461	
0C7:0DE	199	222	1	1905.8062736736347	33.27234883528919	28.28357378552783	
013:01F	19	31	1	6336.28508124839	132.7181060835733	114.87547040982902	
4E7:0EE	1255	238	1	2169.656622964276	46.073633375406885	36.606976014489305	
2E7:1FE	743	510	1	2588.1881443033803	58.01497288485703	51.99081184232516	
077:1FF	119	511	1	2455.3534046389377	55.345094779335604	49.67894625091482	
027:07F	39	127	1	4456.902028436078	96.31785266073771	85.61130845835856	
15F:1FF	351	511	1	3122.1303213115348	70.10866439984508	62.855429199260136	
03F:06F	63	111	1	2168.1639947094113	43.25799721708422	37.91961143076055	
0FB:0FF	251	255	1	1634.284827493244	35.25415967834906	30.836973013198968	
0F7:FFD	247	4093	1	1034.405548594796	15.436695423720947	11.965195566362981	
077:0DF	119	223	1	1869.0300932438715	33.53812835873233	28.774002430418935	
0E7:1FE	231	510	1	1971.2164712629983	44.15802267562878	39.490747626993645	
0A6:7FE	166	2046	1	2232.3308163720744	40.05773931280316	33.395771633544946	
8AF:7FA	2223	2042	1	2787.5494962195307	49.56024905788846	45.43647651173626	
3BD:FFF	957	4095	1	1359.830446133116	20.34775320166882	17.24137667552189	
017:07F	23	127	1	4031.046189286176	87.21964697026768	72.94038072944157	
1EF:7FE	495	2046	1	1379.402941006001	24.774654853019268	22.459064664455184	
417:F7F	1047	3967	1	2107.231838454899	30.281359159163756	25.445704722516922	
275:7FD	629	2045	1	3327.763990567333	59.37517950427976	53.985563416911916	
0FF:FFF	255	4095	1	1055.4368501119768	15.79953127026221	13.33787528441032	
026:03F	38	63	1	4650.463546638809	99.93577143581652	88.1115204343521	
0AF:7FE	175	2046	1	2264.1762541081252	40.68208413514667	36.873096006753784	
007:01F	7	31	1	4025.2546248566205	85.69598024659253	75.97456717508098	
1DF:5FE	479	1534	1	1073.1848654745497	14.523055116590083	12.881387777878345	
3FF:7FD	1023	2045	1	1450.8027840055674	25.93973472955407	23.535793057839978	
002:BF7	2	3063	1	8170.683674624209	124.47020090057686	104.06203991193932	
147:0FB	327	251	1	3047.2789370716905	62.85442970084057	53.990155242962594	
037:03F	55	63	1	2895.137897252644	62.47509986437392	54.860363240402	
277:1FF	631	511	1	4087.1468439548844	92.20134357794286	82.00097735071586	
17F:FF9	383	4089	1	1498.8316694006505	22.306503761832914	19.18044346448058	
097:17F	151	383	1	3183.5552659551768	66.00762691632532	59.09685208945629	
1E7:0EE	487	238	1	1630.17010753683	34.66868453748215	30.437205226748734	
17B:1FB	379	507	1	2410.487493402061	52.46421096323177	48.30153514291439	
6FF:5FF	1791	1535	1	1114.994253315433	15.120595853189723	13.43474746768545	
277:07F	631	127	1	3911.1560338641725	84.72782916580101	74.9199554811944	
AFF:7FF	2815	2047	1	2178.7550843604017	39.27298253787018	38.73512600468162	
00A:FF5	10	4085	1	5798.976396996172	86.59521935600765	80.69761831276477	
27F:7FF	639	2047	1	3272.30032487449	58.753905811398035	53.46786316480765	
003:FDF	3	4063	1	5928.799762940489	86.81848451937489	76.02345551368518	
0E7:0FB	231	251	1	1690.1421906961755	34.7740981303149	28.940786448991226	
02E:1FE	46	510	1	3774.2981252490376	84.69723206651534	77.63786259964697	
026:03D	38	61	1	3790.156879470024	72.81066668526528	58.541971378136964	
0EF:5FE	239	1534	1	1115.9915645067952	15.105016200549327	13.375669685454469	
077:DFF	119	3583	1	1147.5694246013313	13.89886295863472	10.856428664439173	
006:FF7	6	4087	1	3313.534626710068	49.52718856860786	42.371525168559884	
0FD:FFF	253	4095	1	1099.0763884500832	16.4579896912165	14.241443108929783	
1E7:1FE	487	510	1	1750.4863947991319	39.18124574460116	35.06792116830918	
375:7DF	885	2015	1	1908.6863021187266	32.08684626166267	28.997508284969843	
005:EFF	5	3839	1	3714.8838074501537	53.56176941049413	41.24427173949682	
137:05F	311	95	1	2699.3820561376424	49.81508355700498	42.868795476359736	
267:0FB	615	251	1	3859.176928635551	79.62954716696285	69.78904333886717	
087:007	135	7	1	4412.941178472508	112.7746740430574	100.68169237181554	
067:0BA	103	186	1	2241.4098279897507	38.672445740126115	32.94817520471429	
0F7:1FE	247	510	1	1791.3177428526078	40.13425558714091	35.90995809339557	
3ED:77E	1005	1918	1	1489.587008076026	25.556570298714693	23.21410179750955	
00B:FF7	11	4087	1	4089.283474508299	61.079683611237606	49.398074597807685	
107:03F	263	63	1	3962.2420387897378	85.95103233663103	74.79783644075069	
006:007	6	7	1	6044.3030101278455	151.50582200816373	137.9286829312608	
1DF:7FC	479	2044	1	1401.436463487563	25.00215337569389	21.937979004967797	
887:00F	2183	15	1	3860.980413798115	97.56642765852875	86.20565620641125	
187:003	391	3	1	3611.832586855627	103.56297635008006	94.25285650942816	
7FF:F7E	2047	3966	1	895.86025142584	12.872075903368819	10.813315442288111	
17F:0BF	383	191	1	1938.3112504319377	37.01015739022794	32.04702832015296	
37D:7FF	893	2047	1	2000.5430871159365	35.96610598422398	32.46535704989578	
817:01F	2071	31	1	3327.4776083138568	70.99685030944664	61.13815255878754	
3FF:FBD	1023	4029	1	1083.474277153749	15.649324575305023	13.117784790499673	
2FF:7DF	767	2015	1	1792.9132630240033	30.150606068524294	27.222643216838293	
E3F:7FF	3647	2047	1	1421.2106468955758	25.57586413046071	23.146492747823608	
0B3:1FF	179	511	1	2643.9810068967913	59.55007874253112	53.33721075037617	
016:07F	22	127	1	4731.047846043882	102.41008011465857	91.00434545929754	
15F:1BF	351	447	1	2682.7239335955705	52.7784139220872	46.491028976331975	
0F7:07F	247	127	1	1707.9487669122109	37.03490774497445	32.635180729164354	
083:087	131	135	1	2485.1034700806513	37.57299042347963	31.258647300611635	
0BF:1FE	191	510	1	2495.2329537849164	55.97261730319123	54.47611728377258	
00B:FDF	11	4063	1	4373.933726477957	64.05785017811452	56.64591614847991	
0FF:FDF	255	4063	1	1026.7079339010136	15.026776419834718	12.621381603131464	
4AB:5FE	1195	1534	1	1821.8127707041701	24.589172214745847	21.822638009443363	
013:03F	19	63	1	6564.776711583513	141.08476479886951	124.7027255257946	
0E7:1FC	231	508	1	1924.208321231267	42.182169182898875	37.63187631417908	
17D:5FB	381	1531	1	1410.7974235518864	18.91867640319542	16.78620621711643	
317:03F	791	63	1	2840.625355387678	61.58215618265054	51.82582481987517	
EF7:FFF	3831	4095	1	1020.1205547280019	15.254870020589875	12.871178860943587	
277:077	631	119	1	3799.3570989328678	79.96718697899117	70.70192617268664	
003:7F5	3	2037	1	7128.9202568885285	126.8862730129293	109.78940373558402	
097:17E	151	382	1	3126.3611987471218	63.76497905007969	56.99305598491472	
2E3:1FE	739	510	1	2619.5243277425852	58.717433955443816	52.61280199320533	
8E7:0F6	2279	246	1	3064.9016993225027	64.41445872531376	56.282842873160405	
03F:27F	63	639	1	2337.859844060625	49.91977624775383	44.14697654861792	
013:037	19	55	1	5734.83871853763	111.82443338343414	95.0844770877874	
4EF:0FE	1263	254	1	2353.4368276209816	50.04869963395628	43.79535487608165	
67F:7FD	1663	2045	1	1769.3728736182284	31.592608672307566	28.624559450624727	
007:007	7	7	1	4946.389898944722	124.52290745451246	113.16850202364607	
004:FF7	4	4087	1	5156.060510807228	77.07755161872157	66.62907237084498	
1B7:FF7	439	4087	1	1320.7659276625673	19.734461137091124	16.683085296643885	
137:06F	311	111	1	2974.353800405633	59.41279756042167	52.0577064192871	
047:0FE	71	254	1	4666.484880793267	98.89896363175737	87.91069925437222	
847:FFF	2119	4095	1	2232.874644523677	33.33223811345768	28.071813298636947	
2F7:1FF	759	511	1	2592.158899951685	58.506378073461214	55.333219543061915	
037:01F	55	31	1	2816.7345409603454	59.99836143961425	52.12210473378221	
0E7:7FE	231	2046	1	1574.0857142301543	28.268746451118094	25.231860432125902	
202:FDF	514	4063	1	3167.677397359212	46.27569228970464	37.37169147929846	
027:0FD	39	253	1	4315.72449196065	90.32008758652658	80.52468312138998	
883:007	2179	7	1	3943.5906411493975	100.77617412205744	89.8113135929325	
283:007	643	7	1	4415.338537678375	112.84349004153076	101.03947058805721	
2EF:1FE	751	510	1	2516.7006482613447	56.412219396893086	50.542001682164454	
003:FF5	3	4085	1	5736.97535735016	85.54087095036944	71.08422986745822	
087:107	135	263	1	2971.114845708248	52.45611264843913	45.680660747361216	
02A:FFF	42	4095	1	2925.6188643730006	43.802983589685795	37.47824635392513	
3FF:5FD	1023	1533	1	1071.4602317205874	14.46007776974729	12.851071613562834	
0FF:17E	255	382	1	1523.224459167689	31.05876831728708	27.78195075797593	
006:FFE	6	4094	1	3349.3118458481163	50.102210638119246	43.302655071155	
067:1FE	103	510	1	3042.203976808713	68.13824885705175	60.6172989253678	
005:007	5	7	1	7783.088589400754	193.59585854408326	176.02408155063137	
002:FFD	2	4093	1	7711.398879162036	115.12937469213512	92.6137335980132	
007:BEF	7	3055	1	2670.8506293689534	40.08289654571119	33.550684636993566	
017:03F	23	63	1	4304.68078220359	92.96218153897738	83.13871863720382	
806:FBF	2054	4031	1	2201.0949444623775	31.778766165347548	26.494290953870966	
14F:1FB	335	507	1	3256.478151874099	70.70537074852318	63.16364555732956	
867:0FF	2151	255	1	3333.7116131597722	72.05624821444472	63.1547599925467	
04F:0FB	79	251	1	3768.63020707348	77.51745437280005	67.88349034684796	
007:F7F	7	3967	1	2511.552013790411	36.12858394610679	29.660189889328194	
056:FFF	86	4095	1	2407.745079216222	36.04276733616287	30.403050834999434	
067:0E6	103	230	1	2822.416233418822	59.26917427974959	52.086059408741775	
00C:FFF	12	4095	1	4112.297801523707	61.58182369895458	53.469261032328426	
217:07F	535	127	1	4983.461086854774	108.17567424673535	95.79470145462831	
0EF:1FF	239	511	1	1796.2090951399935	40.44400795021182	34.49403382029771	
067:07D	103	125	1	2664.972120088143	52.88749183482401	46.346198878806895	
066:0FD	102	253	1	2826.5452825537586	59.112621245832784	51.80702220715509	
0E6:7FE	230	2046	1	1629.1266450162846	29.26060353545315	26.337046298206094	
0F7:FDF	247	4063	1	1096.7274169783948	16.051507650182916	13.477579080814557	
07F:1FB	127	507	1	2103.407269819956	45.86681253080104	41.065826685675226	
13B:1FB	315	507	1	3181.924178290037	69.07947379136856	60.07190094511765	
003:7FF	3	2047	1	7915.422228738199	142.65200334429568	135.76460772627945	
3EC:7FF	1004	2047	1	1563.331261009423	28.122094700161092	25.526900794676106	
237:077	567	119	1	4670.225986116313	98.50173209133042	87.16553168863102	
00A:7DF	10	2015	1	6607.927158851272	111.31351510814996	104.78863075991016	
176:1FB	374	507	1	2409.9669325045093	52.4274879684643	46.82109534005049	
007:EFF	7	3839	1	2600.754529019223	37.540078079142404	31.82860579940337	
067:1FD	103	509	1	3034.9825375958776	67.31715020852965	60.35303454809551	
086:007	134	7	1	4390.827590347056	112.19544093147404	99.61075602426753	
047:0FF	71	255	1	4378.417919875067	94.14978732343684	77.1722189384443	
007:00F	7	15	1	4849.485320032477	121.75023355073681	109.75050174389366	
00A:FF7	10	4087	1	5390.792529609457	80.58554858566613	69.59484510400227	
267:07B	615	123	1	3608.9661487332087	69.67409385736272	60.951431298840276	
3DF:5FC	991	1532	1	1178.4327558948305	15.863115159855885	14.096156774689357	
01A:FFF	26	4095	1	2854.1174333688427	42.72617998396897	36.13694884534036	
837:01F	2103	31	1	3305.3122076531154	70.5239526642621	60.73257924274409	
2E7:1DE	743	478	1	2344.181769665543	48.11269837609025	42.65897353183779	
03E:1FE	62	510	1	2649.275253800073	59.3949750788745	53.55212459540504	
26F:7FD	623	2045	1	3370.015459000692	60.12126356489729	54.32017507578595	
17F:FBB	383	4027	1	1414.007311535618	20.37211736099601	17.062190625526956	
0C7:0FC	199	252	1	2318.083038053978	47.97627887167981	41.83420511448362	
2F3:1FF	755	511	1	2496.4343380251817	56.287733775621014	50.466111701921065	
0C7:0EE	199	238	1	2400.9918597534097	50.92849640977863	44.87205300334495	
002:FD5	2	4053	1	8546.607780653587	124.64462704617907	114.14698771576359	
077:0FC	119	252	1	2206.1048122491584	45.7304298090342	40.05085420183782	
20A:FDF	522	4063	1	3290.1924757880147	48.08690903478391	40.74961224097991	
007:FFE	7	4094	1	2738.725402619921	40.96694005530796	35.30427900698884	
AE7:1FE	2791	510	1	2614.21793188851	58.634262065814006	52.3991005605391	
02F:3FE	47	1022	1	3940.5297151954082	96.0197830893257	88.46550267346736	
027:FF7	39	4087	1	2946.4611297298275	44.03977796208497	37.624141772209484	
067:0EF	103	239	1	2885.2298506729294	61.81566945285495	54.42803399967191	
077:1FE	119	510	1	2447.991424764265	54.86024435056756	49.38965594268392	
006:FDF	6	4063	1	3263.6621284101443	47.78091600427155	41.1152665521039	
37D:7FD	893	2045	1	1999.7434844271913	35.73263760325121	32.4462732114113	
179:1FB	377	507	1	2368.492440717906	51.52620879927256	46.02304205507256	
0AF:1FF	175	511	1	2670.4207267086877	60.083145574637825	51.012141376621166	
237:07D	567	125	1	4383.76828295844	87.39637031683282	76.8021558682223	
026:0FD	38	253	1	4582.198967805431	95.89676699589197	86.35902386017285	
037:01B	55	27	1	2341.7747966461343	42.66722850465071	36.05101227185547	
106:00B	262	11	1	4162.289206673818	94.21568066838174	82.4709438302325	
337:07F	823	127	1	2813.1755867754528	61.06213088262264	53.92123979877435	
07F:0EE	127	238	1	2019.7665973252804	42.94324823038728	37.825282121202505	
27E:7FF	638	2047	1	3287.3095604682967	59.024543057182264	53.854086576412236	
107:005	263	5	1	2096.4644665121273	26.44640174935456	20.948312329379544	
806:FF7	2054	4087	1	2294.2695603722436	34.188297001315156	28.784793702978234	
267:0FA	615	250	1	3817.601131031935	78.02856762493599	68.29341272301932	
0AE:7FC	174	2044	1	2256.0590455913402	40.28550298372785	36.480672550980685	
006:00F	6	15	1	5958.447970002196	149.3093979331534	135.61693523590884	
883:107	2179	263	1	2661.156156328649	46.984081754405906	40.93828325568539	
16B:1FB	363	507	1	2650.513283542507	57.61936824928131	51.197579023112255	
277:FFF	631	4095	1	2605.0093814966954	38.95849623251908	33.289308526516976	
8EF:7F6	2287	2038	1	2579.9304657306884	46.10007143649667	40.608132578825575	
011:01F	17	31	1	7227.745346537527	150.9172139015846	130.28286480943555	
075:1FF	117	511	1	2531.3154540891737	57.054662314509116	51.208819699379724	
0F7:1FF	247	511	1	1801.6057315068251	40.601726838652525	36.3218250037665	
1EE:7FE	494	2046	1	1381.9182963845938	24.819772803606877	22.499901260059318	
97F:0BF	2431	191	1	2305.6102834926605	44.018461317142794	37.857487030573466	
022:FFD	34	4093	1	3679.0760924035444	54.95333554306446	45.92561723232022	
0AF:0FA	175	250	1	2481.851353611892	50.56165220276794	44.05906342717034	
0AF:7EE	175	2030	1	2256.568332902809	39.80194561680974	36.646490231809864	
0A7:7F6	167	2038	1	2402.2318685646546	42.94392628024361	38.90024183175017	
4F7:1FF	1271	511	1	2513.611432012377	56.710202159632075	50.70358276432369	
AE7:0FC	2791	252	1	2364.4049960722505	49.09117958110166	42.84101034307906	
267:0EE	615	238	1	4002.4070938067043	85.20203976350845	75.06819561423963	
3FE:FDF	1022	4063	1	1105.0018761273554	16.16822192240731	13.623896072416883	
1BF:7FE	447	2046	1	1632.8542091702755	29.323896350912158	26.60154796018331	
087:00E	135	14	1	3784.667374376833	83.56303028071724	74.08931493275395	
02E:7FE	46	2046	1	3023.6694064534363	54.33945684645715	49.866513593307964	
007:FBF	7	4031	1	2626.4388710892927	38.034345871124444	32.46528178386237	
EFF:7FF	3839	2047	1	1311.5364510415777	23.602019940077817	21.363027777633484	
036:07F	54	127	1	2768.961559188682	59.823313614183554	46.55104775895577	
127:003	295	3	1	5077.021052861972	145.5755848469844	132.51989163692411	
117:03B	279	59	1	3233.37611821565	60.74288733642344	52.25360924450594	
0DE:7FE	222	2046	1	1689.7209305846538	30.351398411534802	27.473969049327295	
317:03E	791	62	1	2809.762724168456	58.2263347874876	50.785610917890054	
17E:1F3	382	499	1	2273.440916422431	49.00455803682917	43.74729675996994	
002:F5F	2	3935	1	7774.518769910476	109.44904851761486	94.31947678771712	
07F:0FB	127	251	1	1946.410483841443	40.105319952005345	35.118654044791846	
316:03F	790	63	1	2961.273579632462	64.24686897726522	56.343272388283886	
146:0FB	326	251	1	3109.0460468768465	64.14925928885332	56.113620613309486	
17E:1FB	382	507	1	2296.4604858953717	49.96944902161787	44.63143822277906	
267:0AE	615	174	1	3283.659375633622	58.76987577894943	50.52999550772248	
073:1FF	115	511	1	2577.3615497935925	58.091358757862075	52.13874919146621	
047:0FA	71	250	1	4392.043267762205	89.42971467860653	77.89092768160035	
014:7FF	20	2047	1	4991.035515767015	89.87725633605346	81.56680798981786	
DEF:FDF	3567	4063	1	1059.1398533335841	15.48488039981932	12.993773017625557	
13F:07F	319	127	1	3149.4775306174006	68.36199472427457	60.37539720972337	
37C:7FF	892	2047	1	2020.5258569889254	36.327710266996014	32.983267633082725	
93F:07F	2367	127	1	2972.4672693521393	64.51507018376802	56.757412198380344	
017:FB7	23	4023	1	2695.1428771263113	38.96056007783907	32.77217161950049	
093:037	147	55	1	2882.2736886329003	56.686361878240554	46.26118157460072	
24F:0FB	591	251	1	4260.681878084415	87.91392164135054	77.03969012808341	
047:0FD	71	253	1	4423.514401370636	92.3217142164698	78.91807736046151	
093:27F	147	639	1	3302.9264475582754	70.49450350619487	60.833866865839234	
0AB:7F6	171	2038	1	2311.7675060170573	41.32674089264514	37.43628301259659	
9E7:0FC	2535	252	1	2378.9263247285567	49.39245078612557	43.092850316951925	
187:007	391	7	1	3164.2091668978587	80.86598604406225	72.32075309000481	
00A:7DE	10	2014	1	6302.845916202645	105.8988281913978	95.20099633914786	
275:7ED	629	2029	1	3265.028677148512	57.27413477977562	51.97972128431301	
083:097	131	151	1	2621.8737064144807	42.98977026685728	34.76786397185476	
003:FFF	3	4095	1	5956.620838369445	89.18952959478199	76.69621814361828	
0F3:1DF	243	479	1	1685.615305344547	35.15594183940125	31.183638641245047	
04A:FDF	74	4063	1	2859.640159306699	41.85378838162769	35.18367705288899	
0AE:0FA	174	250	1	2491.190857311692	50.74998330149801	44.23409893480411	
037:017	55	23	1	2696.81121165867	55.04078255215479	47.75792435944137	
0EF:0EE	239	238	1	1742.0548559186884	36.99705242463015	32.44744311806428	
2E3:1FC	739	508	1	2557.2405730674705	56.09292097819856	50.142357852776826	
0D7:FFF	215	4095	1	1399.6585286093095	20.952010269797796	17.660590598032194	
17F:0FB	383	251	1	2145.4187397121527	44.2529967697779	39.25451085162311	
022:F7D	34	3965	1	3588.378337542395	51.53062538555893	43.71322441605634	
383:007	899	7	1	2979.1598265311154	76.13708618936879	68.10358350637605	
035:FFF	53	4095	1	2140.312442171426	32.042391175305426	27.22693795360329	
02F:3FF	47	1023	1	3957.4083410032317	97.58948623470057	89.18829475268686	
16F:0EE	367	238	1	2477.0229608813534	52.680378723281805	45.654950277274516	
227:07F	551	127	1	4929.773828048886	107.00921046471885	94.71193806412269	
95F:1FB	2399	507	1	2852.9661743906445	62.252291133204224	55.422734346911064	
077:07F	119	127	1	2326.011592398975	50.29954640736469	44.42406609547937	
04B:FDF	75	4063	1	2693.103071831578	39.40812388448761	32.56430568048088	
00E:FDE	14	4062	1	2844.8817633382214	41.57094464061733	35.84062122818881	
113:01F	275	31	1	3744.942111345983	79.91773391244399	69.46131734076651	
177:FFB	375	4091	1	1548.8961144229718	23.09439244312069	19.508388571627254	
006:01F	6	31	1	4882.060593614497	103.85162539491623	91.55391683293873	
017:17E	23	382	1	4139.684458709534	84.47142556739317	77.4083870841749	
004:BFF	4	3071	1	5177.421085516036	79.42390765896657	67.13571180726069	
FEF:7FE	4079	2046	1	904.8429786459675	16.194256820924313	11.445642477120112	
4AC:1FE	1196	510	1	3036.5567051034595	68.10670921277955	60.856018523719605	
0CF:17E	207	382	1	2130.5163574278226	43.44733364242357	38.51428393550748	
2A7:0FE	679	254	1	3374.4673517798524	71.76107646937609	64.89022198679798	
4EF:0FC	1263	252	1	2293.94860852548	47.59619234546631	41.614603848887555	
017:01B	23	27	1	3434.796974375868	62.28233107824887	52.80190433275027	
C43:FFF	3139	4095	1	1365.61329228551	20.411103695749937	17.201479748376208	
053:03F	83	63	1	3676.602659228101	79.72048187493367	67.7893087808207	
0B7:FFF	183	4095	1	1599.5327561603694	23.944556742889848	20.22019220288535	
0A7:5DE	167	1502	1	1622.8066741584885	20.249950569610302	17.7575862584129	
075:FFF	117	4095	1	1584.3856889115975	23.718653538579474	20.08598604035239	
0C6:0FE	198	254	1	2387.697066317096	50.64454580505587	44.291627152877076	
007:03F	7	63	1	4116.777986405998	89.22175435067093	79.6039436669994	
047:0F9	71	249	1	4253.266622064921	85.18821972831225	73.0304898920704	
08F:007	143	7	1	4089.4606011794285	104.51151174304053	93.44305618881472	
215:01F	533	31	1	4658.284713495705	99.3452396193547	83.36760530734531	
137:1FF	311	511	1	3438.8786818124354	77.19387135162015	69.212148101018	
016:03F	22	63	1	4694.369488773778	101.28032822585664	89.28344301207	
07F:3FB	127	1019	1	2346.125096834324	56.51845736744604	51.106984281290835	
117:43F	279	1087	1	1213.7167037812906	9.632438161818854	7.373984754694685	
0AF:1FA	175	506	1	2694.0527433092443	58.3477103692157	52.03240547548392	
DEF:FBF	3567	4031	1	1042.6426174391293	15.079347278733959	12.591697167512713	
006:F7F	6	3967	1	3203.0590542764976	46.10107700187088	39.60359814544997	
016:FEF	22	4079	1	3093.056745092465	45.9946237864754	39.03587453537661	
0E7:0FC	231	252	1	1781.4715271974262	36.907151912360185	32.20052451954489	
106:107	262	263	1	3240.77741230022	56.67727978025207	49.513250821345835	
137:03F	311	63	1	3229.296392466699	69.97627904242754	61.25298589297562	
10F:03E	271	62	1	3716.250772243783	77.01094539347899	67.14945187139253	
207:FFF	519	4095	1	3371.041085210074	50.387429787120084	42.65457948764106	
17B:3FA	379	1018	1	2601.399855306592	62.26168388923032	56.28244349348857	
0D7:1FF	215	511	1	2239.1200651596646	50.44225099496176	45.11962175224849	
007:01E	7	30	1	3744.1627522659583	75.38235390903806	65.77430726500154	
0EF:7FC	239	2044	1	1501.3046843495113	26.80070470109637	24.197604685629013	
063:1FA	99	506	1	3087.6205949802306	66.9004106667196	59.75694888236752	
01F:01F	31	31	1	3059.8056896655216	64.84197211959255	56.48167940667168	
003:FFE	3	4094	1	5883.96620422305	87.99947912237383	74.81522540778519	
226:03F	550	63	1	4629.330997290844	100.334365635918	83.26849766400538	
2C7:0DE	711	222	1	2184.3252383657323	38.20375046614714	32.34774849623677	
887:04F	2183	79	1	2385.4033578565027	38.978382570077386	32.93201187327538	
1ED:7FE	493	2046	1	1388.4312331632034	24.9367284978099	22.60676390296352	
015:00F	21	15	1	6581.85693450513	166.49974561117523	154.14386476034272	
F7F:FFF	3967	4095	1	971.2221649272176	14.524573044525257	12.255026305703682	
107:00F	263	15	1	4492.17374846919	113.4091028440455	95.93706879427256	
0FF:7FA	255	2042	1	1341.8153925862043	23.84669202154335	21.581054341194523	
883:00F	2179	15	1	3867.7024531878665	97.73640315025234	86.36022584251901	
077:0CF	119	207	1	1814.9970830631776	31.726673202595816	27.144203463788177	
FBF:FDF	4031	4063	1	924.071358268716	13.512241406007933	11.346902041663999	
0AF:5FE	175	1534	1	1667.724201351215	22.569729865670084	20.00225443579022	
17F:1F9	383	505	1	2234.320990226605	47.982412068420366	42.45873487299449	
8E7:8FC	2279	2300	1	1333.561675504772	15.198042951852697	10.60102533149967	
88F:00F	2191	15	1	3853.9940838730204	97.38974649053098	86.044086382338	
AA7:0FC	2727	252	1	2430.6789731893637	50.467195466188635	44.04165383374137	
287:007	647	7	1	4371.129658228683	111.71416142528314	100.04886218574882	
422:FFF	1058	4095	1	2207.2953132433113	32.998631346131695	27.898525660535622	
813:03F	2067	63	1	3413.8356964667796	74.0505886360557	64.25085807464149	
017:13F	23	319	1	3663.4248811709035	68.2171389153564	60.575735818767924	
013:01B	19	27	1	5270.683949592671	94.49433616015207	79.56111236145284	
317:07F	791	127	1	2980.429968207692	64.69313250272752	57.156133733621886	
0E5:0FC	229	252	1	1846.0270157112448	38.23789848566025	33.37552540073587	
237:27F	567	639	1	4761.174760086192	100.1435242223893	89.07673293090177	
48F:7FE	1167	2046	1	2553.1870622514316	45.72202257373127	41.38792743518518	
2C7:0FE	711	254	1	2751.338068341125	58.48438901430324	51.32261759127662	
047:1FE	71	510	1	4865.314967406157	108.84068577306019	95.72794337233623	
082:FDD	130	4061	1	2397.4926504640985	34.983823307602265	29.315382530349197	
026:0FC	38	252	1	4445.463070243945	92.1264670791854	81.22691809457339	
0E7:0CE	231	206	1	1450.5264457440162	25.100600491022192	21.36412345900931	
17D:1F9	381	505	1	2280.957746282038	48.98503292410755	43.696560467912526	
115:03F	277	63	1	3833.4599156022628	83.17123192750802	73.01724090936446	
117:11F	279	287	1	2779.7864319318624	48.00190177466885	38.218705583953714	
39D:FFF	925	4095	1	1363.8905803704783	20.387081287599585	15.819767301203013	
106:006	262	6	1	4210.647471548524	95.56420850168553	84.42827499305405	
00B:F9F	11	3999	1	3976.4844376735455	56.244777657559645	46.75437400518471	
4A7:0FE	1191	254	1	2874.1204693212744	61.16724409255877	53.55637185493028	
084:007	132	7	1	4765.74670856231	121.98713453965651	116.61302754318001	
3BE:FFF	958	4095	1	1343.1951142885214	20.096825149440757	16.879650320192418	
0EE:7FE	238	2046	1	1519.979909984987	27.303647203320335	24.726324036591002	
185:00F	389	15	1	3125.3092155624854	78.98179346343916	70.01020249082768	
226:03B	550	59	1	4162.402877640183	78.19947171575312	67.46758326984308	
0FF:7FF	255	2047	1	1361.1656542842306	24.505896495980632	22.207732894705206	
157:03F	343	63	1	3069.5681843823045	66.59567663763721	58.3699220440499	
8EF:3FE	2287	1022	1	3593.9167981010833	87.52787739523991	78.75193477696304	
17F:F7B	383	3963	1	1410.8631136488168	20.219162090074995	16.988116834329507	
077:06F	119	111	1	2124.7416410186943	42.319164091185215	37.108312017099934	
EFF:7EF	3839	2031	1	1281.8921673897382	22.635065081886744	20.40742732401777	
467:0FF	1127	255	1	3115.180369070136	67.3338610980332	59.06398352857904	
073:3FF	115	1023	1	2737.705404728612	67.40500520099683	58.76095520371766	
075:0FB	117	251	1	2257.574398304968	46.50084319361032	40.67725479321231	
61F:03F	1567	63	1	2201.16949246284	47.75349254181195	41.76817578836712	
57F:0FF	1407	255	1	2129.7588184291467	46.034665109297244	40.40159682854118	
087:BEF	135	3055	1	2374.9311396930857	35.63194426570932	29.161513334377393	
15F:FFB	351	4091	1	1945.9925081386573	29.015784420588524	24.55033367039604	
A77:1FF	2679	511	1	2742.286122577801	61.869466441381064	55.319886660256095	
04A:FD5	74	4053	1	2838.1940503744718	41.3458827808569	34.65623238382413	
167:0EF	359	239	1	2636.043830879074	56.591240141642864	49.80055089481332	
045:007	69	7	1	5349.019048804989	136.47566249973474	113.17131931497197	
07F:0FF	127	255	1	2051.81034578917	44.28435759374163	39.018064424749625	
837:07F	2103	127	1	3431.2313316693303	74.47167630715903	65.4933058494958	
015:017	21	23	1	4982.969195045091	100.12830805378768	86.38561890701553	
383:087	899	135	1	1662.4716031869352	25.28680177866182	21.207449164057575	
037:0FF	55	255	1	2656.5633975569394	57.271215526709696	46.272371906612804	
080:007	128	7	1	4521.043185901548	115.53717889291435	103.14443701686929	
21F:03F	543	63	1	4899.597577926967	106.30461740240776	93.4339876792555	
17E:17B	382	379	1	2101.766434026517	41.83035575970413	37.372777310299654	
1FD:FFB	509	4091	1	989.523090052365	14.752044535506077	12.456625147234988	
406:01F	1030	31	1	3257.6232468702015	69.50833237536384	59.94716532892941	
005:017	5	23	1	6024.135964908503	122.51535213283427	107.88926637832516	
043:FDF	67	4063	1	3213.0129876157703	47.03729782294169	40.33146314713997	
807:007	2055	7	1	4150.336250942028	106.05825535595088	94.472248263091	
0A6:7EE	166	2030	1	2371.3238455831342	41.81341153476138	37.78073326406879	
075:1FE	117	510	1	2272.362458204584	50.828285922481605	41.11098740742297	
08E:1FE	142	510	1	3693.708374877733	82.62201233801905	73.84804581974257	
125:07F	293	127	1	3736.9343850507826	81.10631375221489	71.31132498040502	
7ED:7FF	2029	2047	1	1224.85248847263	22.023679679523877	19.767516072059525	
00A:FFF	10	4095	1	5496.2272797505475	82.31968693208125	72.3770003646285	
037:FFF	55	4095	1	1931.1293080077464	28.91091919739046	24.57857705146825	
883:087	2179	135	1	2192.7940395328324	33.363857817936285	27.780918026532067	
087:01F	135	31	1	3558.01580134292	75.91675429590815	65.42269184490979	
77F:7FF	1919	2047	1	1407.9968466757798	25.311768590943768	22.90969306116666	
047:1FA	71	506	1	4765.983347239398	103.1906032821827	91.95010769577664	
015:03F	21	63	1	5369.743866287048	115.67943255598438	101.61883077563999	
027:17F	39	383	1	4310.981578507556	89.26358822346816	80.43086837283667	
02A:FDD	42	4061	1	2837.2103858910914	41.40808500555702	35.246690903962666	
1E7:0FE	487	254	1	1629.3691507871645	34.64832178063563	30.40893849720155	
717:03F	1815	63	1	1850.4281877751446	40.14445961845675	35.12021745580943	
445:007	1093	7	1	3506.2851418259934	89.43678469709081	73.25690467960027	
17F:0FA	383	250	1	2091.537611578589	42.724398511963514	37.28836697654215	
0C7:0FA	199	250	1	2308.179055344742	47.035308660613865	41.500879148052505	
107:203	263	515	1	3641.3409552741655	71.58221330433534	63.23889985691857	
9FF:EFF	2559	3839	1	1533.8767478394982	22.103235392143375	18.320003088924377	
0C7:2FC	199	764	1	2576.8397829297464	58.07331844270101	51.838412986922826	
DFF:FFF	3583	4095	1	1072.9586726434502	16.044351934254596	13.531951712076328	
083:00F	131	15	1	4386.571118773165	110.8510666274324	98.06393258383304	
013:137	19	311	1	5639.086743689187	105.28610982762338	93.08449725316635	
4E7:0FB	1255	251	1	2378.6161791646336	49.06930255217724	44.20162009594706	
1FF:0FF	511	255	1	1482.1595792234475	32.011586496874564	28.127682010319344	
02E:1FC	46	508	1	3549.909160110604	77.8936368707933	68.57743810171668	
106:102	262	258	1	3384.6205287834696	58.36439945516572	54.088593035317274	
487:107	1159	263	1	2436.710999177411	43.02272887466769	37.56290109781559	
22F:07F	559	127	1	4884.080148220384	106.01728892341515	93.83115426237491	
1EF:0FC	495	252	1	1539.942616573871	31.948079381938193	27.925351265200614	
107:107	263	263	1	3239.1528160482667	56.647633780382286	49.50434648074781	
77B:FFF	1915	4095	1	1204.5681942650988	18.04156690657528	16.7524442210472	
02F:7DE	47	2014	1	2690.3969146618133	45.21390566245979	41.275326372847026	
215:05F	533	95	1	4083.417284936971	75.34375300252293	64.14913827393984	
6E7:1FE	1767	510	1	1899.5472707910822	42.599297283751696	37.81773483884511	
047:2FA	71	762	1	4623.336902730958	103.57365351259496	86.49499732328806	
3FF:7ED	1023	2029	1	1422.6118603333487	25.003103658405827	22.630529429318095	
1AF:1FE	431	510	1	2230.034356356305	49.869885500428545	44.641610456683956	
00A:7DB	10	2011	1	6422.576391577344	107.02105109306355	98.93895588622452	
027:03F	39	63	1	4423.115108682121	95.11625417933496	83.86517110918768	
22E:1FE	558	510	1	5123.14445002163	114.91864306229904	103.22136691262936	
B7F:7FF	2943	2047	1	1836.1980950942482	33.05114512776659	29.915591557488856	
4EF:0FA	1263	250	1	2235.376464152185	45.649171101900386	39.50663752660263	
0ED:6FE	237	1790	1	1255.3791989441186	19.097484081358726	16.72786343400434	
27F:0FB	639	251	1	3589.486767349092	74.05464470148274	64.40894607363325	
117:01F	279	31	1	3685.4222836996164	78.63685932586881	67.84461279605121	
222:03F	546	63	1	4539.872558049296	98.3502680879546	79.52968786256844	
00F:3FE	15	1022	1	4505.810599415453	109.79983915840081	101.39721318975643	
27E:5FF	638	1535	1	2392.889971830031	32.475653102078326	28.6275856356626	
003:00F	3	15	1	10526.577015056864	262.3727508872912	235.57114417355643	
06F:0E6	111	230	1	2484.199198854615	52.20746028051073	45.957184098697944	
008:7DE	8	2014	1	8447.572404580358	142.00251976151193	131.7489959273378	
137:077	311	119	1	3165.9303039195743	66.77175724226838	58.981110592844566	
BFF:EFF	3071	3839	1	1180.1410904017177	17.012431730624375	14.11728774115966	
006:01D	6	29	1	3975.7210397362064	71.47822844760066	60.939146579919125	
37F:7FB	895	2043	1	1980.4823952939596	35.223735970395296	31.967094669003203	
883:00B	2179	11	1	3418.1295469080146	77.36524350013629	67.4561373105566	
115:13F	277	319	1	3305.798092856652	61.04885326526245	53.84744679469127	
095:17E	149	382	1	3198.4066291759577	65.21922627229122	57.54611616731973	
0AF:5FC	175	1532	1	1657.5827563902521	22.309629191274112	19.76000833657033	
113:05F	275	95	1	3204.607214760341	59.13850736014692	50.88508871165185	
447:0F9	1095	249	1	2918.115197929886	58.66207058079512	50.99311471556128	
3BF:FFF	959	4095	1	1324.512612660362	19.814361943642744	16.42942145309235	
067:1FA	103	506	1	2954.873065446377	64.03482773609659	57.213873938715174	
8E7:2FC	2279	764	1	3358.0359781801026	75.76804338116827	67.59328194580733	
2F3:5FF	755	1535	1	1371.0256781831883	18.591499563673104	15.229111135656547	
15F:1F3	351	499	1	2977.803971667721	64.08684883969624	57.20710302872633	
027:0ED	39	237	1	4282.283669732529	89.64538167428161	79.24606154334131	
022:03F	34	63	1	5386.705870640942	115.430499633525	96.9103241254746	
0AD:0FE	173	254	1	2670.121167306501	56.63594047804796	50.302355559425514	
04B:FFF	75	4095	1	2771.6852530172805	41.48333322620253	34.493764330293246	
0C7:1FE	199	510	1	2564.002248148034	57.40366315504697	51.29108281799117	
827:0FF	2087	255	1	3430.0943694992593	74.13952690955738	64.98166253795003	
093:25F	147	607	1	3102.653991098341	62.445923873056124	53.691303745918326	
027:13F	39	319	1	3602.254199161299	66.92412265329327	56.049992879830995	
4FF:FFF	1279	4095	1	1556.8408321230124	23.28673719556677	19.67263025789693	
883:106	2179	262	1	2653.3646479802387	46.75780506420201	40.6979366606744	
013:017	19	23	1	6045.384603645651	120.74589887619123	103.92687553114027	
06D:0FB	109	251	1	2499.923700748192	51.481671934459115	45.08660809434216	
026:137	38	311	1	4029.8944276677084	75.1209586192937	66.83140709356972	
203:FD5	515	4053	1	3302.513084056511	48.04339681080538	40.69198808041137	
2AF:5DE	687	1502	1	1885.3518369451551	23.527625324588417	20.755965525105044	
117:13F	279	319	1	3285.8638713358173	60.682971274466475	53.51405254946083	
02D:7FE	45	2046	1	3359.637347558021	60.376169165803326	55.34553055980149	
206:007	518	7	1	6103.3005753272255	155.98852299193652	139.88818055189884	
8EF:3F6	2287	1014	1	3572.356553617346	86.52159005204074	77.81041620317663	
06F:0FA	111	250	1	2395.144317621025	48.86487103451483	42.720970464295654	
043:BDF	67	3039	1	3064.692512136418	44.98875531281893	36.647289734332695	
C06:01F	3078	31	1	2046.087384893751	43.65628639952049	37.58785101871918	
207:03F	519	63	1	4541.285395914017	98.33058205128839	77.18523318642777	
017:FFE	23	4094	1	2816.224654482973	42.11859301550182	35.78636437866402	
379:1FB	889	507	1	2422.564534710722	52.789562459585056	47.01732342725202	
A83:107	2691	263	1	2082.2499404644536	36.763268558073115	32.036865517972984	
404:BFF	1028	3071	1	2188.148838111611	33.546665630169926	27.016332326439993	
0E7:7FA	231	2042	1	1480.0491015486975	26.276194108418704	22.273208139050674	
167:0FC	359	252	1	2531.2822184851634	52.52902398952026	45.92248986579587	
063:1FE	99	510	1	3204.078828111815	71.7688512869865	64.34650021180184	
177:0FB	375	251	1	2183.356791950723	45.01212520963036	38.69563121418738	
00E:007	14	7	1	5288.628604657539	134.36045935539514	122.95369134256687	
17B:1FA	379	506	1	2325.0387561288508	50.29476515249731	44.89027973673521	
F7F:FFE	3967	4094	1	969.7002156334031	14.487034654554902	12.216561118213194	
067:0BF	103	191	1	2514.4668221184033	48.009183864856226	41.46072055930316	
026:01D	38	29	1	3592.9069510537925	64.56101873347116	53.10504799374104	
107:027	263	39	1	3012.3770743148275	51.02584553620662	43.25434777162234	
0AD:7FE	173	2046	1	2295.3827001078876	41.24271578835728	37.376937323023256	
136:007	310	7	1	3903.50943008286	99.76072447622487	89.25184577010391	
07F:0DF	127	223	1	1660.4278041195125	29.798244448584054	25.575336639625686	
106:087	262	135	1	2625.615009127568	39.94273282916724	32.82422868392885	
086:107	134	263	1	2964.0609861956837	52.32931931564768	45.44214390126584	
22D:07F	557	127	1	4893.935053927047	106.23106657419012	94.01389561328173	
397:03F	919	63	1	2369.2507358448715	51.40233658266487	45.07011571088699	
02A:FDF	42	4063	1	2225.7123985108788	32.49182180606528	21.57232739875644	
067:0F7	103	247	1	2843.3095903544036	60.18711616727844	52.86380971038021	
017:EFF	23	3839	1	2673.0266019463947	38.57642846016661	32.23152702221365	
063:0FE	99	254	1	2979.0084091824892	63.241243648272345	55.518214506931294	
487:0FE	1159	254	1	2947.7284287086527	62.733715857134285	54.925185929533214	
0DE:7EE	222	2030	1	1641.924280852741	28.948202600217307	25.942992246618143	
043:FDD	67	4061	1	3135.4830692283304	45.75316811676375	38.38846721408859	
2F7:1F7	759	503	1	2434.9447577298183	54.357945845053074	48.72036267218707	
8EF:7FC	2287	2044	1	2633.5572262426326	47.0221039373603	42.34363716701746	
035:01B	53	27	1	2446.2612431137754	44.53569005022618	35.41501840786098	
01B:03F	27	63	1	4176.856671158524	90.13182836388357	79.55759111011258	
80F:00F	2063	15	1	4050.744116751211	102.35372036369205	90.11761078082469	
306:003	774	3	1	4200.690502336755	120.4480084785104	109.63962477956936	
026:0BD	38	189	1	3836.4632291839985	70.4943917745433	60.45488823453326	
F7F:FFD	3967	4093	1	967.7968152430848	14.44313549062733	12.168462968178547	
222:03E	546	62	1	4533.049870522245	93.88724153245234	79.44318993390685	
273:07F	627	127	1	3954.7389083312196	85.67785514613267	75.72319751335834	
002:FF3	2	4083	1	8258.947276635907	122.8640463426961	106.43041992375007	
002:E7F	2	3711	1	7474.483621581513	104.05391049880896	87.12443530930439	
88B:00F	2187	15	1	3996.33044482431	101.06758215254266	92.50934987435086	
8E7:0F8	2279	248	1	2876.7938926289335	57.28872442244242	49.5836542204087	
117:0BF	279	191	1	3281.8533359543053	62.655627769510915	53.82519252548392	
082:00F	130	15	1	4387.675031649648	110.878690325937	98.07754261171614	
015:01B	21	27	1	4344.088411048598	78.57417737468838	66.35255682292384	
0AD:5FE	173	1534	1	1436.9617661232717	19.413476054998522	14.594090823886512	
8CF:7FE	2255	2046	1	2723.1350918712897	48.926773495517764	44.24791703736583	
16D:1FB	365	507	1	2644.4582812294334	57.497629366189905	51.34249542165182	
183:00F	387	15	1	3140.1636875355293	79.35707395982406	70.33821632490793	
8C7:00F	2247	15	1	3745.434261205933	94.63973865992607	83.34770244873695	
37F:1FF	895	511	1	2482.259006358895	55.92779765533052	50.15560531411996	
037:0F7	55	247	1	2839.4743286862295	60.181001649234744	53.02760332559081	
4AF:7FA	1199	2042	1	2396.10244480004	42.462866336854354	38.404608275904785	
05F:1BF	95	447	1	2267.201166123699	44.637060850618006	34.05378387460714	
013:27F	19	639	1	6137.164251349349	130.92190782246246	109.97930261614738	
40A:7DF	1034	2015	1	2674.552617901026	44.86597777470619	40.41951839088675	
047:0BB	71	187	1	3754.167196662413	66.96665019791197	57.15384937247772	
08D:007	141	7	1	4243.275295361861	108.43894098328722	96.81693111353587	
467:1FE	1127	510	1	3291.123448736123	73.81640312705582	65.95941755307922	
8A3:00F	2211	15	1	3842.4748123620534	97.09866364420519	85.78719577956224	
026:0F8	38	248	1	3948.559180759194	78.44747284574665	63.97073997697759	
1DF:1FB	479	507	1	1743.7782068839376	37.97264081686708	33.891435465965266	
4AF:7F6	1199	2038	1	2389.0568492298044	42.574657306752286	38.16860530946648	
037:117	55	279	1	2319.716481192836	40.86485722376643	35.45915756161096	
097:01B	151	27	1	2376.8516760904804	43.28813769350678	32.793948886801346	
047:2F8	71	760	1	4887.86990585454	108.7312031472314	96.92360656236303	
227:077	551	119	1	4766.500620483088	100.52355281720943	88.53862008026991	
1CF:17E	463	382	1	1724.0828542306592	35.10866750402221	31.190788991242886	
17F:17A	383	378	1	2064.9653883143997	40.64709676101954	36.26437440929938	
17E:1F1	382	497	1	2239.6869661532537	47.65035854690088	42.460321069713565	
81F:03F	2079	63	1	3422.404637988896	74.24516044302099	64.82197836641565	
16F:0CE	367	206	1	1934.5095003203846	33.51774672240897	27.862123324441924	
087:0FE	135	254	1	3655.004566668201	77.39723738658641	68.70715105195445	
003:FD7	3	4055	1	5993.696600492036	87.63790307898832	77.72272083949977	
283:027	643	39	1	2230.946040913408	37.68319565865085	25.65535185885011	
006:03F	6	63	1	4869.379003732966	105.61725303969585	91.3632807981074	
026:11D	38	285	1	3188.064168503873	54.92077945197818	41.73243838196818	
013:11F	19	287	1	4503.154865134548	78.24465075157828	59.112920343644575	
24F:0BB	591	187	1	2850.2309570251914	50.6822091119159	34.25499892184684	
2A7:0EE	679	238	1	3285.251726473493	69.8368388217378	61.4368208899009	
147:03F	327	63	1	3272.1810815788667	70.99276601860682	62.28447874488479	
402:FFF	1026	4095	1	2228.2968153251472	33.309813706588955	27.938873211969177	
017:03B	23	59	1	3603.095713109591	67.49494933464383	58.344549289634806	
227:277	551	631	1	4911.467036857267	103.29200969618924	92.40271506680993	
007:DFF	7	3583	1	2075.135942918709	25.14062825159184	20.257015265772164	
476:1FF	1142	511	1	3252.009595678163	73.36944921513245	65.60123233985202	
13F:1FB	319	507	1	3203.095993629132	69.57429905471881	62.15268589046405	
011:11F	17	287	1	5951.386721646	103.62353049769158	90.70312245604822	
107:00B	263	11	1	3888.9047233333054	87.91265265437998	71.86575542274593	
867:0F7	2151	247	1	3266.4796408055645	69.3155156068857	60.63464935429864	
3DF:7FA	991	2042	1	1439.8199267259995	25.532396860035025	20.95538268131754	
13F:0FF	319	255	1	3125.4823003266633	67.56060964671565	59.45197090573033	
5AE:1FE	1454	510	1	2148.090465646188	48.14055947888868	43.04768826745303	
826:0FF	2086	255	1	3399.531968443432	73.46577191143074	63.78015929036697	
003:007	3	7	1	10737.374854778305	265.9956531727598	240.57321082679385	
2FF:7FC	767	2044	1	1905.3096591860988	33.980356482737875	30.733584424036035	
1C7:0FC	455	252	1	1803.1917630484395	37.40480194044279	32.5091568251527	
017:11F	23	287	1	3392.4195819306906	59.071775105398615	51.94333831190047	
8E5:2FC	2277	764	1	3355.030727527865	75.69582652951983	67.33287207061295	
002:FD6	2	4054	1	7729.425255190931	112.70032475612771	93.11915784754036	
225:0EB	549	235	1	4613.906146652089	94.39352913500609	82.78633062535332	
217:07D	535	125	1	4096.413804496968	81.52581363996532	64.51145037811514	
037:07F	55	127	1	2896.164021574893	62.68914269169678	55.07027491495347	
017:FEF	23	4079	1	2776.132086054658	41.277938867194194	34.767982152825205	
176:0FB	374	251	1	2106.455220889167	43.3972441110066	35.781085926909036	
667:0EE	1639	238	1	2045.7180802260816	43.53506123747869	37.71763885572203	
02E:7FC	46	2044	1	3003.7870350313083	53.64861075533273	49.213130933209655	
883:187	2179	391	1	2225.4135206053975	39.19044991585509	28.484184670724975	
0AB:7FE	171	2046	1	2323.0883662132496	41.74007924591971	37.802937991797386	
0AF:1FB	175	507	1	2669.766410207012	58.139530197595384	51.06734452553283	
0D5:FFF	213	4095	1	596.261193505123	8.860532837084618	3.1050801374853396	
8AB:7FA	2219	2042	1	2733.8475497162704	48.58869885883449	43.59938016439586	
087:017	135	23	1	3410.6445595195887	69.76722215984228	60.13027095220051	
0AF:17F	175	383	1	2585.823716085641	53.615260192098724	48.048373269455695	
06F:0FF	111	255	1	2461.254819538107	53.06345979934266	45.03945033389853	
2FF:1FF	767	511	1	2389.1497369047793	53.86891291646378	48.292557948002575	
FFF:FFD	4095	4093	1	871.182816231209	13.000309378899503	10.747483506333214	
827:0FD	2087	253	1	3140.4243219882314	65.76388612978403	54.3652727366408	
0A7:007	167	7	1	3393.790447921248	86.73106874407078	77.47963418766005	
267:2EE	615	750	1	4278.136365568459	94.82680285622735	84.77267890849262	
0AD:77E	173	1918	1	2192.427506735168	37.64460133322678	34.10389632349373	
006:005	6	5	1	2652.5481160166783	33.3096251026626	26.981151627971553	
03D:06F	61	111	1	1743.9862792526	34.650764368391904	22.307068306583894	
022:07F	34	127	1	5386.432269293891	116.14198095465916	97.57810665575249	
117:05F	279	95	1	3173.5199042783074	58.563889240944	50.34032257298204	
00F:1FE	15	510	1	3786.1724841527903	84.82055466889945	71.35288439981713	
F7F:7FF	3967	2047	1	1259.704660172966	22.671347248649774	20.65627342748556	
883:20F	2179	527	1	1764.5863588659265	34.33208589345993	17.744572849358427	
227:076	551	118	1	4300.651036797966	88.82847131582278	71.87220377456539	
02F:2FD	47	765	1	3598.280115694555	81.47277056537186	73.73119638461691	
102:002	258	2	1	5560.867827235033	159.50026697907697	145.9737776155319	
803:007	2051	7	1	4081.1667533561176	104.24612635644529	91.10899418616926	
006:FD7	6	4055	1	3192.2358924702958	46.645915929264405	39.31535972776532	
007:03E	7	62	1	2114.158079299181	43.45545580799949	20.673568569156554	
067:0DA	103	218	1	2170.6679424899817	36.48633027765187	30.86728537884057	
A22:03F	2594	63	1	2439.6543487806434	52.83649984509839	42.01490453732482	
107:03B	263	59	1	1314.5769655034449	24.453176883391393	8.075392213654016	
4F3:1FF	1267	511	1	2527.598631623819	57.02561804599405	50.97879991745232	
3DE:7FE	990	2046	1	1553.9337372259413	27.875951419541575	24.393685420675684	
006:006	6	6	1	5297.7112345262985	117.89751687429498	105.90286593282069	
37F:1FE	895	510	1	2226.0969461122068	49.7769021938022	40.184960604159045	
015:007	21	7	1	5830.2411959434485	148.13946349500213	119.68836484188327	
043:FF5	67	4085	1	3169.152228587425	47.25252146172824	39.2023360244107	
00A:7D7	10	2007	1	1396.3941650927497	23.136443554896623	4.565213937889597	
00E:00F	14	15	1	5166.3690513819265	128.55834686011002	116.04074587316003	
026:007	38	7	1	5589.2305925547225	142.48558869384436	128.30199304328067	
4AF:1BE	1199	446	1	2566.6812102005983	50.35243795665348	44.15117104623399	
0BF:07F	191	127	1	2192.1445623404543	47.55317062630292	41.924569635526936	
1F7:FFB	503	4091	1	994.7857005587654	14.822943014510123	12.007699022151503	
0CF:007	207	7	1	2648.194807870311	67.65066689111383	59.41012397712805	
0CF:07C	207	124	1	2003.9982276909182	39.14409152865783	34.03075716476884	
3FF:FFB	1023	4091	1	1068.483683064574	15.916037166214425	12.740672709845056	
18F:7FE	399	2046	1	2146.0633110781087	38.51813798214545	34.29793823558285	
6DF:FFF	1759	4095	1	1181.6136885363762	17.670852601660375	14.503574797090078	
2F5:1F3	757	499	1	2359.6075859332173	50.96911456877965	45.47395763695851	
023:7FD	35	2045	1	4629.092050025713	82.82727104863784	74.21048416866526	
8ED:7FE	2285	2046	1	2656.4221746772446	47.72507186819286	42.98999643798843	
437:1FF	1079	511	1	3454.039007411265	77.92650073275433	69.63188998396761	
007:0FD	7	253	1	1661.308279334872	34.46010910249688	12.706000217746706	
407:03F	1031	63	1	3326.480943102176	72.15420250156875	62.53392240666151	
1E7:1EE	487	494	1	1681.2429615956319	36.3284064571884	32.34794265032945	
077:1EE	119	494	1	1848.938352342005	39.853693578658834	27.951499652310112	
107:087	263	135	1	2622.288821177946	39.891917029532735	32.76826402986533	
115:0BF	277	191	1	1240.813766338463	23.44827896914006	7.494579827669851	
003:09F	3	159	1	6112.051065001046	100.21354494482543	80.57098421440861	
FFF:FF3	4095	4083	1	842.6747269767037	12.514759520535028	10.049119340289515	
00F:FFF	15	4095	1	2504.26532636736	37.48263680931374	31.283174401175245	
173:1FA	371	506	1	2433.240936878813	52.62294323529485	46.914963826190096	
066:1FF	102	511	1	3082.2279404293477	69.43654206584213	61.68528744176379	
017:BF7	23	3063	1	2681.1329693655025	40.817182128367946	32.37715484948751	
203:FF7	515	4087	1	2926.354713050013	43.60832516281944	31.84233261121749	
203:7D5	515	2005	1	248.50246065764497	4.090834307856758	0.2246428846219493	
803:00F	2051	15	1	2849.72702509038	71.5247100619493	43.84694722331146	
287:017	647	23	1	3371.55978629908	68.96903017680611	59.50683940965883	
117:01B	279	27	1	3043.4427787171035	55.50475630018886	46.25677323075602	
427:03F	1063	63	1	3089.781159603143	66.94972181156476	54.7744077072003	
0A5:0EE	165	238	1	2808.7723701056066	59.54242844466787	52.11204090403289	
003:FDC	3	4060	1	45.263441055308434	0.6519276847632332	0.004321237157419376	
026:037	38	55	1	4160.634219159072	81.11822790963073	70.50724626958846	
053:01F	83	31	1	3611.898094738407	76.94013361822493	65.32228873207006	
006:09D	6	157	1	133.8289820250683	2.0629192696280536	0.06736801483571242	
026:006	38	6	1	2730.5270907251434	61.37612272850611	30.11682135551867	
275:7CD	629	1997	1	265.58992739603485	4.321198287681384	0.3357906269839697	
213:01F	531	31	1	5169.2659304753615	110.45447757253496	102.64946236997014	
04E:FFF	78	4095	1	2398.2633778815375	35.85456416586917	27.1442651005559	
220:03F	544	63	1	4917.787443040589	106.69105729506022	93.39371441741848	
10E:006	270	6	1	4120.141105751151	93.506812604505	82.46578784553535	
81F:0BF	2079	191	1	745.4808610405435	14.059615003317473	3.0017812026702093	
077:FFB	119	4091	1	1414.7561462556375	21.07468828844734	16.480658276943103	
FFF:FB7	4095	4023	1	766.1725302461099	11.054195581981283	8.296978748541834	
025:0FB	37	251	1	4990.317933901615	102.73006417751614	89.72428870386423	
00B:7D7	11	2007	1	4886.162738505352	81.85689526871049	70.60446928043814	
22E:03B	558	59	1	81.33382889406542	1.5041905764111467	0.02519570834157424	
213:01B	531	27	1	3942.934639478881	71.90207380457683	59.528473459373316	
187:02F	391	47	1	2124.528626638169	42.817818401083585	32.4614484570387	
097:06F	151	111	1	2966.2623522036115	59.23816038485129	51.25140159451146	
227:0EE	551	238	1	1066.8977825632028	22.384667962468928	4.308856913173343	
107:006	263	6	1	4180.3196151557495	94.86356961240261	83.264705103685	
C17:FFF	3095	4095	1	18.579288738986076	0.2747099125806692	0.0030500383298057185	
FEF:FFB	4079	4091	1	787.1972026163246	11.711584341289809	8.683874654420949	
8AE:7FE	2222	2046	1	2714.1835392453136	48.746596073066584	43.0050830504883	
0AA:7FE	170	2046	1	2046.3709823837742	36.69449266924942	29.120853228526446	
37F:7EF	895	2031	1	1907.2210176258156	33.63748305684739	29.621387630085085	
0C7:0EC	199	236	1	2229.9453313941376	45.87095105574073	38.66467102383726	
307:007	775	7	1	3644.797609888674	93.1302018476071	82.58554369249816	
1DF:17B	479	379	1	144.110765118637	2.832276080661604	0.22473439260502578	
206:006	518	6	1	5319.6590775078985	120.72505620678437	106.25459484478411	
067:0F9	103	249	1	484.66230456323075	9.605046666455234	1.4965299901632925	
2E7:0DE	743	222	1	126.60742586308368	2.1865418756730306	0.12103881454104991	
0E3:0EE	227	238	1	1891.5963049336535	40.151245012761734	34.70064532660588	
2F7:FFF	759	4095	1	1350.5617616647235	20.17900329839683	14.945983413494858	
037:037	55	55	1	2543.200887298099	49.78826331451993	42.30528011782039	
036:03F	54	63	1	3074.0502473693136	66.27985484590201	57.37161418418234	
487:007	1159	7	1	3590.8319385483205	91.75397880424445	81.47046723106678	
8CF:7FA	2255	2042	1	2540.53021547595	45.11669946541842	38.442752046158894	
237:06F	567	111	1	4261.732293017746	85.08747267402644	72.50801031234488	
2E3:1FD	739	509	1	435.52339684543307	9.514703641030737	1.408282917038635	
37D:6FF	893	1791	1	6.325406577019001	0.09515772681223073	3.16580430187381E-4	
1BD:FFF	445	4095	1	1062.439485541834	15.868080917575703	11.103826061285003	
46F:0FC	1135	252	1	2871.966019845027	59.59577186897369	50.38062893354924	
03E:03F	62	63	1	2435.6082993158693	52.59074827253954	44.98251950755623	
0AF:7F8	175	2040	1	1636.6138076752582	28.810962493162695	19.102369740429904	
877:0F7	2167	247	1	172.18608887392838	3.5908426199617054	0.1638470479421558	
877:06F	2167	111	1	84.53118546468447	1.6603281095240046	0.03954761986040926	
116:007	278	7	1	4555.688354104361	116.41444099643313	103.60930242263741	
10B:FF7	267	4087	1	2119.6296573341765	31.60036497715547	21.55882245341455	
417:07F	1047	127	1	130.32289762062834	2.7777096370890098	0.09394575600187173	
167:03F	359	63	1	276.0312930935315	5.888413654094124	0.5282193417804244	
117:11D	279	285	1	2786.9726945718025	47.716012833479866	38.432598083777066	
1CF:07E	463	126	1	63.650018339122255	1.3270841290375166	0.04106943429458878	
0F3:0EE	243	238	1	1630.9715605769502	34.62864026823678	29.10057363255737	
067:1FC	103	508	1	2901.4824284012716	63.57197319199729	55.09614518386831	
197:007	407	7	1	2872.0538207692007	73.37640168074739	64.71491071154257	
00B:7D5	11	2005	1	4555.833125082297	75.9361146878281	61.268318509417774	
0AE:3FE	174	1022	1	3014.017072671583	73.30449734411808	64.89266093684998	
95B:1FB	2395	507	1	3046.8855194452726	66.51838674734758	60.817553437967995	
1FB:FBF	507	4031	1	692.4913829292007	9.991833679258798	6.009933253838358	
237:03F	567	63	1	4486.336491913543	97.22498615848662	80.21731132293547	
93F:17F	2367	383	1	80.58791249591074	1.641359091637845	0.040290639268602574	
00F:7FE	15	2046	1	17.789925444544796	0.3145643755974365	0.0015313401748025953	
003:7D5	3	2005	1	5835.785163124819	97.1856284733892	73.32340584725723	
437:07F	1079	127	1	3038.7123021658367	65.86153994862218	53.72152695068388	
146:FDF	326	4063	1	12.944851437169893	0.18717908243102868	9.49949870254684E-4	
027:0FA	39	250	1	3665.349517521406	74.67100322039732	57.8499365684161	
067:1EE	103	494	1	18.82270420918466	0.39991858275213527	0.0022380593285247184	
066:0FA	102	250	1	2333.893702892246	47.49610119091854	35.149679190125596	
80A:FFD	2058	4093	1	1470.4019443690374	21.840710354495698	11.732100350112502	
4ED:7FC	1261	2044	1	1587.089577089193	28.197310271528007	19.71333456756564	
126:037	294	55	1	34.38039329523811	0.6656310063744252	0.005871186236439699	
042:FF7	66	4087	1	1967.572910282581	29.258021855096924	14.887051262038758	
4C7:0FE	1223	254	1	2200.8842468931202	46.70948190456408	35.78143590455892	
1FD:1FB	509	507	1	1349.7490717023454	29.345894767153293	23.032615078106247	
F3F:7FF	3903	2047	1	828.3152271665402	14.825197316859306	8.607019056685681	
037:FFE	55	4094	1	1057.0968815535998	15.719031216388537	7.280615101108145	
AD7:1FF	2775	511	1	2282.174035597415	51.34821313499912	39.664477204940056	
3FD:FFE	1021	4094	1	606.0152035544173	9.008576961326655	4.037360386965036	
06F:0FE	111	254	1	1969.5967318078774	41.69883833380307	28.663266930745344	
8F3:17F	2291	383	1	1784.1386010214862	36.73026389627575	20.212869373438462	
0F7:1FD	247	509	1	1491.3230285719512	32.988677720557874	24.736975157345857	
BEE:FFF	3054	4095	1	636.1482052215171	9.460240089295189	3.9882989275665652	
117:13E	279	318	1	12.241866590639013	0.22344042643366083	7.258749407251876E-4	
882:007	2178	7	1	3469.6224987012265	88.41730959277902	69.10699587103376	
027:07B	39	123	1	2553.297871904776	49.0059848719079	27.842299856611813	
106:207	262	519	1	2643.4540619471695	51.98116697710594	32.9744879403021	
093:2FF	147	767	1	2819.03732416993	64.03485850364194	43.87317731289123	
917:03B	2327	59	1	1478.304625983954	27.581558187439498	13.572713085124379	
FEF:FEF	4079	4079	1	134.124595955223	1.973277095487002	0.2477473396198789	
887:02F	2183	47	1	3.7313079829550784	0.0740740558236688	7.781603702226451E-5	
0A3:7FE	163	2046	1	1511.34834739879	26.98367067638301	14.866167687784552	
17F:5FF	383	1535	1	674.2335761956572	9.092758643562895	3.8358966598472395	
587:03F	1415	63	1	1539.9358991221404	33.233507457383645	20.987167890453634	
107:227	263	551	1	17.35132658860023	0.34394016525279353	0.0013862658433430295	
405:007	1029	7	1	46.1189509627582	1.1526637687734853	0.011488529038490524	
003:7F7	3	2039	1	3531.4978342338113	62.71786442578053	26.520905772722145	
267:0FE	615	254	1	3340.041661146456	70.86871510383178	51.95099312348889	
0CD:0FC	205	252	1	1418.913779164337	29.238062219895664	16.520706654192853	
4AE:1FE	1198	510	1	2241.989027438601	50.02202777498601	32.91840141133868	
107:07E	263	126	1	2625.6785420438123	55.38374579394766	32.459159599061664	
476:3FF	1142	1023	1	2753.097268831396	67.51802811414858	46.525844028343506	
225:0FF	549	255	1	3313.769198317531	71.18942061726912	42.172632312161696	
14F:17B	335	379	1	2102.9997794519836	41.65380471293944	26.09587052590843	
0A7:1FA	167	506	1	1884.2945681239933	40.57556385840313	23.551468331101628	
8FE:7FE	2302	2046	1	1324.1159477521687	23.61405727543199	11.506463055187327	
01F:07F	31	127	1	1951.6959486075145	42.02520134092901	22.80957166932208	
307:103	775	259	1	1137.9512808384163	19.679537357252322	7.9231561100207175	
04F:0FD	79	253	1	2024.42147152632	42.03238687072394	19.28045193455989	
016:007	22	7	1	3769.601271016851	95.41672778201897	56.863356247919704	
022:7FF	34	2047	1	2264.4298767836	40.42605362602218	17.126408283300176	
4BF:5FE	1215	1534	1	567.8744194533069	7.625718623138214	2.30879984563974	
047:1F9	71	505	1	2409.6047894355297	51.38197516988134	23.0922638753379	
1EF:7FF	495	2047	1	579.4353993931842	10.335024331173154	3.889573908874897	
26F:0FE	623	254	1	1782.8519547988556	37.56159056671422	14.922388722337917	
463:1FE	1123	510	1	2.951961962672806	0.06491344126655235	5.084815109908541E-5	
0F5:FDF	245	4063	1	305.9645952918012	4.438534258826291	1.0191866783475128	
0E7:0B6	231	182	1	576.4456957855497	10.657405545101172	3.3100756911739415	
07F:1DB	127	475	1	814.2628753148109	16.22691281198948	6.03281211467261	
0FF:1FD	255	509	1	772.2796959241401	16.966013586581724	6.987345452050147	
3F7:FFB	1015	4091	1	173.73699361258716	2.5630548963077304	0.3230171089665504	
004:03F	4	63	1	2756.7134836811997	59.08950858072773	18.567092762087388	
00B:BF5	11	3061	1	929.1631546652787	13.955534042687871	2.5022821300514684	
107:03E	263	62	1	3.3843847959011173	0.06889374117038422	5.2675869532968957E-5	
04F:0F5	79	245	1	1065.9904365306727	21.755396232579542	5.306790720056766	
057:01E	87	30	1	1050.823001537465	20.94093786613166	5.709892626010292	
0AB:5DE	171	1502	1	2.3078355274488276	0.028487643804428982	3.651999103690805E-5	
106:026	262	38	1	2.85689748247583	0.04624654732258702	3.782263666123118E-5	
1AF:7DC	431	2012	1	303.12807302576164	5.000612030156159	0.8086364486095439	
017:07D	23	125	1	997.0917417214121	19.62013966653424	4.3673729229406835	
127:027	295	39	1	3.2723589404119036	0.054648179764145544	5.351123633526295E-5	
037:FFD	55	4093	1	375.5224761681093	5.553520649802472	0.9107047933550549	
246:FDF	582	4063	1	562.1888420602523	8.146791665573573	1.2956243206194102	
061:0FB	97	251	1	710.1465520185455	14.452197431394746	3.006790294841187	
013:00F	19	15	1	2008.4998566439465	49.93051287194972	11.410644833196782	
0F7:FFB	247	4091	1	167.76680419838632	2.4749522596516793	0.3087501436814393	
126:007	294	7	1	344.45179448403013	8.62140007068598	0.5843806115544652	
04F:1FE	79	510	1	982.5224164945225	21.701541773564358	4.490936335446037	
167:1FE	359	510	1	648.9453844330762	14.331337581998115	2.9275769742699214	
F7F:FDD	3967	4061	1	2.0139431640147816	0.02903393264328271	5.149296048602914E-5	
113:017	275	23	1	72.1659607670667	1.4512074252001084	0.024926013748161405	
014:FE7	20	4071	1	2.2118673981212074	0.03242144580798235	1.560674887694372E-5	
717:03E	1815	62	1	3.4537538644023718	0.07030714804154939	1.1807834581308778E-4	
107:FFB	263	4091	1	2.1475160554907844	0.03162317067126698	2.145275978590418E-5	
006:027	6	39	1	558.196815695778	9.340809163186853	1.1722460448832195	
047:2F9	71	761	1	2.1858490463715237	0.04784126336200261	1.863670715529094E-5	
8FD:7FC	2301	2044	1	3.0741335465797497	0.054023655350125446	6.092290988547981E-5	
104:006	260	6	1	717.2954711949037	16.012825714286983	2.3559552427787787	
197:107	407	263	1	2.6126818132569163	0.04543233966279619	5.2027516368986566E-5	
045:0FB	69	251	1	551.9546911322328	11.210283407128074	1.1712468910383127	
8FC:7FE	2300	2046	1	1.7081154911766647	0.030200916957571034	1.8771831976677954E-5	
005:EDF	5	3807	1	491.48437646490464	6.857844916877107	0.7087057280394953	
0D6:FFF	214	4095	1	1.8725873385188538	0.027683656410927727	3.0620369615984454E-5	
005:037	5	55	1	1.4406442765053937	0.027887355332747107	6.005363285714101E-6	
008:75E	8	1886	1	2.085442591904239	0.03404961316365967	7.78896027537979E-6	
AFF:FFF	2815	4095	1	144.7166430167632	2.1418245380257463	0.16639623335016238	
0D7:1EF	215	495	1	257.4939206439968	5.513516087909946	0.5776976926353773	
001:00F	1	15	1	3017.102325891327	74.69133702688227	4.455392829801918	
8F3:1FF	2291	511	1	312.3501976349583	6.921440905941725	0.6059269713993473	
EFF:7ED	3839	2029	1	2.171997447696133	0.03761215978335376	5.681937045255896E-5	
417:01F	1047	31	1	351.6553234377834	7.382467327720555	0.6861835831753271	
203:FFF	515	4095	1	2.0731838599946015	0.030648934296266625	1.5664282544437104E-5	
047:2FE	71	766	1	483.2881980702241	10.80761648771473	0.9136611651574588	

