BMLVN	12	x2	MULTI	
metabolism	0.9970000
mutations	0.0000100
catastrofic	0.0010000
minWeight	0.1
start biomas	2.0	_
env.size	25000.0
feedSourceH	0FF
0C7
0B5
023
011
feed port max	50000.0	limited
timeQuant	0.01

key	suscepBits	activeBits	maxsize	popBiomas	currincome	currloss
FFF:000	4095	0	1	9256.922218024773	108.91357421875	183.79891063238477	
0FF:000	255	0	1	12774.220171285018	401.47607421875	188.66842214746612	
00F:000	15	0	1	15303.194701160879	207.29559326171875	173.7885845686264	
777:000	1911	0	1	9919.780047135659	396.8345031738281	213.73093798913075	
555:000	1365	0	1	10016.700700763187	41.26897430419922	173.2116457175134	
FFF:FFF	4095	4095	1	517.2383349025367	1.96241027240211	0.5594285591325711	
FEF:FFF	4079	4095	1	428.810600171312	1.6271823153002936	0.3819178208204933	
DFF:FFF	3583	4095	1	631.5931850810338	2.395356585213263	0.6574742812084184	
FBF:FFF	4031	4095	1	482.99036389739024	1.8325807516659955	0.47354106983772437	
FFF:F7F	4095	3967	1	417.66734727618405	1.5448637781891252	0.3650070337471232	
FFF:7FF	4095	2047	1	620.2395002758683	2.6097453355956266	0.8053785204391727	
FF7:FFF	4087	4095	1	451.94029540447553	1.7148896108151133	0.4257095868803758	
FFF:FFE	4095	4094	1	475.202295733449	1.8019611874880435	0.4722654331032461	
FFF:FF7	4095	4087	1	414.77785515472465	1.5714843316418012	0.35987923386228665	
FFF:FFD	4095	4093	1	378.9537053169393	1.4369754519441982	0.30043270951212686	
FFB:FFF	4091	4095	1	391.72430272134346	1.486532361536219	0.3204720113412465	
FDF:FFF	4063	4095	1	452.44143237694936	1.7167811523833936	0.4220954811414206	
FFF:FFB	4095	4091	1	450.9341206817082	1.706748616110036	0.42530379908509264	
FFD:FFF	4093	4095	1	388.6192335139872	1.4747552591592255	0.3157095163873885	
EFF:FFF	3839	4095	1	355.17829603466845	1.3478272152686668	0.2330888246257379	
FFB:FFD	4091	4093	1	401.15217046415836	1.5211094268974017	0.336075094116347	
7FF:FFF	2047	4095	1	345.1186996094753	1.3102507653440068	0.29915464914799467	
BFF:FFF	3071	4095	1	778.868861187376	2.952196865649832	0.7054793390034282	
FDF:FDF	4063	4063	1	418.8813422681076	1.5649276605016096	0.36187626923778154	
9FF:FFF	2559	4095	1	1436.1343315808938	5.425135320487673	1.5051892605387869	
FEF:FEF	4079	4079	1	428.7251147140773	1.6131464426092892	0.3817851602643974	
FFF:FF5	4095	4085	1	431.6054676049078	1.6339299072598323	0.3896525701940873	
F7F:F7F	3967	3967	1	420.4840851944843	1.5551613626936192	0.3488389640654908	
FEE:FFF	4078	4095	1	420.15703288933156	1.5943657300478276	0.3666023731999541	
FEF:FF7	4079	4087	1	435.12121789211045	1.6485046102093948	0.3932401300994963	
FBF:7FF	4031	2047	1	671.7506889044497	2.826429836002287	0.9170728547284427	
DFE:FFF	3582	4095	1	482.10529184730234	1.8290877301531394	0.3832872637839827	
FFF:F7D	4095	3965	1	354.99434806875587	1.3122067998829854	0.26373865440210825	
AFF:FFF	2815	4095	1	976.9217601141638	3.6999129633351435	0.9265761677572245	
DFF:FFB	3583	4091	1	674.1451012985173	2.549922564369672	0.7489036764523489	
BFF:FF7	3071	4087	1	892.42035766603	3.3756850254352133	0.9253762576266144	
FE7:FFF	4071	4095	1	474.313746751742	1.7997068343337208	0.4655673297955222	
5FF:FFF	1535	4095	1	425.4894859867177	1.6153127826583964	0.3659160409430338	
FBE:FFF	4030	4095	1	472.89587331399247	1.7943150805582104	0.4538849690291159	
EBF:FFF	3775	4095	1	527.0622460033284	1.9995020023636478	0.496693870579383	
DF7:FFF	3575	4095	1	635.8282567830719	2.4113849860047765	0.6635429621675017	
FFF:FDD	4095	4061	1	273.67101700873917	1.0217991718299075	0.1567648493989574	
FDF:FEF	4063	4079	1	453.5620792913559	1.7065344774897149	0.4242203418767819	
DFF:FF7	3583	4087	1	505.26305962550333	1.9138319991060637	0.4210503034332637	
DFF:FFD	3583	4093	1	650.6367181725104	2.4655188943904536	0.6976571915555234	
DEF:FFF	3567	4095	1	547.7537241244108	2.0778561757711613	0.49057932489357425	
FF5:FFF	4085	4095	1	455.09382516211895	1.7268457821851257	0.43134956115181944	
FFF:7FE	4095	2046	1	612.0626748191363	2.5718494512971155	0.7842908840237927	
FFF:FFC	4095	4092	1	459.10523420829713	1.7396205784369476	0.4408401677280709	
FFF:FEB	4095	4075	1	522.65526424073	1.9612374709371374	0.5712553366757586	
FBD:FFF	4029	4095	1	323.6753966954001	1.2283594681259669	0.21263372790370572	
DBF:FFF	3519	4095	1	540.7972182878689	2.0514828982084246	0.4655689964330606	
FFF:7FB	4095	2043	1	621.9830751833568	2.602761438808753	0.8099545603599748	
FFF:FDE	4095	4062	1	440.4800372289171	1.6445797393167656	0.4058787048871395	
DFF:FDF	3583	4063	1	554.2860043696395	2.070097131149341	0.5066613217476401	
FBF:FFE	4031	4094	1	428.24041251430083	1.6239907709109904	0.3723458048346287	
7FF:FFE	2047	4094	1	341.953072665327	1.2974202104121777	0.29369170474214146	
FBF:FFB	4031	4091	1	409.0175795485125	1.5481764405047485	0.3396982557448428	
FFE:FEF	4094	4079	1	459.5524286686199	1.7290661082907017	0.44164629621838053	
EFF:F7F	3839	3967	1	437.161035482481	1.616833683019935	0.35309527688662207	
DFB:FFF	3579	4095	1	582.3664127409313	2.2089680735655044	0.5580094521212278	
FEF:7FF	4079	2047	1	525.133693793788	2.2095887698960515	0.5732651983368537	
FFF:FE7	4095	4071	1	396.63205413010417	1.4883004464632612	0.32912839399876825	
FF6:FFF	4086	4095	1	468.6226464745106	1.7781377791376414	0.4576069841996783	
DFF:FEF	3583	4079	1	561.4344055056623	2.1117490230325826	0.5197547996424018	
EEF:FFF	3823	4095	1	547.7745835254331	2.077994107964691	0.5497089626743749	
F7F:FFD	3967	4093	1	420.35677180973113	1.593847283903773	0.3486008190338014	
FFF:FF3	4095	4083	1	436.39438723995806	1.6465846701123061	0.3983514334914735	
FFD:FFB	4093	4091	1	462.9823758734214	1.7523124223310853	0.44798721709830713	
DFF:FFE	3583	4094	1	655.7422639571411	2.4852081686922762	0.7086283040429118	
BEE:FFF	3054	4095	1	763.0268687986785	2.8923245528677843	0.6704827976986133	
7FB:FFF	2043	4095	1	364.0574292066774	1.3821756566923482	0.33192267829879324	
FFB:FEF	4091	4079	1	211.16764121134517	0.7946657699067097	0.09319374704095132	
FFB:FED	4091	4077	1	393.1772878131114	1.4783216244224167	0.3228790041430155	
FEB:FFF	4075	4095	1	444.090863950357	1.685123233675721	0.40891392575131535	
FBF:FFD	4031	4093	1	418.62031507822644	1.587287020786763	0.35581813821070857	
FFF:FFA	4095	4090	1	454.8822817016701	1.7206072715013567	0.4327804016790957	
DDF:FFF	3551	4095	1	555.7012482642286	2.1079584202389245	0.500614347581977	
EF7:FFF	3831	4095	1	493.48477887039945	1.8722780946943225	0.44798903199057644	
FBF:FF7	4031	4087	1	305.34650335430564	1.1569827198898908	0.1893909491818342	
F7F:FFE	3967	4094	1	451.5084757096325	1.7121428306152742	0.40213354152423963	
FFD:FF7	4093	4087	1	456.8032310076615	1.730591758086474	0.4361166878286772	
FFB:FDF	4091	4063	1	450.4506029223555	1.6828136069124686	0.42373791148265477	
BF7:FFF	3063	4095	1	543.6975161546118	2.0622743766494844	0.34279866562685624	
7FF:FDF	2047	4063	1	373.2254843032842	1.3951007048365898	0.3499345427383627	
FED:FFF	4077	4095	1	417.93472693876186	1.5859373861405868	0.3625372626277505	
EFB:FFF	3835	4095	1	503.77449115978243	1.911277444887841	0.46776499107476477	
FFB:FF7	4091	4087	1	469.49665820603303	1.778638804405134	0.4602403779564631	
FDB:FFF	4059	4095	1	461.9720230121008	1.7529140505947947	0.43931031788155045	
BFB:FFF	3067	4095	1	945.5131969217019	3.5812769753152773	1.0359269225353978	
BFF:FFE	3071	4094	1	802.1684653245519	3.038345435126222	0.7481857278512694	
CFF:FFF	3327	4095	1	632.2139693552962	2.3976141611169948	0.5673771103176819	
EDF:FFF	3807	4095	1	438.2290681242949	1.6627994061691949	0.349263292934865	
FFF:FEE	4095	4078	1	417.9861474271835	1.5717961055241167	0.36548729437966854	
FF7:FEF	4087	4079	1	451.8601961088731	1.7001445184591504	0.42559181375513216	
FFF:FCF	4095	4047	1	457.5342012289437	1.6948128156882136	0.43792191280109	
DF5:FFF	3573	4095	1	391.0138563036383	1.4837003344179491	0.2510409863721445	
7BF:FFF	1983	4095	1	363.05172402609765	1.3782756749144913	0.30586488625882424	
FEF:FFB	4079	4091	1	465.00742675927876	1.7599651769113678	0.44906905956830045	
DFB:FFD	3579	4093	1	506.68887582174665	1.920768337397293	0.4225776998855732	
FEF:FFE	4079	4094	1	412.67426424638114	1.5650126672088336	0.35373721378225925	
FFE:FFB	4094	4091	1	409.4937987943623	1.5499996024024167	0.35071190763647075	
FBF:FDF	4031	4063	1	371.32449565495693	1.3873470407404924	0.2800453953570987	
EFF:FEF	3839	4079	1	489.0864074285309	1.8399809403759575	0.441751151203324	
EFF:7FF	3839	2047	1	706.5196546392561	2.9726761366295	0.9231043501554564	
FFB:FDD	4091	4061	1	414.95385999074813	1.5491196845380764	0.3596321307974416	
FFF:7DF	4095	2015	1	414.73829987241766	1.5814340656568209	0.36037177146318294	
DFD:FFF	3581	4095	1	588.6985254568363	2.2329493395500304	0.5708250175508943	
BFB:FFD	3067	4093	1	897.2601641370727	3.3966386063935308	0.9332644000836791	
D7F:FFF	3455	4095	1	536.7985802134853	2.0363124323466466	0.44300904211082454	
FDD:FFF	4061	4095	1	328.1006856146669	1.245158412996774	0.221907515255364	
FFF:F77	4095	3959	1	352.9117140634651	1.303837855878186	0.26065697291135714	
EFF:FFB	3839	4091	1	549.7623232227453	2.080253192241606	0.557974888918359	
B7F:F7F	2943	3967	1	837.4033932166752	3.0927621317967384	0.7521128209633405	
F7F:7FF	3967	2047	1	619.5247431817731	2.6067234367488146	0.7579394261246518	
FF7:FFD	4087	4093	1	462.165095996978	1.752293981189949	0.4451776650895035	
EFF:FBF	3839	4031	1	236.84619867969909	0.8603971255907462	0.10373953326443379	
3FF:FFF	1023	4095	1	622.5353565351938	2.3630880767433897	0.5366697840709371	
FDF:FF7	4063	4087	1	426.9416456177034	1.617530490103681	0.37589857826111805	
9FF:FFB	2559	4091	1	1261.2057983038387	4.7575984444239845	1.163391494126907	
9FF:FFD	2559	4093	1	1129.6391015160089	4.271928127817054	0.9347928584777928	
6FF:FFF	1791	4095	1	286.2387224813385	1.0865684586857896	0.18164082455190225	
BFE:FFF	3070	4095	1	1004.2386049404414	3.8025850946239874	1.1703229267066808	
9FF:FBF	2559	4031	1	1273.3448417083848	4.609155534882267	1.1867433318511205	
7FF:7FF	2047	2047	1	426.02576397342534	1.792225831783652	0.45493239846226574	
DE7:FFF	3559	4095	1	659.9462908254443	2.5026589448147893	0.7087361948181365	
DFB:FFB	3579	4091	1	647.9609741036584	2.451080987630942	0.6905642052313734	
9FF:EFF	2559	3839	1	717.58994690833	2.3712535719724115	0.3799686393481104	
5FF:FDF	1535	4063	1	348.3117302060058	1.3018050407043709	0.24522815637323148	
FFF:F5F	4095	3935	1	354.424011287491	1.2949600679639957	0.2629200587876929	
FEF:7F7	4079	2039	1	546.9376644669558	2.290946798088928	0.6218919342679797	
DEF:FDF	3567	4063	1	401.2309698163226	1.4989117709566335	0.26346776441361164	
8FF:FFF	2303	4095	1	1069.073007756451	4.048604384452769	0.8697305910209007	
DEF:FBF	3567	4031	1	446.8684684979465	1.622978288898742	0.3268153912925869	
3FF:F7F	1023	3967	1	527.7335528001506	1.9526577439686341	0.3858653211475895	
77B:FFF	1915	4095	1	404.43428163212786	1.5353960168614054	0.3668814919156144	
EF7:7FF	3831	2047	1	669.201919580901	2.8156926113512406	0.8250424009328816	
FEB:FFB	4075	4091	1	524.4994844846477	1.9848786931599132	0.5702448610790702	
DEF:7DF	3567	2015	1	413.8096008836297	1.57780465818822	0.28081418256866564	
1FF:FFF	511	4095	1	743.5413792500301	2.8225510595542724	0.5894311415468851	
FE7:FFB	4071	4091	1	351.48932718079044	1.3305238692725425	0.2557844604822641	
7FD:7FF	2045	2047	1	511.953472171598	2.1535130422414284	0.6561261093593242	
3FF:FFE	1023	4094	1	531.028038887429	2.0144498229794525	0.39050086272110907	
3FF:77F	1023	1919	1	700.7121930999706	2.742361929019986	0.6788814880008589	
2FF:FFF	767	4095	1	858.6026872953187	3.2590172873706202	0.8470922654549319	
EFF:7FE	3839	2046	1	671.1343592543011	2.8199888294809887	0.8329603717077819	
FFB:FF5	4091	4085	1	397.18634280385163	1.5037009227764166	0.329473454206685	
EFB:FFD	3835	4093	1	324.97497107887136	1.2322847962825285	0.19480638702354122	
F3F:7FF	3903	2047	1	638.7132736578401	2.6874445667682356	0.7813938128493658	
6FF:7FF	1791	2047	1	557.4173760320931	2.3445530116794133	0.6872959654621289	
F7F:FFF	3967	4095	1	369.3886817523867	1.4017720515509822	0.2692419764885646	
FED:7FF	4077	2047	1	707.9957539987457	2.9788819859435924	1.0413245602151013	
1FF:FFE	511	4094	1	858.966945676672	3.258775244599067	0.7866710393133067	
FED:FFE	4077	4094	1	276.7754606535446	1.0497510574375246	0.15907765156576498	
7FF:7FB	2047	2043	1	395.0092505650548	1.6526844564901686	0.39113824161614924	
B7F:FFF	2943	4095	1	1160.835699754425	4.391942023648468	1.4414198492862071	
E3F:7FF	3647	2047	1	671.7011690300055	2.8262020392997615	0.7575220344642204	
3FD:7FF	1021	2047	1	897.9414942881544	3.774977039389282	1.1096081875306074	
3FF:77B	1023	1915	1	606.5620612402771	2.3663338180281173	0.5088206632549408	
3FF:7FF	1023	2047	1	841.6401358080178	3.538669767011078	0.9776985373607233	
77F:7FF	1919	2047	1	505.64606350572035	2.126846733702138	0.5732014677831633	
2FF:7FF	767	2047	1	811.8907038325075	3.4141870555001455	0.7552122086511213	
1BF:FFE	447	4094	1	1054.6422062890035	4.0004855141445335	0.9240046628486454	
FEF:7FE	4079	2046	1	567.1920738859887	2.3833195404547363	0.6687872554619014	
37D:7FF	893	2047	1	1381.610624051882	5.799681985652583	1.90542773044099	
FF7:7FF	4087	2047	1	618.8251863082052	2.6037948273060745	0.7989326829706344	
FBF:7F7	4031	2039	1	638.313135921561	2.6736459096814564	0.8280785366089636	
3FD:7FD	1021	2045	1	818.6744973769725	3.435960844438708	0.9225831576303356	
6FF:5FF	1791	1535	1	411.87092221724544	1.6269398184713701	0.3758466685023068	
7FF:7FE	2047	2046	1	293.3877375941819	1.232600130376046	0.2157959236783099	
37F:7FF	895	2047	1	1281.7930389018175	5.382492136774284	1.643697831553695	
375:7FF	885	2047	1	1306.8358489550662	5.487294471390613	1.6900997734551357	
FFD:7FF	4093	2047	1	545.9802365501828	2.297310343537384	0.6235998677013254	
1FF:FBF	511	4031	1	671.8768588399233	2.4419767861053447	0.4820381112504219	
F7F:7FE	3967	2046	1	616.8140736230357	2.591796191993276	0.7513303410690824	
AFF:7FF	2815	2047	1	562.4772648212981	2.366374111606309	0.3097684750360959	
3ED:7FF	1005	2047	1	1048.0565246266133	4.404513847061513	1.4722349345948607	
1FF:7FE	511	2046	1	1244.1946167670787	5.224317038935913	1.6454869701482653	
2FF:7FD	767	2045	1	1240.1325651787051	5.201593143611739	1.7598725774453288	
37D:7FD	893	2045	1	577.1847073081397	2.4228494551638096	0.3338815050341432	
1EF:7FE	495	2046	1	1082.2501268578856	4.545095184394798	1.1919123296926695	
27F:7FF	639	2047	1	1592.204775379181	6.683013132628118	1.7760627815238315	
B7F:7FE	2943	2046	1	1217.342366847845	5.115180089401766	1.6000318649667506	
3E5:7FF	997	2047	1	909.7893980776879	3.824633334605526	1.091058314119489	
7ED:7FF	2029	2047	1	537.7279061531999	2.261831322453803	0.7158050241872913	
1DF:7FE	479	2046	1	1287.9243538990513	5.407288159429109	1.5557523561000552	
FEF:7FC	4079	2044	1	621.2537167749903	2.605705072112273	0.8023829307947498	
6FD:7FF	1789	2047	1	389.5544439642958	1.6387620670265948	0.33532713471714953	
AFF:7FD	2815	2045	1	1174.463727531154	4.932952299248792	1.3508079505953188	
1FF:7EE	511	2030	1	858.9888246075756	3.5352197855896703	0.7850782225737809	
0EF:7FE	239	2046	1	930.9793135882517	3.9123767654184953	0.9949307674944553	
27F:7FD	639	2045	1	1767.2390037639668	7.399990238689369	2.18600576121657	
1DF:5FE	479	1534	1	1223.1970190431366	4.817113297724688	1.4019437769940775	
1AF:7FE	431	2046	1	1583.861443836032	6.646477889540312	1.9678634974545826	
9FF:7FE	2559	2046	1	1672.6399445400045	7.033058156254287	2.0810106910787396	
3EC:7FF	1004	2047	1	840.1064902172877	3.5322035702651804	0.9464817849471926	
7BD:7FF	1981	2047	1	553.7667908339588	2.3290894476397637	0.7093617914715015	
3DF:7FE	991	2046	1	1123.1818317511027	4.712763640861424	1.6289109123175043	
2FD:7FF	765	2047	1	890.8451879847313	3.745827352960081	0.9057086649630184	
1FF:7FF	511	2047	1	1361.278649535738	5.722749278924612	1.9693229285209382	
0ED:7FE	237	2046	1	1056.5733742341936	4.440315261752979	1.2741714025569373	
0E7:7FE	231	2046	1	1009.5301639059239	4.242442864939118	1.1222509126766909	
1DE:7FE	478	2046	1	1289.5883326261312	5.4142472438463525	1.5602007783814749	
8EF:7FE	2287	2046	1	2113.0274002180367	8.886717048599008	3.0906046470901822	
3F5:7FD	1013	2045	1	758.585762814927	3.1840521136966506	0.7789920211752306	
0EF:7FA	239	2042	1	1061.7191330594956	4.437619911109138	1.2942377342899736	
0EF:7FC	239	2044	1	981.0322961154492	4.115297377629246	1.1048712785938957	
4EF:7FE	1263	2046	1	747.0415699640705	3.1371219604524825	0.9491400234219978	
375:7FD	885	2045	1	1135.5253363334496	4.761726171366078	1.2771425887459917	
0FF:7FE	255	2046	1	905.6967661695869	3.806135521292957	0.9731403539798309	
0EF:5FE	239	1534	1	899.7377371876714	3.547768639149267	0.929287189556607	
0AF:7FE	175	2046	1	1438.4342624911565	6.046976664075968	1.4787538809311243	
0EE:7FE	238	2046	1	1043.1103824460938	4.3837399382056175	1.2522553521565059	
2EF:7FF	751	2047	1	1163.2923400857874	4.889021682104647	1.4971969196052306	
1BF:7FE	447	2046	1	1333.4954273133321	5.598035483499815	1.4717138300413937	
3FF:7FD	1023	2045	1	831.4226312477243	3.4894060985012008	0.9541617879345251	
1ED:7FE	493	2046	1	1092.1700327648002	4.586706550913746	1.207906505055745	
0E7:7FC	231	2044	1	1040.6522903663	4.365323444759628	1.192584324592633	
0BF:7FE	191	2046	1	1513.1309526992054	6.361581431624086	1.696534168897593	
8EF:7FA	2287	2042	1	1854.3021858264167	7.7545763589737104	2.3793534517712067	
0ED:7FC	237	2044	1	1021.5797654810631	4.285391037462557	1.1911566232223998	
0AF:7F6	175	2038	1	1705.3242643769581	7.13801032221172	2.0792738433148066	
08F:7FE	143	2046	1	2352.714017055754	9.892648974050136	2.936450787762572	
0FF:7FF	255	2047	1	888.6412439256624	3.7395047184149486	0.9368020810432043	
0AF:7FC	175	2044	1	1247.235880434822	5.2329400557803325	1.111479060338887	
0AF:7FF	175	2047	1	1957.3691558881385	8.24273872045231	2.7401733915609348	
8EE:7FE	2286	2046	1	1892.3853642251902	7.957550746415122	2.4773372911401723	
0AF:5FE	175	1534	1	1072.5927474858051	4.2281465388422586	0.8199870281729682	
1CE:7FE	462	2046	1	1241.9087731447767	5.214346511128912	1.378280153163719	
0AF:7FA	175	2042	1	1654.592656470879	6.918713049367302	1.9572757213315317	
0AE:7FE	174	2046	1	1244.0999257829271	5.2293156163701235	1.1101986192219904	
0A7:7FE	167	2046	1	1862.9559702047084	7.833330259024924	2.326846086177245	
0AF:6FE	175	1790	1	518.7119887795258	1.8402226600990932	0.19229475916862382	
0AF:7EE	175	2030	1	1515.6838970929641	6.243131907029581	1.6423096855353403	
02F:7FE	47	2046	1	2597.6507902658827	10.92459554137433	3.729599748760537	
0AF:7BE	175	1982	1	814.5768237516301	2.9893683190707474	0.4743038256134873	
8AF:7FE	2223	2046	1	1715.371445544295	7.211771705938252	1.9043238651464487	
0AB:7FE	171	2046	1	1309.232631768462	5.503174566051253	1.1891356222743479	
0BF:5FE	191	1534	1	911.0115903562411	3.5912681660631542	0.613256927465287	
1AF:5FE	431	1534	1	1086.3411255994986	4.279250391579566	0.9260376831796651	
0AF:5FF	175	1535	1	1397.7505711364597	5.519027493864707	1.3919299425134006	
0AF:5FC	175	1532	1	1364.9357072162613	5.366825121206293	1.327583614640366	
0AB:5FE	171	1534	1	1310.0801663443585	5.163808767767647	1.187331334540578	
0AF:5DE	175	1502	1	1083.5373036337605	4.050187902270916	0.8394373397511128	
0E7:0FE	231	254	1	888.3243829431212	3.743048852005215	0.8600014079785119	
0E7:0FA	231	250	1	761.5276659080286	3.107403353781191	0.6331916840767051	
0E7:0F6	231	246	1	718.3027194128728	2.9325810458393167	0.5633352907685736	
0E7:0FC	231	252	1	614.2356790002224	2.552643715406968	0.41250058005194973	
0F7:0FE	247	254	1	707.0168797140269	2.9811718992216387	0.5650664062323769	
067:0FE	103	254	1	1887.6135099890594	7.931237457842193	1.5332414095891398	
0A7:0FE	167	254	1	1377.605970143805	5.792881102319047	1.2443364463957354	
4E7:0FE	1255	254	1	421.58453263014843	1.780512133005442	0.2996373712010672	
0AF:0FE	175	254	1	1227.9429310273476	5.167350076071163	1.0571091524704816	
8E7:0FE	2279	254	1	1426.164578267202	6.025309263138678	1.347172016381893	
0E7:0EE	231	238	1	571.4570941026818	2.3740363059514573	0.3570047228278989	
0C7:0FE	199	254	1	1381.1471785700144	5.803135010258979	1.4376172259444582	
2E7:0FE	743	254	1	922.3782872224992	3.893607948918015	0.9223384411167281	
1E7:0FE	487	254	1	876.1747455144763	3.696812033888841	0.7556504270744625	
0E5:0FE	229	254	1	1035.8507825252004	4.36124288762767	1.1608159226140988	
0E7:0FF	231	255	1	780.6022928848461	3.316366031300637	0.6647860206673922	
0EF:0FC	239	252	1	314.28928812177224	1.3069466864228607	0.11295032239392568	
067:0FC	103	252	1	2080.5435805176076	8.604157485321627	1.8596988385933848	
067:0FA	103	250	1	2207.0501035230845	8.961034071046317	2.0915806686015914	
0E7:0FB	231	251	1	836.3265164770849	3.4380878101666164	0.7629838340220804	
0A7:0EE	167	238	1	1353.3703000178327	5.603252480278482	1.199783780187269	
CE7:0FE	3303	254	1	578.0783923984094	2.4419660239556085	0.47013842135588246	
8E7:0FC	2279	252	1	1511.28398687961	6.290768691342836	1.513140433016283	
067:0EE	103	238	1	2008.6787848954368	8.302013960263611	1.7300559442099699	
067:0FF	103	255	1	2144.433698930535	9.066609054552302	1.9706569729809422	
067:0FD	103	253	1	2763.6521666224503	11.463717149146381	3.248859051124578	
067:0FB	103	251	1	1881.6160888991812	7.712845202933138	1.5259314416612653	
02F:7FF	47	2047	1	2144.142192410219	9.02732783838149	2.5397185269326052	
027:0FE	39	254	1	3942.642931361421	16.516279181027958	4.0907471830046145	
027:0EE	39	238	1	3455.6980040893327	14.275350526750104	3.1493411370011124	
02F:0FE	47	254	1	2062.4354127051943	8.690263284359467	2.3246853659119058	
02F:0EE	47	238	1	1782.8672614351196	7.401093533241128	1.7382953540301498	
027:0FC	39	252	1	2666.026600529004	11.054447042698174	1.8947968640817363	
027:0EC	39	236	1	3090.4201208259155	12.591749432915524	2.534209904648995	
06F:0FE	111	254	1	1458.7679344355843	6.141196566605383	1.222751908319774	
067:0EC	103	236	1	1529.509231077366	6.240235867040473	1.011155027033233	
22F:0FE	559	254	1	1576.8589307918232	6.662186546084236	1.5414632509361519	
427:0EC	1063	236	1	746.836090003555	3.059401806889113	0.7266824355018068	
02F:0EC	47	236	1	1855.1050370249002	7.5819734023631575	1.883144642566135	
02F:7FD	47	2045	1	2016.7533377400196	8.474915495636635	2.246620225567131	
02F:0FC	47	252	1	1553.9030604936868	6.457444655244882	1.3233627004890645	
02F:7FC	47	2044	1	2489.09837210312	10.448375111940635	3.4240449550067082	
02F:06E	47	110	1	525.4670558559066	1.7167169051052993	0.15159915426889164	
00F:06E	15	110	1	407.5269192276916	1.332026623877615	0.1229250569183454	
00F:02E	15	46	1	467.09418954293085	1.4995812222558462	0.1612251975538485	
027:02E	39	46	1	1222.5245247723153	3.902472186691413	0.383737108141134	
82F:02E	2095	46	1	584.3250644322892	1.8765487375764478	0.20986677230278505	
06F:02E	111	46	1	522.0663297802846	1.6755725482546497	0.1585411533083888	
02F:02F	47	47	1	753.6159364174813	2.5880995234495088	0.30689773731242975	
02F:00E	47	14	1	1683.2204300702674	6.800195975625014	1.5421382265014385	
02D:02E	45	46	1	356.0112350612409	1.1424379135236193	0.061525300556675336	
03F:02E	63	46	1	428.4299011491115	1.3747683859781739	0.08818889740836547	
10F:02E	271	46	1	1388.358638402101	4.458655844451335	0.4888666416418262	
22F:00E	559	14	1	2022.9370232772712	8.202613409944234	2.539225116478223	
04F:02E	79	46	1	479.43999192089484	1.539476231472852	0.0984287431212476	
01F:02E	31	46	1	762.0241556934204	2.4461608623188815	0.24408506925330642	
82F:00E	2095	14	1	1816.0165116791475	7.36257077387146	2.0267475188761153	
00F:00E	15	14	1	1097.4569193669204	4.428287006190515	0.8721819799875473	
00E:02E	14	46	1	414.0193670917914	1.3292287350111853	0.1356040693808942	
03F:00E	63	14	1	1783.2929038932157	7.207943558100625	1.5231104747954192	
00D:02E	13	46	1	592.067717028176	1.9006384952684574	0.21947901674322007	
86F:02E	2159	46	1	633.0081637841506	2.032976543744998	0.253273139565959	
007:02E	7	46	1	1191.9315557693753	3.8247899522930155	0.4110327408189465	
42F:02F	1071	47	1	492.3461235796996	1.6956980750676562	0.3182219429717416	
0AF:00E	175	14	1	1391.593902985686	5.641177437924312	1.3843388643193653	
007:00E	7	14	1	3326.9322723406317	13.269830388983396	3.0080996386010495	
04F:00E	79	14	1	2030.9582979049196	8.20823317111772	1.7418929954428468	
047:00E	71	14	1	2879.705454320794	11.670949103436726	2.204782452737587	
407:00E	1031	14	1	730.9226737419301	2.962774707999981	0.6763391860499207	
005:00E	5	14	1	4793.133087560025	19.024376744156758	3.53592672954899	
087:00E	135	14	1	2026.9308632886707	8.216839661115587	2.056821405141785	
8AF:00E	2223	14	1	1601.0632953009301	6.490583112124353	1.659234919524316	
205:00E	517	14	1	1590.2406548658141	6.445939600959696	1.4574625089611868	
004:00E	4	14	1	4225.851226327554	16.78401827061632	3.435030386118409	
006:00E	6	14	1	2569.918188387528	10.30020172475332	2.1218652892244827	
00D:00E	13	14	1	1199.7032636346166	4.840289915718401	0.8817646021797726	
045:00E	69	14	1	3681.9875765647867	14.925464865716421	3.563242063056387	
085:00E	133	14	1	2521.6964171369927	10.224992439588297	3.167103333715382	
046:00E	70	14	1	3346.586563490125	13.564942850770487	3.009339879459671	
27D:7FF	637	2047	1	1604.3023484745252	6.733585163209749	1.7988792661628177	
BFF:FDF	3071	4063	1	604.2942539175503	2.2563517451006994	0.4253473260493191	
7FF:F7F	2047	3967	1	341.149263348325	1.2624506649443874	0.29239622925489267	
FFD:F7F	4093	3967	1	427.84738291961247	1.5824937662776288	0.38272387912315986	
067:1FE	103	510	1	375.24860703050155	1.1715388707765484	0.06216881860008177	
F7F:FFB	3967	4091	1	347.25546514533517	1.4604697398053113	0.2937450448275314	
FFD:FFE	4093	4094	1	324.75833588075915	1.2317171162242593	0.2205252289864769	
0BF:1FE	191	510	1	40.49600628259954	0.12643042686071057	0.0012147458338529042	
7FF:7EE	2047	2030	1	408.11160920219095	1.6798448814922797	0.4175726143297788	
EFF:FF7	3839	4087	1	437.2399097826019	1.656438558409687	0.353117376940074	
FFF:F6F	4095	3951	1	187.9233428203703	0.6893566517013974	0.07395243301965095	
7DF:FFF	2015	4095	1	210.33204189643567	0.7983621449447837	0.10437820604094351	
FFF:FB5	4095	4021	1	260.3647141395067	0.9438087928431238	0.14193120003361082	
7FF:FFB	2047	4091	1	74.86426602772235	0.28338097047527716	0.014070253983193092	
FFF:FBE	4095	4030	1	42.571819310065244	0.15453644845047113	0.003797224671263385	
FFF:F7E	4095	3966	1	134.41365428200845	0.49689680090239974	0.03783774747562972	
77F:FFF	1919	4095	1	159.3020742152316	0.604608220274329	0.05701325598302677	
6DF:FFF	1759	4095	1	94.57642279623387	0.35890810142595503	0.01923056700626567	
5FF:FFE	1535	4094	1	155.8925198927962	0.5912811928381968	0.04910566403940751	
DFF:F7F	3583	3967	1	50.96104220018403	0.18848140441543643	0.0042941477199717306	
0E7:0BE	231	190	1	10.050648330562039	0.033550932431750786	1.113542278979786E-4	
7FF:7BF	2047	1983	1	27.108453199690167	0.09951751829478295	0.0018449637829012773	
BFF:EFF	3071	3839	1	67.05013338649454	0.22175960382742302	0.005263396466683182	
FBF:FBE	4031	4030	1	21.609849956542842	0.07844104820557557	9.498722018073382E-4	
9DE:7FE	2526	2046	1	1.8372066832178444	0.007715462649535183	2.476074362055063E-6	

