BMLVN	12	x2
metabolism	0.9970000
mutations	0.0010000
catastrofic	0.0010000
minWeight	0.1
start biomas	2.0	_
env.size	25000.0
feedSourceH	FFF
feed port max	350000.0
timeQuant	0.01

key	suscepBits	activeBits	maxsize	popBiomas	currincome	currloss
FFF:000	4095	0	1	15073.308341599743	2627.2666015625	1341.2486492236244	
3FF:FFF	1023	4095	1	486.19078928695484	1.5207537961330948	0.4845850375576986	
3FD:FFF	1021	4095	1	488.8467657600245	1.529061450100269	0.48857585101281104	
79F:FFF	1951	4095	1	279.223370058158	0.8734372907987994	0.2648333856492941	
3DF:FFF	991	4095	1	523.493429283124	1.63740521329917	0.5325298112077697	
3FF:FFD	1023	4093	1	456.6050989664431	1.427381001308812	0.42737924276480116	
3FF:FFB	1023	4091	1	496.5351195098596	1.5513687897890163	0.5054428466819126	
3FB:FFF	1019	4095	1	496.09097520256904	1.5517260565683664	0.5018026240713914	
3BF:FFF	959	4095	1	557.9336402465145	1.7450803067156746	0.5708555329908738	
3FF:FDF	1023	4063	1	367.9389054206876	1.1393898848690094	0.27748654797913663	
3BD:FFF	957	4095	1	553.0889783563013	1.7299205826162312	0.5597065570661959	
3F9:FFF	1017	4095	1	490.4984274744869	1.5342232383110643	0.4892256659298239	
2FF:FFF	767	4095	1	685.1748639109791	2.1428475844866712	0.6857775557585832	
3FD:FFE	1021	4094	1	302.8687648989304	0.9468921061235552	0.18746709216915036	
1FD:FFF	509	4095	1	664.8430491656886	2.0796776931584793	0.6866258229232967	
1FF:FFF	511	4095	1	662.3502514791841	2.071886762120774	0.6855402086493546	
3DD:FFF	989	4095	1	437.43076098514814	1.368124841390706	0.37095439565901656	
3FE:FFD	1022	4093	1	459.22668088366777	1.4355779183628756	0.43165513588018983	
3DF:FFD	991	4093	1	494.1422084743024	1.5447068292631798	0.4744652383167139	
3DF:FFB	991	4091	1	525.10392301504	1.6405901697230107	0.5358208411465486	
3FF:FBD	1023	4029	1	436.66376307056356	1.3365943912433205	0.390934488908601	
3EE:FFF	1006	4095	1	495.20704938918743	1.5489095251188485	0.481770153680584	
1FB:FFF	507	4095	1	664.8588105786345	2.0797188504922817	0.683297717344983	
2FF:FBF	767	4031	1	581.5988362221839	1.7810127691018904	0.4942214487424358	
3BF:FDF	959	4063	1	421.5786638278231	1.3054711130173056	0.32589036957608347	
3FE:FDF	1022	4063	1	442.08378069635097	1.369098590923314	0.40005559643311417	
1FF:FFB	511	4091	1	657.0403727705798	2.052952560103832	0.6745991930369887	
1F7:FFF	503	4095	1	693.2915565971716	2.1686338995297105	0.7200651909351367	
3FD:FF7	1021	4087	1	363.16650413646954	1.1333337729903987	0.2695828203716818	
2FF:FF7	767	4087	1	542.7207797939645	1.6935656612192753	0.43022450443519866	
3F7:FFB	1015	4091	1	338.61695986879073	1.0578001600153895	0.23242411574389546	
3BE:FFF	958	4095	1	553.7032938370113	1.7318435152964213	0.56147870476881	
1FF:FEF	511	4079	1	457.468031312305	1.4236238922692264	0.32692170590813174	
2DF:FFF	735	4095	1	734.5582431768283	2.2971577158883782	0.7258844635913905	
39D:FFF	925	4095	1	450.600336760555	1.4092429605869152	0.3583435790320053	
3FF:FF9	1023	4089	1	491.2620169464097	1.5340309219691015	0.4947621834851254	
1FF:FDF	511	4063	1	629.6358498557317	1.950109375686387	0.6195512234671159	
1FB:FBF	507	4031	1	571.0810066814554	1.749356640028678	0.5044851812247131	
3DF:FFA	991	4090	1	520.8012207136555	1.6266817493836643	0.5270733869115997	
1FA:FFF	506	4095	1	666.029888377898	2.083378288523339	0.6835817880643692	
1FF:FFA	511	4090	1	596.988316355174	1.8647033146288154	0.5568611238762885	
3FE:FF7	1022	4087	1	435.2662697103564	1.3584376840221137	0.3877739870374143	
1DD:FFF	477	4095	1	727.3864654516226	2.275219581681019	0.7445767430669666	
1F7:FFB	503	4091	1	679.110611303987	2.1218626794261195	0.6909069372664595	
3EE:FFB	1006	4091	1	379.4078626920226	1.1852538646079533	0.28274042028503094	
1FB:F7F	507	3967	1	554.2714062732937	1.6669567056389296	0.47525183616463407	
1FB:FEF	507	4079	1	630.5778808195279	1.9626245344363553	0.6146613219422795	
0F7:FFF	247	4095	1	1584.7299899078284	4.9585856985858365	1.6500676956736149	
1BD:FFF	445	4095	1	900.8304826002728	2.8173796751462645	0.9287334394970808	
1FD:FFB	509	4091	1	665.5862701252961	2.0796570535764367	0.6881762677777031	
17F:FFB	383	4091	1	1665.3319251609755	5.204903308343424	1.736832912164045	
1FD:FEF	509	4079	1	642.5251397650354	1.9998356867399962	0.6413260915845527	
1FF:F9F	511	3999	1	546.4917671045395	1.6578787627981169	0.46700171532050866	
0F7:FDF	247	4063	1	1535.6486775565454	4.7574085158193045	1.5494367836061456	
0F6:FFF	246	4095	1	1611.6641484892923	5.0429096508219144	1.6933722672542106	
0F5:FFF	245	4095	1	1603.0511005158837	5.015886997614809	1.6611034072699964	
077:FFF	119	4095	1	1596.979515100281	4.996987882882219	1.6864672434653145	
0FF:FFF	255	4095	1	1461.5442766931642	4.573218814367342	1.5470041001655712	
0B7:FFF	183	4095	1	2334.374036295682	7.304317479315855	2.4665108508840214	
0F7:F7F	247	3967	1	1368.2430316646582	4.1151251835945	1.2299842871114248	
0F7:FBF	247	4031	1	1301.617569952028	3.9870507775221395	1.112893305904676	
0F7:FEF	247	4079	1	1548.0504286367677	4.819537224264593	1.574541449747088	
1BF:FFF	447	4095	1	715.866700823119	2.2388096505441033	0.590836547380154	
0F7:DFF	247	3583	1	902.8169454374245	2.5308465393830835	0.5354073293898192	
0F7:FF7	247	4087	1	1584.6047442557183	4.947370172356666	1.6498291794558162	
0F7:EFF	247	3839	1	1161.6789356361585	3.3811854368457857	0.8865671791316178	
0F7:FFB	247	4091	1	1572.4319702879823	4.914501666603685	1.624542252797782	
17D:FFB	381	4091	1	1678.4528544717048	5.245882508813826	1.7410267305555784	
17F:FFF	383	4095	1	1642.6398045926464	5.139720045715119	1.6897626772589707	
1DD:FFE	477	4094	1	655.0229626457517	2.048206044803569	0.6037369646647471	
0D7:FFF	215	4095	1	2165.3899168986277	6.775524531071677	2.2760198338636624	
17F:FF9	383	4089	1	1657.0597479519395	5.176128512352514	1.7196093117109046	
17B:FFB	379	4091	1	1704.0747992843112	5.325999888344005	1.779763759363953	
17F:F7B	383	3963	1	1424.7951125740149	4.280479558568759	1.2712636735308969	
17F:FEB	383	4075	1	1020.5494987997818	3.171180650068411	0.651762528677669	
2F7:FFF	759	4095	1	708.2329252658461	2.2149424195872074	0.7214039812129932	
0F7:FFD	247	4093	1	1486.0094037536574	4.646793889501946	1.4507067098293311	
37F:FFB	895	4091	1	506.32305801981465	1.581750549789624	0.43669792789275785	
0E7:FFF	231	4095	1	1787.5527802747267	5.593125143745507	1.8328034977618035	
17F:FBB	383	4027	1	1535.6812026388106	4.699334433277672	1.4768785473832795	
0EF:FFF	239	4095	1	1706.57423077338	5.339870087262071	1.7886180626496635	
077:FFB	119	4091	1	1369.8965035118124	4.280950551694398	1.2405882499925744	
07F:FFF	127	4095	1	1055.8986332395593	3.303107601889485	0.8503360408315211	
0FD:FFF	253	4095	1	1487.5172204904807	4.65448128449365	1.5720241988274637	
037:FFF	55	4095	1	1910.4277237015115	5.977878194466322	2.0506004541675336	
0BF:FFF	191	4095	1	2006.469081840824	6.278304445742587	2.123303281265082	
077:FDF	119	4063	1	1333.334962361258	4.130120025522524	1.175258819670633	
0B6:FFF	182	4095	1	2326.266142696507	7.278834010812528	2.421472844240474	
4FF:FFF	1279	4095	1	468.5530456835423	1.4655457282733892	0.4773695785914271	
0F5:FDF	245	4063	1	1572.4512297041954	4.871458359668996	1.598328437427087	
077:EFF	119	3839	1	1150.2781798194437	3.3479935331673505	0.8748187720010233	
0B7:F7F	183	3967	1	1924.537925853555	5.788075446630269	1.676252585325185	
076:FFF	118	4095	1	1599.7710151458527	5.005659066128407	1.669042484884552	
075:FFF	117	4095	1	1405.6827963359763	4.397743582372949	1.2687510393296966	
077:FFD	119	4093	1	1580.809074804042	4.943575297443468	1.652457543779474	
1B7:FFF	439	4095	1	949.2998810255258	2.9688571531422068	0.9837184938055554	
077:F7F	119	3967	1	1338.0158971927199	4.024156991919125	1.183745917478955	
077:FFE	119	4094	1	1576.4909083003568	4.931412774249153	1.6434299121207347	
0F7:FDB	247	4059	1	1428.741144157932	4.420955263553958	1.3410326478159516	
0FF:FDF	255	4063	1	1002.4723377917616	3.1047623627652285	0.7273628027282572	
17F:1FB	383	507	1	1479.0211232460763	5.598015197684577	1.3294459569700103	
077:DFF	119	3583	1	779.0229633192065	2.1836476580065423	0.4011372741581589	
277:FFF	631	4095	1	542.7081991159735	1.6969744605655461	0.3230459819905112	
0B7:FFE	183	4094	1	2272.2535065578613	7.107724718791905	2.3368568225893034	
0F7:1FF	247	511	1	1474.0557202299126	5.82926590199426	1.4002556137594817	
177:FFF	375	4095	1	1765.5850602020976	5.524505229731835	1.847347053951385	
057:FFF	87	4095	1	2509.9725613844985	7.85364978894694	2.6135191697832303	
4F7:1FF	1271	511	1	488.6809665910174	1.9409125728778756	0.5164804803364131	
17B:1FB	379	507	1	1231.2374131305176	4.668933198687982	0.9049811462574664	
2F7:1FF	759	511	1	742.6016164771675	2.9484201019883476	0.7919875153385676	
0F7:FD7	247	4055	1	1506.2081556403791	4.655968721507807	1.4905590978472723	
17D:1FB	381	507	1	1484.989993163436	5.620455648669744	1.3220467597348626	
17F:1F9	383	505	1	1370.494202452291	5.115661111825322	1.1440892584632976	
07F:1FB	127	507	1	1196.8894761025217	4.554654722676323	1.0848768955949983	
0E7:1FF	231	511	1	1905.9194457905696	7.519978217711942	2.0302384982603248	
0FF:1FF	255	511	1	1512.6945291201785	5.980598334424198	1.6268601535559761	
0F6:1FF	246	511	1	1660.3115657467354	6.5592119626369625	1.7589588032654504	
0B7:1FF	183	511	1	2434.953392461897	9.588658452303521	2.5965953079256185	
177:1FB	375	507	1	1552.0238534108764	5.871167047629143	1.381845489731572	
0D7:1FF	215	511	1	2239.2482587231807	8.818342920579019	2.3543854113816183	
15F:1FB	351	507	1	1873.1593808597152	7.066950733513668	1.6086455367758257	
17F:1FA	383	506	1	1392.0413545624294	5.2445499768470425	1.1796990748331702	
0F7:0FF	247	255	1	1107.9118042338691	4.129155843527042	0.7839186106837088	
0F3:1FF	243	511	1	1706.0831711672897	6.738542046872644	1.8223799936906933	
0F7:1EF	247	495	1	1175.6926740644258	4.36371246073579	0.895280036553913	
0F7:1FE	247	510	1	1625.2006262462683	6.385930574594174	1.6996568660789566	
0F7:1FD	247	509	1	1533.1690205665484	5.943644522837286	1.5144293607703112	
0F7:F7B	247	3963	1	1185.088723464166	3.5599314849950465	0.9225149040968301	
077:1FF	119	511	1	1636.2536646558967	6.482592674586384	1.7512136740405926	
17E:1FB	382	507	1	1275.1594748154218	4.834319448406953	0.9854639239357273	
17F:1FF	383	511	1	1723.9841892400357	6.785888449612024	1.796843980911694	
0FF:0FF	255	255	1	900.4851181876513	3.361277668938577	0.5743655071313633	
035:FFF	53	4095	1	2134.923793707458	6.680287305722584	2.2733738773373506	
137:FFF	311	4095	1	2643.8418201560958	8.272634029061997	2.788282030142038	
0FB:0FF	251	255	1	1070.089611876355	3.989265704407739	0.76188826740449	
07F:0FB	127	251	1	623.8096382913278	2.2616682617831274	0.2944556470573383	
077:0FF	119	255	1	1111.6433399515827	4.153982319492418	0.805375797044856	
17F:0FF	383	255	1	1135.049397983256	4.247952572533016	0.8014364399231645	
037:FF7	55	4087	1	1894.0004817418987	5.913484704458371	2.0154774079385125	
037:1FF	55	511	1	1973.0035931786947	7.823409414717965	2.1703665868697324	
0E7:0FF	231	255	1	1284.3711774834844	4.780580579071605	0.9137691222561101	
077:F9F	119	3999	1	1398.0049602962958	4.241388685359456	1.2923048218563695	
036:FFF	54	4095	1	2102.9554759402267	6.580294544137603	2.2514501378195964	
077:0FB	119	251	1	844.0406418749201	3.0586166493804705	0.46589355466999377	
037:FFE	55	4094	1	1896.9571092205008	5.933999255008672	2.0217574823113096	
017:FFF	23	4095	1	2478.581984455354	7.755672463557049	2.658844594168339	
037:0FF	55	255	1	1340.5255034952097	5.013413386650316	0.9994417770362755	
037:0FB	55	251	1	1085.544396912994	3.9355972675844924	0.6569553577307979	
037:07F	55	127	1	1777.792469699972	7.0059810563020815	1.7335847797571133	
03F:0F3	63	243	1	787.2363768128705	2.8623633682958576	0.4469609440344864	
017:FFE	23	4094	1	2431.463232368573	7.605921615940888	2.5586146581478912	
015:FFF	21	4095	1	2830.8271862232123	8.85657483838134	2.6196236797496217	
017:FEF	23	4079	1	2425.4474214637453	7.5513778557342155	2.546031331645955	
117:FFF	279	4095	1	3296.9159994000897	10.316049741868133	3.455702972981388	
036:FF7	54	4087	1	2074.6417693336907	6.477435079724496	2.1911991780214573	
017:EFF	23	3839	1	1790.589173264762	5.211753616435814	1.3874244470049337	
137:FF7	311	4087	1	2613.4323265372313	8.159532724830184	2.724480509623773	
137:07F	311	127	1	2403.7868631471115	9.525190084289836	2.3006434427164684	
037:07E	55	126	1	1685.7193145187534	6.569591946937879	1.5614066683945143	
027:07F	39	127	1	2768.268849146961	10.865518449320936	2.6168880289754983	
017:07F	23	127	1	2297.560082471827	9.06943243497464	2.245335252590566	
017:FF7	23	4087	1	2159.7249978686764	6.742264159269138	2.01822515736913	
237:07F	567	127	1	1004.7000625074896	3.981135458483904	0.9449407556795959	
007:FFF	7	4095	1	1946.435862225808	6.09021169226479	1.9805364536811751	
03F:07F	63	127	1	1304.4929795767014	5.151466129807163	1.2134215472652143	
016:FFF	22	4095	1	2829.771684311658	8.85459426548768	3.042760395982803	
077:07F	119	127	1	1451.840045736597	5.7071542312471	1.3453794685575904	
037:03F	55	63	1	1184.1548243136467	4.3979749763475295	0.7630531344395977	
0B7:07F	183	127	1	2179.349212365214	8.614517575959512	2.1243422950928803	
417:FFF	1047	4095	1	572.3822301336634	1.7901765257140743	0.5869298613473635	
027:03F	39	63	1	1861.969858090858	6.887910189811521	1.1669019864277466	
017:03F	23	63	1	1539.7655471293308	5.727559637212527	1.0027193610558645	
036:03F	54	63	1	1309.4486577245625	4.858181675308802	0.8403823335265671	
097:07F	151	127	1	3318.781821304519	13.151292355965671	3.2687193585842933	
00F:FFF	15	4095	1	1896.9405169939678	5.935509966957319	1.98295263894612	
026:03F	38	63	1	1841.862746215266	6.81617219314824	1.0740025357730627	
007:EFF	7	3839	1	1397.0490372875347	4.066120702703951	1.0201549733777127	
013:03F	19	63	1	2504.4275986612583	9.274894546746607	1.6255966587635544	
077:03F	119	63	1	929.9905111411766	3.4668506975109485	0.5655347418880319	
007:F7F	7	3967	1	1685.1403227930439	5.068133738667876	1.4844362193249276	
007:FBF	7	4031	1	1773.9753876529899	5.434345378884573	1.645039830149863	
006:FFF	6	4095	1	2528.156796439812	7.910564880276533	2.6379130435505527	
007:03F	7	63	1	1193.5223352707426	4.452933988095021	0.7401618664789118	
007:FEF	7	4079	1	1934.7003889910359	6.023258257153792	1.9567634936674467	
107:FFF	263	4095	1	3463.3563306453966	10.836764780311977	3.605535560616081	
117:03F	279	63	1	2043.5853783636928	7.629818685044569	1.3250560660540438	
01F:03F	31	63	1	1142.4020863638198	4.253530699881658	0.7442098840806284	
007:DFF	7	3583	1	1006.8397065088998	2.822263132228192	0.5297605826846283	
017:01F	23	31	1	1791.6360577355217	6.888128001358416	1.3180971027256467	
005:FFF	5	4095	1	3364.400979168212	10.527066048588333	3.4801705662618856	
107:03F	263	63	1	2200.047720212875	8.214072984957557	1.452057694660904	
015:FEF	21	4079	1	3222.7929543741134	10.033871181632188	3.3962657168530592	
007:FFE	7	4094	1	1987.433336873592	6.216858143208119	2.0649385708405283	
207:FFF	519	4095	1	1149.7852182934687	3.594469635198006	1.1643613063933902	
013:01F	19	31	1	2822.10362709906	10.736941429164183	1.9397762454979255	
046:FFF	70	4095	1	3043.9488309903077	9.52336126798404	2.8201722722896863	
117:01F	279	31	1	2407.892720111318	9.349024032096908	1.8394745481224268	
002:FFF	2	4095	1	4225.770677062759	13.222104303821439	4.322885139377805	
007:01F	7	31	1	1283.8593629536672	4.976677895263123	0.852127288862523	
406:FFF	1030	4095	1	584.01850906696	1.8265610250620217	0.6020454679455731	
006:FF7	6	4087	1	2131.8904393199964	6.655005909921918	1.8751949521924394	
037:01F	55	31	1	1110.0179763842252	4.302427059500736	0.6838277235162793	
006:FEF	6	4079	1	2415.3459348481965	7.519531560727709	2.4076001384394603	
015:01F	21	31	1	2329.8083339884747	8.908793462179535	1.634124295220121	
006:FBF	6	4031	1	2304.339376319103	7.059213665810188	2.1914018184773956	
004:FFF	4	4095	1	3881.4079217536255	12.143792715866503	3.705043960432937	
006:FFE	6	4094	1	2506.157872090183	7.83943544590451	2.592162456372871	
005:EFF	5	3839	1	2427.0413941624483	7.064032248928811	1.810834398191306	
007:007	7	7	1	1199.6432508801101	4.641370072674226	0.7229901868530135	
006:007	6	7	1	1644.2965858977377	6.338944175909791	1.0524189162958617	
107:007	263	7	1	1617.0766430437998	6.2927257118031275	0.7839557178558574	
003:FFF	3	4095	1	3319.6001594829245	10.386758196870087	3.3927504765738115	
087:007	135	7	1	2918.368929379472	11.35926253006947	2.1010017372527825	
002:FFD	2	4093	1	4243.4293356535545	13.269999234044871	4.35914203431899	
005:007	5	7	1	2227.808112916743	8.54476603352465	1.396266676477367	
00B:FFF	11	4095	1	3237.9628581722814	10.131669865983676	3.4210240721147342	
086:007	134	7	1	2562.4529985560575	9.973002966378598	1.6084589481650966	
187:007	391	7	1	1280.212901920736	4.982522333411118	0.7947599845121921	
083:007	131	7	1	2958.204785551343	11.514341984649475	2.136140961249312	
00A:FFF	10	4095	1	4155.288024068237	13.0020835800834	4.415705290532834	
103:FFF	259	4095	1	3506.6848353360233	10.972427623707633	3.679175411911806	
00A:FFD	10	4093	1	4122.7550761587045	12.892975781973565	4.346775322796793	
00A:FDF	10	4063	1	3876.56489871801	12.009308249634449	3.8428816855124737	
003:FFD	3	4093	1	3312.6681324179913	10.359258402336058	3.378593137350123	
087:00F	135	15	1	5672.426660392736	25.392314575840555	7.93901828619969	
00E:FFF	14	4095	1	2214.9669185006933	6.930692048254171	2.3411683999981427	
042:FFF	66	4095	1	3556.9271446769285	11.129501758066294	3.688824076064609	
002:FDF	2	4063	1	4051.6733128042015	12.551649792119735	3.973937395712229	
00B:FFD	11	4093	1	3216.9125724677833	10.060113143835029	3.376653411206579	
01A:FFF	26	4095	1	2642.925770199009	8.269932544086988	2.8402154379616986	
022:FFD	34	4093	1	4007.0277403760906	12.531146199989568	4.2508477274886145	
006:FDF	6	4063	1	2413.9173758486286	7.478172228465084	2.4048238116046705	
056:FFF	86	4095	1	2540.904426171593	7.95040450283126	2.635965321795707	
002:FDD	2	4061	1	3348.4778579320655	10.365702294939696	2.7133200116876424	
02A:FFD	42	4093	1	2983.399894952485	9.329966166130712	3.165974739704943	
187:00F	391	15	1	2887.4596987095915	12.92557382657147	4.044578180937876	
014:FFF	20	4095	1	3621.762745873456	11.33282407712144	3.9017372330356337	
402:FFF	1026	4095	1	567.268170484503	1.7741615917021798	0.566023999899923	
00A:FDD	10	4061	1	3984.516465933725	12.337216681884005	4.060126586589817	
00E:FDF	14	4063	1	2095.9522233200228	6.493160342279895	2.0962282028334522	
003:FDD	3	4061	1	3172.1942885737703	9.821617741023006	3.0980537470548284	
002:F5F	2	3935	1	3431.1683027028	10.231403488635445	2.8497481309962693	
00B:FDD	11	4061	1	3105.7434458822727	9.616227293814166	3.1472737947437595	
003:FDF	3	4063	1	3200.4635640653532	9.914737942806628	3.1535608304845555	
002:FF5	2	4085	1	3992.1513784310914	12.456187223544157	3.8577518059174767	
106:007	262	7	1	2395.044937230483	9.322275508593775	1.7149690011675711	
002:F7F	2	3967	1	3585.4257367547693	10.783186278322228	3.1118173665020548	
022:FFF	34	4095	1	4023.0340111561	12.588285146823587	4.28489725266529	
106:003	262	3	1	3041.6347501570585	12.39299873736138	2.7660039170705426	
107:003	263	3	1	3034.5533902591046	12.364156127929498	2.7620431687119527	
177:FFB	375	4091	1	1757.3195610656717	5.492397248678176	1.8300860862915975	
04A:FFF	74	4095	1	3172.0070546519532	9.925075674035382	3.2817805927967583	
002:FF7	2	4087	1	4065.4899831639323	12.692339357157474	4.000920687178155	
00B:FDF	11	4063	1	3107.490348626033	9.626989761784257	3.1508080429725136	
02A:FFF	42	4095	1	2996.9176658157385	9.37752169824311	3.194749255442694	
006:FDD	6	4061	1	2411.4451112206175	7.466355581956049	2.399903813556546	
016:FFE	22	4094	1	2798.169516562963	8.753120195019273	2.9751123151614443	
00A:FF7	10	4087	1	4103.226104637202	12.810982639642262	4.305693500797753	
004:FFE	4	4094	1	4104.232723373204	12.838006627651211	4.143115335588345	
002:FD5	2	4053	1	4009.5253804924596	12.387055913093747	3.8916754985226807	
034:FFF	52	4095	1	2190.9151965215415	6.855501663259295	2.3376021638084974	
40A:FDF	1034	4063	1	558.2050236537842	1.7285615678302981	0.5507903155588851	
00A:FF5	10	4085	1	4078.8957549606203	12.727817615512212	4.254745133617632	
046:FDF	70	4063	1	3260.0879508178514	10.099520335680111	3.235515396833051	
002:FD7	2	4055	1	4044.092927369726	12.500908923064696	3.959120292342161	
00A:FD7	10	4055	1	3942.110851708098	12.186020324618536	3.9741197217435897	
106:002	262	2	1	4130.752432156577	18.289183038558637	5.1012083320109864	
047:FFF	71	4095	1	3341.5924488158985	10.455653444168949	3.441914762720965	
00A:FD5	10	4053	1	3936.6504413705406	12.162353067921972	3.9631204534127975	
00E:FDD	14	4061	1	2120.0917249773843	6.564370125491365	2.1448483229335125	
005:FFE	5	4094	1	3365.9871651592407	10.52904715980935	3.4834624544928903	
007:00F	7	15	1	2679.0850156617225	11.84921221215521	3.6013147838403508	
043:FFF	67	4095	1	3491.5185086964534	10.924777444335497	3.6007873076044983	
014:FFE	20	4094	1	3624.7795795342136	11.339057257564852	3.908253976462888	
042:FDF	66	4063	1	3429.4115172949323	10.624151282989741	3.429034440041464	
04A:FDF	74	4063	1	2938.329533319775	9.10242595673553	2.8158081030898603	
00E:FF7	14	4087	1	2182.385611602424	6.8137320693228585	2.2727601507045345	
00B:FF7	11	4087	1	3184.692866507015	9.943061645114163	3.309317123254427	
00C:FFF	12	4095	1	3173.1368681548083	9.928822123750212	3.350756625471527	
043:FDF	67	4063	1	3353.9712155933403	10.39034523474238	3.322607825856423	
003:FF7	3	4087	1	3080.3199085229608	9.616323901163994	2.9208825630208124	
003:FF5	3	4085	1	3275.602922047331	10.220863943524353	3.3033803542582825	
016:FEF	22	4079	1	2767.6177907103297	8.616706101457495	2.9105179965676538	
00B:FF5	11	4085	1	3198.4651406107837	9.980520408741096	3.3380430538674304	
04B:FFF	75	4095	1	2949.136971733213	9.227699720246212	3.0432051500808	
117:FF7	279	4087	1	3251.539655276197	10.151712058540456	3.361183215939018	
015:FFE	21	4094	1	3287.0837268216155	10.282640839819276	3.533164071128448	
04E:FDF	78	4063	1	2672.8261020433074	8.280197782803645	2.643877220165354	
042:FF7	66	4087	1	3501.585613093816	10.932247403271786	3.574863425080852	
887:00F	2183	15	1	316.0472500511188	1.4144543456405831	0.37181962233836074	
043:FFD	67	4093	1	3465.130499857546	10.836072039154459	3.5465225453459723	
014:FEF	20	4079	1	3559.1104812806325	11.081018400176733	3.7678914344624013	
00B:FD5	11	4053	1	3077.524760170056	9.508044381769897	3.090326427981483	
00B:FD7	11	4055	1	3092.3515269208115	9.559216662558846	3.12019442562053	
023:FFF	35	4095	1	3908.9337768212204	12.23124204551632	4.157766411056632	
003:FD7	3	4055	1	3107.2655245631963	9.604818237649257	2.972440398767388	
003:FD5	3	4053	1	3175.5701238091806	9.810697812232357	3.104699420677406	
04B:FDF	75	4063	1	2833.389497979929	8.777629431775546	2.808960698833022	
04E:FFF	78	4095	1	350.85196910002304	1.0968114449248072	0.04547544454747729	
002:BF7	2	3063	1	3.994141958885605	0.010016916425082017	3.858875639186495E-6	
042:FF5	66	4085	1	2.036596552173124	0.006348413025606014	1.2068640117205117E-6	
0F3:FEF	243	4079	1	1.2082743654729378	0.0037579063490388565	9.325828220068677E-7	
016:FF7	22	4087	1	2.9408668130853957	0.009172309772834073	3.279381204295434E-6	
3DD:F7F	989	3967	1	2.5460873775612773	0.007650788193939835	1.2560317245129416E-5	
00D:FFF	13	4095	1	7.593331541318448	0.023734803996926426	2.36772649996137E-5	
087:40F	135	1039	1	3.0222346860376095	0.0024351872863075507	2.2638966691496484E-6	
2F7:FFB	759	4091	1	2.307338065316578	0.007203991232744891	7.652532947306994E-6	
17F:F3B	383	3899	1	2.939738622497794	0.00867499906015014	5.4028326762625486E-6	
117:FD7	279	4055	1	5.823334146904023	0.01798329582653555	1.0759475601557914E-5	
013:FFF	19	4095	1	4.577214058623892	0.014307168687216593	5.682337000616129E-6	
205:FFE	517	4094	1	1.701296131819765	0.0053162978464122495	2.5446079651840663E-6	
9FB:FEF	2555	4079	1	1.8011243531586698	0.005601794863737711	1.4351673985942813E-5	
00A:FBD	10	4029	1	1.7088709058017826	0.00522721752925452	7.453410103274476E-7	
00A:FE7	10	4071	1	1.4552581827972788	0.004515229397625216	5.404785698964836E-7	
066:FDF	102	4063	1	1.0874515322031184	0.00336551914158345	6.017721017317001E-7	
40A:FD5	1034	4053	1	1.1079924404422914	0.0034197370484791074	2.1686265574302055E-6	
003:F9D	3	3997	1	1.2680731892802208	0.003841559563670362	4.94160889848291E-7	
014:FFC	20	4092	1	5.2952966604865255	0.016537775829780946	8.322807243675155E-6	
007:F3F	7	3903	1	1.4172468269982377	0.004186869158394383	1.0482443711866644E-6	
506:002	1286	2	1	3.2210081199139666	0.01424379449100047	2.3266186256486394E-5	
077:F8F	119	3983	1	1.1260270466977826	0.00339846285731632	8.368680277310951E-7	
106:FFF	262	4095	1	1.435262532715676	0.004486249992455342	6.159364558322489E-7	
037:0FE	55	254	1	1.0725008230088935	0.00397784244506165	6.441352161192361E-7	
087:807	135	2055	1	2.271051043869915	0.003497664135127817	1.2764892987618264E-6	
107:01F	263	31	1	1.4219709334833943	0.0055168273673421656	6.056210437710842E-7	
0F3:3FF	243	1023	1	1.4635487917543828	0.0036080442160120814	1.3700204931293607E-6	
0F7:9FE	247	2558	1	1.5701712638376455	0.003597638158541833	1.6192337543766918E-6	
1DF:FDF	479	4063	1	1.672713170807764	0.005176836092336283	3.952211995283013E-6	
802:FF7	2050	4087	1	1.062627591095204	0.003314252386608001	3.967240541210438E-6	
023:F7F	35	3967	1	1.4432393865025526	0.004336798899949374	5.657243598679404E-7	
077:F7B	119	3963	1	1.6776651173457013	0.0050356971413936325	1.857738237920472E-6	
02A:FBD	42	4029	1	1.151304678064285	0.003521693657224384	4.7054749926954846E-7	
803:FFD	2051	4093	1	2.5646865682894058	0.008012121850092294	2.3119296415001478E-5	
01F:FFF	31	4095	1	1.4513476364103752	0.00453652962111449	1.2199710291089318E-6	
002:F7D	2	3965	1	1.4161569093630006	0.004253086727011407	4.846250362126052E-7	
0C7:00F	199	15	1	2.3806431626897964	0.010641983029125696	2.43360270904194E-6	
106:017	262	23	1	1.5830777529700677	0.00566924587845507	7.486555269345973E-7	
036:07F	54	127	1	1.6348434653782906	0.006472022399181225	1.3554863056979155E-6	
01E:FDF	30	4063	1	1.557505722973777	0.0048202762861678915	1.311681973856737E-6	
80B:FFF	2059	4095	1	3.026541688916455	0.009460262877418172	3.227447340803945E-5	
026:FDD	38	4061	1	1.726109184179258	0.00533911279242701	9.962447507156844E-7	
236:03F	566	63	1	1.487638257129572	0.00555058439575026	2.065558552696304E-6	
37F:0FF	895	255	1	1.0564013670107746	0.003954416059639265	1.8973468771893734E-6	
1BF:7FF	447	2047	1	1.2860342309255508	0.0028885617263915667	1.9090968593592582E-6	
012:FFF	18	4095	1	1.1106459691726343	0.0034715841660611737	3.00428891440604E-7	
107:002	263	2	1	1.9056257465214792	0.008426914945553324	1.0864836366403385E-6	
04A:FD5	74	4053	1	4.227521568141091	0.013047926365981686	5.81771937709918E-6	
17F:EBB	383	3771	1	1.2358959339119042	0.003527217610327211	9.551051301263798E-7	
0FF:17F	255	383	1	1.4049191517940138	0.004685670189337491	1.4258397660945297E-6	
137:0FF	311	255	1	1.5043651560788935	0.005631267445727932	8.997531468422405E-7	
007:003	7	3	1	1.2808785460374414	0.005214155843953779	8.54298786645139E-7	
00C:FFE	12	4094	1	3.570587074621847	0.01115755111046093	4.233819631393318E-6	
037:4FB	55	1275	1	1.024112021691541	0.001356821766841996	5.901320586572348E-7	
177:FF7	375	4087	1	3.722410688018486	0.011609890239905427	8.194491230818705E-6	
08F:007	143	7	1	1.4681555062072265	0.005710453128267736	6.031614661755031E-7	
046:007	70	7	1	1.4535868102309348	0.005653787736898665	6.409402662404947E-7	
412:FFF	1042	4095	1	1.6636970138650529	0.00520028872379998	4.934039332107108E-6	
107:103	263	259	1	1.684583558999797	0.004394219968259113	8.520610018647692E-7	
106:083	262	131	1	1.4389839899679941	0.003201865188186381	6.202505683978328E-7	
00B:FFC	11	4092	1	1.5467243824655443	0.004830579948263653	7.789803984954416E-7	
187:20F	391	527	1	1.3355555102052483	6.897246123560952E-4	8.697332896506503E-7	
422:FFF	1058	4095	1	1.7743542974378288	0.005546176053246022	5.628353214328694E-6	
00E:FD7	14	4055	1	2.5300632480355514	0.007813195249421843	3.0484549419574755E-6	
00A:FF3	10	4083	1	3.7976206297939243	0.011831036126189893	3.680535728459856E-6	
0C3:FFF	195	4095	1	1.0599858585700108	0.0033132347067785866	4.742765164603319E-7	
0E7:1DF	231	479	1	1.302954092619551	0.004790639690296264	9.707002229314743E-7	
026:FEF	38	4079	1	1.864310598765045	0.005798272146434901	1.1621209613483643E-6	
087:017	135	23	1	1.320277543224693	0.004728117052817504	4.296567307692895E-7	
00E:DDD	14	3549	1	1.4573973941420244	0.003934802893001776	1.0123012115238254E-6	
0F7:FD3	247	4051	1	1.6443772637861418	0.005072387559415975	1.7730848088810688E-6	
012:01F	18	31	1	1.5279056041519032	0.005927822256806035	5.676792802400109E-7	
186:003	390	3	1	1.746811561514671	0.007110861030692459	1.4730933773930912E-6	
002:7D5	2	2005	1	1.4070238697035182	0.0028712873578129825	4.79315752120311E-7	
3FE:DDF	1022	3551	1	1.8586018285384809	0.005021344399467781	7.0696789203516415E-6	
17F:3FA	383	1018	1	1.1047069446213496	0.00266355769537537	7.637680709950857E-7	
08B:FD7	139	4055	1	1.097887151061995	0.003390428599073637	3.1131758881178526E-7	
036:FFD	54	4093	1	1.1787244501563559	0.0036823231963737805	7.058333244454478E-7	
017:11F	23	287	1	1.7102522064719112	0.004464733993650389	1.2645216553805647E-6	
03F:05F	63	95	1	1.8097110560460248	0.00709019924177195	2.3649625809695584E-6	
007:F7E	7	3966	1	1.9929140643310825	0.005986896989876437	2.072553006963676E-6	
246:FFF	582	4095	1	1.1313340124699047	0.003536252458904002	1.2591383976135348E-6	
010:FFF	16	4095	1	1.5727950843413026	0.004916139785232328	5.193675177808841E-7	
102:003	258	3	1	1.0541520602173637	0.00429120404762106	3.3008674107745417E-7	
0CB:FDF	203	4063	1	1.7074837568017016	0.0052844382590001475	1.3067239341972906E-6	
1FF:FED	511	4077	1	1.327392388391619	0.00412609108590255	2.750072291830241E-6	
17D:FFF	381	4095	1	1.0480341784485208	0.0032758775736999334	6.773883492094833E-7	
837:07F	2103	127	1	1.9290249793939527	0.007636675061781167	1.3283028570316368E-5	
01F:01F	31	31	1	1.3907679835012434	0.005395771127040353	1.118520823149396E-6	
002:FB7	2	4023	1	1.2167903878873634	0.0037161947456716637	3.5774241721340916E-7	
0FD:FEF	253	4079	1	1.1684149824667853	0.0036339381633553264	9.678967267440118E-7	
00D:EFF	13	3839	1	1.8881488657828462	0.0054914763729178775	1.4646236057035965E-6	
03F:03F	63	63	1	3.8769513372384603	0.014465461886731968	1.0857146086010635E-5	
00B:FEF	11	4079	1	1.6584659693100239	0.0051580655300689495	8.956226855730124E-7	
087:02F	135	47	1	1.967774907224851	0.006038780422909889	9.55404440931298E-7	
016:F7E	22	3966	1	1.6078214153279788	0.0048300412123137675	9.804289089027457E-7	
077:5FF	119	1535	1	1.787929546025866	0.0037225446502803395	2.1138452565122832E-6	
107:FBF	263	4031	1	2.057166674631144	0.0062960484062998265	1.2696104493969372E-6	
0CE:FFF	206	4095	1	1.5982329226964218	0.0049956536812526915	1.1593455609493066E-6	
035:FFE	53	4094	1	1.5325534711851432	0.004788998592135363	1.1690071303856092E-6	
007:107	7	263	1	1.052141686005412	0.0027783958690664823	5.780855407291923E-7	
077:FEB	119	4075	1	1.6429464330339525	0.005101928231423647	1.7812736573875115E-6	
177:17B	375	379	1	1.9482116362295683	0.006316244258751937	2.2439626623772095E-6	
076:03F	118	63	1	1.646522373953905	0.006143401066239822	1.7621869414592926E-6	
006:FED	6	4077	1	1.5724637480934989	0.0048878685046792915	1.0184184229421401E-6	
043:FBF	67	4031	1	1.6573608153125812	0.005072424471499209	8.097805329559337E-7	
010:FEF	16	4079	1	1.6660799899214924	0.005181745236638891	5.828217587453948E-7	
007:F7D	7	3965	1	1.5031179258187644	0.004514255218026225	1.1790035443869175E-6	
023:FD5	35	4053	1	1.1030343852476077	0.003404428755084453	3.303964337802891E-7	
0B7:DFF	183	3583	1	1.6760962030740465	0.004695790085218228	1.2697191500475712E-6	
11F:FFF	287	4095	1	2.026836942112101	0.006335356417875934	1.4246560262811637E-6	
007:EBF	7	3775	1	1.6198747076929845	0.004628407698560841	1.369678715005735E-6	
005:107	5	263	1	1.681313815759203	0.004439853746349024	8.68178361206734E-7	
003:FFC	3	4092	1	1.023328421086652	0.003195959716494521	3.2175727995888E-7	
016:FEE	22	4078	1	2.076373023605827	0.006455995667543662	1.63478273365414E-6	
036:FF6	54	4086	1	1.029754570501743	0.003210801708427123	5.387039323604628E-7	
106:402	262	1026	1	1.7928310659349693	0.001427236897401407	9.655470486068223E-7	
023:FFE	35	4094	1	2.052810431167048	0.006414721859069285	1.1442522730324178E-6	
007:DEF	7	3567	1	1.961395510621592	0.005324077820178478	2.0086783505285252E-6	
014:FFA	20	4090	1	2.0690378252757275	0.006458117780897801	1.2706526029924897E-6	
1F7:EFF	503	3839	1	1.1917006211201342	0.0034659356059220706	2.12598787354451E-6	
277:1FF	631	511	1	1.4755410597779153	0.00585430258520338	2.384065981038686E-6	
1FF:FF8	511	4088	1	2.0506690766815225	0.006397222654295507	6.563379181814074E-6	
046:DDF	70	3551	1	1.2424528884362036	0.003356696656295834	4.693831376372215E-7	
7FF:FFB	2047	4091	1	1.979588102280543	0.00618071078770766	1.4085191347004188E-5	
205:007	517	7	1	1.0398420718622963	0.004044511878119666	9.491448014846127E-7	
157:FFF	343	4095	1	1.6724765734622935	0.005227719827540198	1.2509436474383736E-6	
076:07F	118	127	1	1.7351828801207139	0.006869248321749292	1.9561359973996588E-6	
005:AFF	5	2815	1	1.9224570103879475	0.004126695060777731	1.1361970713725817E-6	
0F5:EFF	245	3839	1	1.6975821730712786	0.004937235371704802	1.8597578483673228E-6	
037:FFC	55	4092	1	1.7164914607932178	0.005360782514345471	1.651875127625406E-6	
802:FDF	2050	4063	1	1.961233823113279	0.00606979843913552	1.3514744003026035E-5	
0BF:FFE	191	4094	1	1.9868288816740662	0.00620854252695269	2.077560915375968E-6	
0F7:BEF	247	3055	1	1.5121515605146858	0.00372618200010533	1.5012603272001485E-6	
17F:F7A	383	3962	1	2.040793470234057	0.0061240029221115285	2.60350493453498E-6	
017:FFC	23	4092	1	1.718731466354247	0.005367777108434628	1.2757832435897838E-6	
00A:F5D	10	3933	1	1.945503767795531	0.005793304037613333	9.66209131630259E-7	
04A:FFD	74	4093	1	2.025862115618133	0.006328773031504202	1.3358805180065057E-6	
00B:F57	11	3927	1	1.5751844220396625	0.004683170057022247	8.081533782178408E-7	
1FD:DEF	509	3567	1	1.5613264449746609	0.004238122826429776	3.7853282267163816E-6	
07F:3FB	127	1019	1	1.7612397217753544	0.004264497996534023	2.3653584421970525E-6	
0B7:17F	183	383	1	1.9714116244874182	0.006575028557902614	1.7546926250892332E-6	
517:FFF	1303	4095	1	2.04357435492866	0.006387698320204692	9.528649413974681E-6	
116:FFF	278	4095	1	1.978176790872125	0.0061832571740661054	1.2377114978145396E-6	
414:FFE	1044	4094	1	1.8114275111469327	0.005660451865940327	5.862081854123634E-6	
085:FFF	133	4095	1	1.8541411256592608	0.0057955534991748145	8.365466324944604E-7	
002:FF9	2	4089	1	2.039711794232333	0.006364829867940707	1.0051226039836135E-6	
143:FFF	323	4095	1	1.9671964015445986	0.00614893646447566	1.5779666956499252E-6	
106:022	262	34	1	1.9662574982546714	0.0041278169733407815	1.158364687062324E-6	
0F7:F9F	247	3999	1	2.034229943979653	0.0061659487683931365	2.7137725114645833E-6	
016:EFF	22	3839	1	2.030144115656622	0.005904454137427489	1.5634265602466115E-6	
027:13F	39	319	1	1.5958174900951896	0.0044985583296791665	9.045561341979285E-7	
804:FFF	2052	4095	1	2.037031096080576	0.006367261601459394	1.4594946300775713E-5	
085:007	133	7	1	1.4317700032698712	0.005568929821350699	4.980664004107782E-7	
00B:FFE	11	4094	1	1.7551247750007133	0.005484499321859682	1.0030329550634866E-6	
00A:F9F	10	3999	1	2.034247937395117	0.006165998299092622	1.0562542632376096E-6	
047:FEF	71	4079	1	2.03669046133222	0.0063343981512940985	1.2760443573974518E-6	
4F7:FD7	1271	4055	1	2.032700173785003	0.00627728724195975	8.933076605064342E-6	
137:DFF	311	3583	1	2.024338988503065	0.005671435444066262	1.632306216924919E-6	
80B:FDF	2059	4063	1	2.0340082629000413	0.006295028885960942	1.4577935457452624E-5	
0C7:1FF	199	511	1	2.0206925726821736	0.008017219707893493	1.7550353651509726E-6	
077:1FD	119	509	1	1.5639484888064346	0.006084965052400825	1.6115449521700806E-6	
04A:FDB	74	4059	1	2.030258189696019	0.006276360855616825	1.3417719073195587E-6	
2DB:FFF	731	4095	1	2.0276153927800125	0.006337802305053913	5.494034208808731E-6	
067:FDF	103	4063	1	2.0269401621270315	0.006273115678636287	2.1176464626518165E-6	
00A:FF6	10	4086	1	2.0274686865370537	0.006321700404982324	1.0490435139285317E-6	
007:FF7	7	4087	1	1.7690583449440898	0.0055175392387519	1.6327247511485939E-6	
07F:1FF	127	511	1	2.0160886898969976	0.007998958839502569	3.0898219386949615E-6	
815:FFF	2069	4095	1	2.023819473390653	0.006325965339314134	1.4514001056139529E-5	
83F:07F	2111	127	1	1.3964893427595988	0.0055284484999567314	6.9781572247134146E-6	
015:FAF	21	4015	1	2.0223648680325734	0.006162676870386268	1.334746988899114E-6	
002:FEF	2	4079	1	1.994199322966449	0.00620224374871749	9.607878532163668E-7	
01B:FDF	27	4063	1	1.4689222941199722	0.004546121269699367	9.445838817229378E-7	
003:FE7	3	4071	1	1.9092066475344094	0.005923696518528464	1.1200106306518089E-6	
203:FD7	515	4055	1	1.7574957028851155	0.005427398554065478	2.703651245315524E-6	
1F7:FDF	503	4063	1	2.019828815833873	0.006251119300825356	6.105112387555852E-6	
17F:B7B	383	2939	1	1.923173553529937	0.0045546550938760835	2.3149608727981924E-6	
005:FEF	5	4079	1	2.0201167913442384	0.0062828516292073545	1.25215112170026E-6	
003:BDF	3	3039	1	2.0072582395832703	0.004906944726583079	1.2396362801764078E-6	
00E:FF5	14	4085	1	1.817622200430356	0.005665834787382298	1.5732536651280053E-6	
043:FED	67	4077	1	2.0200868598982873	0.00627926617542566	1.202906290340235E-6	
3EE:BFF	1006	3071	1	2.0061288537254667	0.005050940367983414	7.908629982499128E-6	
1FF:FDA	511	4058	1	2.015463493414207	0.006228893767846962	6.340324814764586E-6	
015:EFF	21	3839	1	2.012863133734034	0.005854193614661592	1.3226015655545945E-6	
07F:03F	127	63	1	2.007147210286888	0.007488945225773431	3.063893393459356E-6	
002:FBF	2	4031	1	1.6410058057794639	0.005022368796164311	6.5065926859996E-7	
003:FFB	3	4091	1	2.015926872345118	0.006294127744842771	1.2486735333443386E-6	
042:DFF	66	3583	1	2.0108628350249	0.005633679096799629	1.1773003754166019E-6	
047:FDF	71	4063	1	1.0340780184406004	0.0032003344016515015	3.28954117369129E-7	
143:FFD	323	4093	1	2.014974649790137	0.006294761714930201	1.6555530310025445E-6	
1FB:FCF	507	4047	1	2.0107417869727144	0.006195178462011675	6.2428785777740734E-6	
1F7:1FD	503	509	1	2.008302600609916	0.0078138602772897	6.025915785446456E-6	
17E:9FB	382	2555	1	1.9998318613603818	0.004372049141930827	2.488130389552689E-6	
235:FFF	565	4095	1	2.01123170741767	0.006286585927091246	3.777022324379665E-6	
014:EFF	20	3839	1	2.008851476955258	0.005842525794261263	1.1983137861349345E-6	
107:00B	263	11	1	2.012251181313412	0.00913953490512114	1.2111784851385182E-6	
0D7:FFE	215	4094	1	1.5739583119476346	0.004918382476638755	1.2000019545141313E-6	
075:FFB	117	4091	1	2.0060852515763	0.006263404393651269	2.5794281334564298E-6	
027:17F	39	383	1	2.0019476865390238	0.006676870858811812	1.422086696601192E-6	
003:FBF	3	4031	1	2.0056391526937203	0.00613834617097856	1.2361139642874264E-6	
003:BDD	3	3037	1	2.000609804106257	0.004885212920306727	1.2314447759325952E-6	
08B:FDD	139	4061	1	2.005875456769141	0.006204471176245891	1.0391830027324608E-6	
046:FD7	70	4055	1	1.6992119050295085	0.0052474044985169185	8.772576866455222E-7	
016:FCF	22	4047	1	2.005782628674042	0.006179884660649702	1.525602945373556E-6	
003:F55	3	3925	1	1.971747753421468	0.005858949795860132	1.194903962316315E-6	
4B7:1FF	1207	511	1	2.004026980853557	0.007951123533413868	8.191084181105922E-6	
0FF:1FD	255	509	1	2.003728689873883	0.007796052183379664	2.8970509876494667E-6	
13F:FFF	319	4095	1	2.0020876386550066	0.006257997493703644	1.681655898154084E-6	
117:FEF	279	4079	1	2.0020196926942972	0.006226567163933013	1.2716400887192034E-6	
237:87F	567	2175	1	1.995347998799327	0.0032518717901130327	3.7374821449243288E-6	
007:006	7	6	1	2.002210134148453	0.007131720038563375	2.089490092401016E-6	
006:FD5	6	4053	1	2.0019136796320782	0.006178752135829167	1.6507257057812804E-6	
20A:FD7	522	4055	1	1.2295199057145243	0.003796931928637969	1.3339254133258504E-6	
04B:DDF	75	3551	1	2.000176059434753	0.005403815712796236	1.3981493178275834E-6	
0B6:1FF	182	511	1	2.0019170755054043	0.007942726984218362	1.786529171646507E-6	
037:1FB	55	507	1	2.0015956143483558	0.0076207551240324	2.2431181464794487E-6	
137:DF7	311	3575	1	1.9995661503862827	0.005584533916776406	1.5926278222030178E-6	
115:01F	277	31	1	2.0017415694444045	0.007766167832421516	1.2615445691366994E-6	
106:012	262	18	1	1.9990836012619746	0.00510013643479442	1.1962837163166233E-6	

